Método usado: LUUS JAAKOLA

POSIÇÃO	ÁREA(mm²)	CUSTO

1	1.000000000000000e+00	12
2	1.000000000000000e+00	48
3	1.000000000000000e+00	14
4	1.000000000000000e+00	8
5	1.000000000000000e+00	6
6	1.000000000000000e+00	2
7	1.000000000000000e+00	6
8	1.000000000000000e+00	6
9	1.000000000000000e+00	4
10	1.000000000000000e+00	12
11	1.000000000000000e+00	4
12	1.000000000000000e+00	16
13	1.000000000000000e+00	4
14	1.000000000000000e+00	16
15	1.000000000000000e+00	2
16	1.000000000000000e+00	44
17	1.000000000000000e+00	6
18	1.000000000000000e+00	8
19	1.000000000000000e+00	8
20	1.000000000000000e+00	24
21	1.000000000000000e+00	2
22	1.000000000000000e+00	4
23	1.000000000000000e+00	10
24	1.000000000000000e+00	2
25	1.000000000000000e+00	18
26	1.000000000000000e+00	4
27	1.000000000000000e+00	6
28	1.000000000000000e+00	6
29	1.000000000000000e+00	4
30	1.000000000000000e+00	18
31	1.000000000000000e+00	14
32	1.000000000000000e+00	2
33	1.000000000000000e+00	16
34	1.000000000000000e+00	28
35	1.000000000000000e+00	16
36	1.000000000000000e+00	10
37	1.000000000000000e+00	4
38	1.000000000000000e+00	6
39	1.000000000000000e+00	8
40	1.000000000000000e+00	24
41	1.000000000000000e+00	16
42	1.000000000000000e+00	22
43	1.000000000000000e+00	4
44	1.000000000000000e+00	36
45	1.000000000000000e+00	36
46	1.000000000000000e+00	12
47	1.000000000000000e+00	6
48	1.000000000000000e+00	20
49	1.000000000000000e+00	18
50	1.000000000000000e+00	8
51	1.000000000000000e+00	20
52	1.000000000000000e+00	18
53	1.000000000000000e+00	10
54	1.000000000000000e+00	38
55	1.000000000000000e+00	2
56	1.000000000000000e+00	10
57	1.000000000000000e+00	14
58	1.000000000000000e+00	38
59	1.000000000000000e+00	8
60	1.000000000000000e+00	4
61	1.000000000000000e+00	4
62	1.000000000000000e+00	18
63	1.000000000000000e+00	8
64	1.000000000000000e+00	36
65	1.000000000000000e+00	6
66	1.000000000000000e+00	6
67	1.000000000000000e+00	8
68	1.000000000000000e+00	40
69	1.000000000000000e+00	4
70	1.000000000000000e+00	12
71	1.000000000000000e+00	4
72	1.000000000000000e+00	8
73	1.000000000000000e+00	38
74	1.000000000000000e+00	2
75	1.000000000000000e+00	4
76	1.000000000000000e+00	18
77	1.000000000000000e+00	8
78	1.000000000000000e+00	18
79	1.000000000000000e+00	4
80	1.000000000000000e+00	26
81	1.000000000000000e+00	10
82	1.000000000000000e+00	14
83	1.000000000000000e+00	8
84	1.000000000000000e+00	20
85	1.000000000000000e+00	16
86	1.000000000000000e+00	32
87	1.000000000000000e+00	18
88	1.000000000000000e+00	18
89	1.000000000000000e+00	22
90	1.000000000000000e+00	28
91	1.000000000000000e+00	2
92	1.000000000000000e+00	16
93	1.000000000000000e+00	18
94	1.000000000000000e+00	26
95	1.000000000000000e+00	10
96	1.000000000000000e+00	4
97	1.000000000000000e+00	40
98	1.000000000000000e+00	16
99	1.000000000000000e+00	36
100	1.000000000000000e+00	6
101	1.000000000000000e+00	16
102	1.000000000000000e+00	2
103	1.000000000000000e+00	14
104	1.000000000000000e+00	10
105	1.000000000000000e+00	14
106	1.000000000000000e+00	8
107	1.000000000000000e+00	4
108	1.000000000000000e+00	4
109	1.000000000000000e+00	14
110	1.000000000000000e+00	18
111	1.000000000000000e+00	18
112	1.000000000000000e+00	16
113	1.000000000000000e+00	24
114	1.000000000000000e+00	12
115	1.000000000000000e+00	20
116	1.000000000000000e+00	2
117	1.000000000000000e+00	14
118	1.000000000000000e+00	10
119	1.000000000000000e+00	20
120	1.000000000000000e+00	24
121	1.000000000000000e+00	8
122	1.000000000000000e+00	4
123	1.000000000000000e+00	6
124	1.000000000000000e+00	28
125	1.000000000000000e+00	6
126	1.000000000000000e+00	2
127	1.000000000000000e+00	22
128	1.000000000000000e+00	2
129	1.000000000000000e+00	36
130	1.000000000000000e+00	10
131	1.000000000000000e+00	14
132	1.000000000000000e+00	12
133	1.000000000000000e+00	6
134	1.000000000000000e+00	12
135	1.000000000000000e+00	10
136	1.000000000000000e+00	16
137	1.000000000000000e+00	10
138	1.000000000000000e+00	10
139	1.000000000000000e+00	10
140	1.000000000000000e+00	4
141	1.000000000000000e+00	8
142	1.000000000000000e+00	32
143	1.000000000000000e+00	4
144	1.000000000000000e+00	2
145	1.000000000000000e+00	6
146	1.000000000000000e+00	2
147	1.000000000000000e+00	8
148	1.000000000000000e+00	4
149	1.000000000000000e+00	6
150	1.000000000000000e+00	4
151	1.000000000000000e+00	16
152	1.000000000000000e+00	16
153	1.000000000000000e+00	16
154	1.000000000000000e+00	24
155	1.000000000000000e+00	26
156	1.000000000000000e+00	4
157	1.000000000000000e+00	36
158	1.000000000000000e+00	4
159	1.000000000000000e+00	14
160	1.000000000000000e+00	14
161	1.000000000000000e+00	4
162	1.000000000000000e+00	10
163	1.000000000000000e+00	4
164	1.000000000000000e+00	2
165	1.000000000000000e+00	8
166	1.000000000000000e+00	18
167	1.000000000000000e+00	14
168	1.000000000000000e+00	16
169	1.000000000000000e+00	18
170	1.000000000000000e+00	2
171	1.000000000000000e+00	16
172	1.000000000000000e+00	36
173	1.000000000000000e+00	6
174	1.000000000000000e+00	18
175	1.000000000000000e+00	12
176	1.000000000000000e+00	8
177	1.000000000000000e+00	18
178	1.000000000000000e+00	12
179	1.000000000000000e+00	20
180	1.000000000000000e+00	20
181	1.000000000000000e+00	4
182	1.000000000000000e+00	12
183	1.000000000000000e+00	8
184	1.000000000000000e+00	14
185	1.000000000000000e+00	36
186	1.000000000000000e+00	42
187	1.000000000000000e+00	32
188	1.000000000000000e+00	2
189	1.000000000000000e+00	2
190	1.000000000000000e+00	16
191	1.000000000000000e+00	6
192	1.000000000000000e+00	30
193	1.000000000000000e+00	22
194	1.000000000000000e+00	14
195	1.000000000000000e+00	34
196	1.000000000000000e+00	2
197	1.000000000000000e+00	4
198	1.000000000000000e+00	22
199	1.000000000000000e+00	16
200	1.000000000000000e+00	20
201	1.000000000000000e+00	16
202	1.000000000000000e+00	12
203	1.000000000000000e+00	4
204	1.000000000000000e+00	2
205	1.000000000000000e+00	6
206	1.000000000000000e+00	22
207	1.000000000000000e+00	2
208	1.000000000000000e+00	12
209	1.000000000000000e+00	12
210	1.000000000000000e+00	18
211	1.000000000000000e+00	12
212	1.000000000000000e+00	8
213	1.000000000000000e+00	20
214	1.000000000000000e+00	26
215	1.000000000000000e+00	4
216	1.000000000000000e+00	2
217	1.000000000000000e+00	8
218	1.000000000000000e+00	8
219	1.000000000000000e+00	32
220	1.000000000000000e+00	4
221	1.000000000000000e+00	6
222	1.000000000000000e+00	16
223	1.000000000000000e+00	2
224	1.000000000000000e+00	4
225	1.000000000000000e+00	10
226	1.000000000000000e+00	24
227	1.000000000000000e+00	14
228	1.000000000000000e+00	6
229	1.000000000000000e+00	2
230	1.000000000000000e+00	16
231	1.000000000000000e+00	6
232	1.000000000000000e+00	4
233	1.000000000000000e+00	8
234	1.000000000000000e+00	6
235	1.000000000000000e+00	6
236	1.000000000000000e+00	18
237	1.000000000000000e+00	6
238	1.000000000000000e+00	4
239	1.000000000000000e+00	8
240	1.000000000000000e+00	2
241	1.000000000000000e+00	6
242	1.000000000000000e+00	12
243	1.000000000000000e+00	10
244	1.000000000000000e+00	6
245	1.000000000000000e+00	6
246	1.000000000000000e+00	8
247	1.000000000000000e+00	4
248	1.000000000000000e+00	18
249	1.000000000000000e+00	14
250	1.000000000000000e+00	8
251	1.000000000000000e+00	8
252	1.000000000000000e+00	4
253	1.000000000000000e+00	6
254	1.000000000000000e+00	18
255	1.000000000000000e+00	20
256	1.000000000000000e+00	12
257	1.000000000000000e+00	22
258	1.000000000000000e+00	6
259	1.000000000000000e+00	28
260	1.000000000000000e+00	6
261	1.000000000000000e+00	2
262	1.000000000000000e+00	20
263	1.000000000000000e+00	6
264	1.000000000000000e+00	26
265	1.000000000000000e+00	10
266	1.000000000000000e+00	28
267	1.000000000000000e+00	44
268	1.000000000000000e+00	6
269	1.000000000000000e+00	8
270	1.000000000000000e+00	16
271	1.000000000000000e+00	6
272	1.000000000000000e+00	6
273	1.000000000000000e+00	36
274	1.000000000000000e+00	22
275	1.000000000000000e+00	10
276	1.000000000000000e+00	4
277	1.000000000000000e+00	4
278	1.000000000000000e+00	22
279	1.000000000000000e+00	20
280	1.000000000000000e+00	6
281	1.000000000000000e+00	12
282	1.000000000000000e+00	4
283	1.000000000000000e+00	18
284	1.000000000000000e+00	20
285	1.000000000000000e+00	24
286	1.000000000000000e+00	2
287	1.000000000000000e+00	14
288	1.000000000000000e+00	8
289	1.000000000000000e+00	10
290	1.000000000000000e+00	6
291	1.000000000000000e+00	18
292	1.000000000000000e+00	2
293	1.000000000000000e+00	30
294	1.000000000000000e+00	6
295	1.000000000000000e+00	24
296	1.000000000000000e+00	6
297	1.000000000000000e+00	6
298	1.000000000000000e+00	4
299	1.000000000000000e+00	4
300	1.000000000000000e+00	18
301	1.000000000000000e+00	4
302	1.000000000000000e+00	4
303	1.000000000000000e+00	32
304	1.000000000000000e+00	4
305	1.000000000000000e+00	4
306	1.000000000000000e+00	16
307	1.000000000000000e+00	6
308	1.000000000000000e+00	24
309	1.000000000000000e+00	24
310	1.000000000000000e+00	24
311	1.000000000000000e+00	18
312	1.000000000000000e+00	4
313	1.000000000000000e+00	6
314	1.000000000000000e+00	4
315	1.000000000000000e+00	40
316	1.000000000000000e+00	2
317	1.000000000000000e+00	4
318	1.000000000000000e+00	6
319	1.000000000000000e+00	20
320	1.000000000000000e+00	2
321	1.000000000000000e+00	4
322	1.000000000000000e+00	10
323	1.000000000000000e+00	8
324	1.000000000000000e+00	8
325	1.000000000000000e+00	4
326	1.000000000000000e+00	4
327	1.000000000000000e+00	30
328	1.000000000000000e+00	10
329	1.000000000000000e+00	2
330	1.000000000000000e+00	10
331	1.000000000000000e+00	12
332	1.000000000000000e+00	4
333	1.000000000000000e+00	4
334	1.000000000000000e+00	4
335	1.000000000000000e+00	14
336	1.000000000000000e+00	28
337	1.000000000000000e+00	10
338	1.000000000000000e+00	2
339	1.000000000000000e+00	28
340	1.000000000000000e+00	14
341	1.000000000000000e+00	2
342	1.000000000000000e+00	4
343	1.000000000000000e+00	4
344	1.000000000000000e+00	22
345	1.000000000000000e+00	26
346	1.000000000000000e+00	36
347	1.000000000000000e+00	24
348	1.000000000000000e+00	16
349	1.000000000000000e+00	6
350	1.000000000000000e+00	4
351	1.000000000000000e+00	8
352	9.499887601545784e-01	312
353	8.999728293342488e-01	240
354	8.499667280930103e-01	222
355	7.999559984543810e-01	246
356	7.499526728083022e-01	244
357	6.999547718900949e-01	206
358	6.499685181014885e-01	264
359	5.999688626804842e-01	352
360	5.499750636984814e-01	274
361	4.999698307507213e-01	238
362	4.999678372516783e-01	330
363	5.249667822354662e-01	298
364	5.499558423029056e-01	224
365	5.749550442273883e-01	300
366	5.999559447836341e-01	226
367	6.249417335901669e-01	260
368	6.499507111231294e-01	264
369	6.749414453312986e-01	256
370	6.999301479221558e-01	322
371	7.249309160785254e-01	338
372	7.499188892078947e-01	270
373	7.999142004620851e-01	292
374	8.499211074815718e-01	290
375	8.999261223902273e-01	200
376	9.499295494686790e-01	292
377	9.999365381948230e-01	286
378	9.999323241106244e-01	244
379	9.999240066035130e-01	248
380	9.999336546679972e-01	178
381	9.999517531808879e-01	220
382	9.999591202320947e-01	224
383	9.999484149198051e-01	262
384	9.999339677063829e-01	192
385	9.999368720438386e-01	334
386	9.999555847519300e-01	200
387	9.999538033853856e-01	248
388	9.999735204113578e-01	254
389	9.999769043080735e-01	304
390	9.999838694221668e-01	214
391	1.000000000000000e+00	2
392	1.000000000000000e+00	2
393	1.000000000000000e+00	18
394	1.000000000000000e+00	16
395	1.000000000000000e+00	4
396	1.000000000000000e+00	6
397	1.000000000000000e+00	6
398	1.000000000000000e+00	10
399	1.000000000000000e+00	2
400	1.000000000000000e+00	4
401	1.000000000000000e+00	2
402	1.000000000000000e+00	14
403	1.000000000000000e+00	6
404	1.000000000000000e+00	20
405	1.000000000000000e+00	16
406	1.000000000000000e+00	2
407	1.000000000000000e+00	6
408	1.000000000000000e+00	2
409	1.000000000000000e+00	14
410	1.000000000000000e+00	2
411	1.000000000000000e+00	8
412	1.000000000000000e+00	14
413	1.000000000000000e+00	6
414	1.000000000000000e+00	8
415	1.000000000000000e+00	10
416	1.000000000000000e+00	20
417	1.000000000000000e+00	4
418	1.000000000000000e+00	16
419	1.000000000000000e+00	12
420	1.000000000000000e+00	6
421	1.000000000000000e+00	12
422	1.000000000000000e+00	24
423	1.000000000000000e+00	18
424	1.000000000000000e+00	40
425	1.000000000000000e+00	16
426	1.000000000000000e+00	8
427	1.000000000000000e+00	12
428	1.000000000000000e+00	6
429	1.000000000000000e+00	32
430	1.000000000000000e+00	34
431	1.000000000000000e+00	18
432	1.000000000000000e+00	12
433	1.000000000000000e+00	16
434	1.000000000000000e+00	8
435	1.000000000000000e+00	6
436	1.000000000000000e+00	2
437	1.000000000000000e+00	18
438	1.000000000000000e+00	40
439	1.000000000000000e+00	2
440	1.000000000000000e+00	16
441	1.000000000000000e+00	4
442	1.000000000000000e+00	8
443	1.000000000000000e+00	2
444	1.000000000000000e+00	26
445	1.000000000000000e+00	14
446	1.000000000000000e+00	2
447	1.000000000000000e+00	2
448	1.000000000000000e+00	24
449	1.000000000000000e+00	2
450	1.000000000000000e+00	6
451	1.000000000000000e+00	12
452	1.000000000000000e+00	10
453	1.000000000000000e+00	2
454	1.000000000000000e+00	4
455	1.000000000000000e+00	10
456	1.000000000000000e+00	4
457	1.000000000000000e+00	10
458	1.000000000000000e+00	2
459	1.000000000000000e+00	28
460	1.000000000000000e+00	12
461	1.000000000000000e+00	6
462	1.000000000000000e+00	10
463	1.000000000000000e+00	8
464	1.000000000000000e+00	12
465	1.000000000000000e+00	8
466	1.000000000000000e+00	24
467	1.000000000000000e+00	28
468	1.000000000000000e+00	4
469	1.000000000000000e+00	6
470	1.000000000000000e+00	6
471	1.000000000000000e+00	12
472	1.000000000000000e+00	6
473	1.000000000000000e+00	12
474	1.000000000000000e+00	10
475	1.000000000000000e+00	14
476	1.000000000000000e+00	12
477	1.000000000000000e+00	10
478	1.000000000000000e+00	4
479	1.000000000000000e+00	8
480	1.000000000000000e+00	22
481	1.000000000000000e+00	6
482	1.000000000000000e+00	14
483	1.000000000000000e+00	16
484	1.000000000000000e+00	12
485	1.000000000000000e+00	10
486	1.000000000000000e+00	4
487	1.000000000000000e+00	4
488	1.000000000000000e+00	4
489	1.000000000000000e+00	12
490	1.000000000000000e+00	4
491	1.000000000000000e+00	8
492	1.000000000000000e+00	2
493	1.000000000000000e+00	14
494	1.000000000000000e+00	8
495	1.000000000000000e+00	10
496	1.000000000000000e+00	4
497	1.000000000000000e+00	4
498	1.000000000000000e+00	2
499	1.000000000000000e+00	8
500	1.000000000000000e+00	4
501	1.000000000000000e+00	16
502	1.000000000000000e+00	2
503	1.000000000000000e+00	22
504	1.000000000000000e+00	12
505	1.000000000000000e+00	22
506	1.000000000000000e+00	20
507	1.000000000000000e+00	4
508	1.000000000000000e+00	6
509	1.000000000000000e+00	20
510	1.000000000000000e+00	20
511	1.000000000000000e+00	44
512	1.000000000000000e+00	32
513	1.000000000000000e+00	2
514	1.000000000000000e+00	10
515	1.000000000000000e+00	18
516	1.000000000000000e+00	6
517	1.000000000000000e+00	10
518	1.000000000000000e+00	4
519	1.000000000000000e+00	14
520	1.000000000000000e+00	2
521	1.000000000000000e+00	18
522	1.000000000000000e+00	8
523	1.000000000000000e+00	2
524	1.000000000000000e+00	16
525	1.000000000000000e+00	4
526	1.000000000000000e+00	12
527	1.000000000000000e+00	14
528	1.000000000000000e+00	12
529	1.000000000000000e+00	2
530	1.000000000000000e+00	6
531	1.000000000000000e+00	10
532	1.000000000000000e+00	18
533	1.000000000000000e+00	12
534	1.000000000000000e+00	26
535	1.000000000000000e+00	36
536	1.000000000000000e+00	6
537	1.000000000000000e+00	24
538	1.000000000000000e+00	10
539	1.000000000000000e+00	16
540	1.000000000000000e+00	10
541	1.000000000000000e+00	6
542	1.000000000000000e+00	38
543	1.000000000000000e+00	14
544	1.000000000000000e+00	10
545	1.000000000000000e+00	4
546	1.000000000000000e+00	16
547	1.000000000000000e+00	8
548	1.000000000000000e+00	18
549	1.000000000000000e+00	10
550	1.000000000000000e+00	4
551	1.000000000000000e+00	4
552	1.000000000000000e+00	12
553	1.000000000000000e+00	14
554	1.000000000000000e+00	4
555	1.000000000000000e+00	16
556	1.000000000000000e+00	14
557	1.000000000000000e+00	10
558	1.000000000000000e+00	22
559	1.000000000000000e+00	6
560	1.000000000000000e+00	10
561	1.000000000000000e+00	8
562	1.000000000000000e+00	18
563	1.000000000000000e+00	2
564	1.000000000000000e+00	6
565	1.000000000000000e+00	26
566	1.000000000000000e+00	8
567	1.000000000000000e+00	20
568	1.000000000000000e+00	14
569	1.000000000000000e+00	16
570	1.000000000000000e+00	16
571	1.000000000000000e+00	20
572	1.000000000000000e+00	6
573	1.000000000000000e+00	6
574	1.000000000000000e+00	12
575	1.000000000000000e+00	10
576	1.000000000000000e+00	10
577	1.000000000000000e+00	14
578	1.000000000000000e+00	10
579	1.000000000000000e+00	8
580	1.000000000000000e+00	12
581	1.000000000000000e+00	2
582	1.000000000000000e+00	26
583	1.000000000000000e+00	16
584	1.000000000000000e+00	8
585	1.000000000000000e+00	16
586	1.000000000000000e+00	2
587	1.000000000000000e+00	2
588	1.000000000000000e+00	42
589	1.000000000000000e+00	26
590	1.000000000000000e+00	16
591	1.000000000000000e+00	10
592	1.000000000000000e+00	8
593	1.000000000000000e+00	2
594	1.000000000000000e+00	30
595	1.000000000000000e+00	18
596	1.000000000000000e+00	28
597	1.000000000000000e+00	12
598	1.000000000000000e+00	22
599	1.000000000000000e+00	20
600	1.000000000000000e+00	6
601	1.000000000000000e+00	28
602	1.000000000000000e+00	8
603	1.000000000000000e+00	4
604	1.000000000000000e+00	10
605	1.000000000000000e+00	6
606	1.000000000000000e+00	16
607	1.000000000000000e+00	8
608	1.000000000000000e+00	4
609	1.000000000000000e+00	6
610	1.000000000000000e+00	20
611	1.000000000000000e+00	18
612	1.000000000000000e+00	22
613	1.000000000000000e+00	2
614	1.000000000000000e+00	4
615	1.000000000000000e+00	14
616	1.000000000000000e+00	12
617	1.000000000000000e+00	2
618	1.000000000000000e+00	8
619	1.000000000000000e+00	18
620	1.000000000000000e+00	10
621	1.000000000000000e+00	12
622	1.000000000000000e+00	10
623	1.000000000000000e+00	8
624	1.000000000000000e+00	4
625	1.000000000000000e+00	2
626	1.000000000000000e+00	2
627	1.000000000000000e+00	8
628	1.000000000000000e+00	12
629	1.000000000000000e+00	22
630	1.000000000000000e+00	16
631	1.000000000000000e+00	14
632	1.000000000000000e+00	8
633	1.000000000000000e+00	6
634	1.000000000000000e+00	4
635	1.000000000000000e+00	12
636	1.000000000000000e+00	4
637	1.000000000000000e+00	8
638	1.000000000000000e+00	6
639	1.000000000000000e+00	10
640	1.000000000000000e+00	42
641	1.000000000000000e+00	16
642	1.000000000000000e+00	8
643	1.000000000000000e+00	6
644	1.000000000000000e+00	34
645	1.000000000000000e+00	20
646	1.000000000000000e+00	2
647	1.000000000000000e+00	12
648	1.000000000000000e+00	6
649	1.000000000000000e+00	24
650	1.000000000000000e+00	22
651	9.703916492124022e-01	194
652	9.373886754876048e-01	272
653	9.055729473436183e-01	288
654	8.749643193335068e-01	128
655	8.455672144893041e-01	200
656	8.173528425513106e-01	168
657	7.903494297268218e-01	244
658	7.645447923793358e-01	246
659	7.399410401365396e-01	270
660	7.165553209809227e-01	252
661	6.943539341562136e-01	286
662	6.733674521275059e-01	310
663	6.535745051980710e-01	302
664	6.349863787717643e-01	258
665	6.175954039010676e-01	334
666	6.013851481084106e-01	166
667	5.863879944091143e-01	218
668	5.725853794914010e-01	294
669	5.599851891741582e-01	218
670	5.485834522100511e-01	294
671	5.383796299743215e-01	248
672	5.293723920943376e-01	246
673	5.215650404851856e-01	238
674	5.149600636354250e-01	306
675	5.095584190227674e-01	194
676	5.053674447833785e-01	284
677	5.023594853038671e-01	294
678	5.005643611722530e-01	280
679	4.999548920078716e-01	230
680	5.005478475680752e-01	214
681	5.023464309358627e-01	282
682	5.053480899542108e-01	246
683	5.095431447636208e-01	312
684	5.149504226985648e-01	234
685	5.215578662210580e-01	202
686	5.293534858721806e-01	306
687	5.383477629638325e-01	298
688	5.485574066290123e-01	298
689	5.599464163462299e-01	320
690	5.725432190309593e-01	322
691	5.863506121243670e-01	326
692	6.013397191631813e-01	240
693	6.175286422219624e-01	258
694	6.349254463543198e-01	278
695	6.535202453429462e-01	288
696	6.733089920294046e-01	158
697	6.943050870256499e-01	238
698	7.165070187096546e-01	198
699	7.399011662958347e-01	262
700	7.644866598968629e-01	296
701	7.902829547564395e-01	238
702	8.172763237950439e-01	280
703	8.454559523242413e-01	254
704	8.748446040843175e-01	272
705	9.054400336660992e-01	132
706	9.372290171596988e-01	248
707	9.998174946000968e-01	324
708	9.998317714627001e-01	224
709	9.998433995730706e-01	92
710	9.998371826324021e-01	278
711	9.998342819465553e-01	290
712	9.998450882740445e-01	286
713	9.998578224654251e-01	204
714	9.998493194120197e-01	308
715	9.998306334088860e-01	202
716	9.998323028201528e-01	264
717	9.998347798299687e-01	286
718	9.998231738768265e-01	242
719	9.998205093736261e-01	230
720	9.998139915809556e-01	184
721	9.998015025908973e-01	322
722	9.998128601912150e-01	220
723	9.998160130014941e-01	276
724	9.998324442984424e-01	320
725	9.998446167189901e-01	238
726	9.998601664102975e-01	266
727	9.998776523030213e-01	236
728	9.998930845233862e-01	250
729	9.998864714769460e-01	242
730	9.998945256597701e-01	282
731	9.998848770120521e-01	238
732	9.998924604951255e-01	316
733	9.999093463809261e-01	270
734	9.999111402217802e-01	256
735	9.999283111143478e-01	300
736	9.999264432224105e-01	154
737	9.999389025488833e-01	288
738	9.999599339519700e-01	236
739	9.999434883066929e-01	182
740	9.999548195897480e-01	276
741	9.999618474710495e-01	262
742	9.999516421861154e-01	264
743	9.999353318314675e-01	262
744	9.999442329917299e-01	310
745	9.999450565047022e-01	238
746	9.999469639019658e-01	294
747	9.999478937006799e-01	224
748	9.999631893003684e-01	218
749	9.999462464043890e-01	176
750	9.999275916255886e-01	158
751	9.999431329730856e-01	234
752	9.999360371314832e-01	312
753	9.999274120008066e-01	322
754	9.999159387235163e-01	138
755	9.999187561759432e-01	314
756	9.999259274516406e-01	190
757	9.999395153734776e-01	276
758	9.999333723636559e-01	210
759	9.999258884203426e-01	146
760	9.999242969780667e-01	228
761	9.999214149220103e-01	312
762	9.999099812832407e-01	256
763	9.998940037921682e-01	316
764	9.998766290969533e-01	300
765	9.998715562199744e-01	226
766	9.998619877378526e-01	248
767	9.998605264518174e-01	232
768	9.998397838202813e-01	312
769	9.998438513387671e-01	318
770	9.998357351930408e-01	262
771	9.998473264317949e-01	300
772	9.998646208398992e-01	286
773	9.998763156053921e-01	240
774	9.998963938704500e-01	136
775	9.998866747733532e-01	298
776	9.998942209522474e-01	300
777	9.998962250898785e-01	254
778	9.999103833502546e-01	266
779	9.999055951215740e-01	270
780	9.999255327648834e-01	302
781	9.999342789175433e-01	296
782	9.999233894626410e-01	298
783	9.999057501028972e-01	322
784	9.999098024374844e-01	140
785	9.999298009233618e-01	258
786	9.999215890025206e-01	208
787	9.999135056483685e-01	78
788	9.999143973274370e-01	286
789	9.999257553300368e-01	292
790	9.999311186202204e-01	214
791	9.999160306305968e-01	328
792	9.999254650091195e-01	302
793	9.999154055293592e-01	296
794	9.999118471654047e-01	248
795	9.999217318764614e-01	112
796	9.999411696952186e-01	250
797	9.999304224815851e-01	288
798	9.999179312056605e-01	266
799	9.999193761378362e-01	150
800	9.999239276722302e-01	286
801	9.999262231296551e-01	318
802	9.999308076048661e-01	290
803	9.999171899683760e-01	306
804	9.998973541987149e-01	254
805	9.998787192001061e-01	296
806	9.998739576446235e-01	252
807	9.998545541948838e-01	294
808	9.998638824106678e-01	250
809	9.998483553591220e-01	314
810	9.998624451497203e-01	186
811	9.998558425016199e-01	304
812	9.998635875591008e-01	308
813	9.998527309566262e-01	234
814	9.998502191885553e-01	296
815	9.998571500761719e-01	316
816	9.998717209231022e-01	274
817	9.998773376907454e-01	268
818	9.998686993491042e-01	316
819	9.998805083481088e-01	288
820	9.998995525213820e-01	230
821	9.998953799837998e-01	232
822	9.999079831513493e-01	282
823	9.999005647019635e-01	226
824	9.999141277270860e-01	268
825	9.999174208455351e-01	202
826	9.999215092067913e-01	300
827	9.999108390145870e-01	318
828	9.998956568874331e-01	252
829	9.998920988162548e-01	306
830	9.998826040919425e-01	300
831	9.998714557043439e-01	262
832	9.998755547938126e-01	250
833	9.998787928612571e-01	284
834	9.998803015712275e-01	268
835	9.998925181513669e-01	126
836	9.998776975388870e-01	210
837	9.998658855098480e-01	214
838	9.998768809020834e-01	240
839	9.998905109103443e-01	312
840	9.998741518974242e-01	276
841	9.998610690074569e-01	214
842	9.998541699587349e-01	300
843	9.998374939000040e-01	308
844	9.998446005833224e-01	162
845	9.998251527925601e-01	236
846	9.998155789727752e-01	192
847	9.998288778364235e-01	274
848	9.998168189347165e-01	298
849	9.998107835783264e-01	188
850	9.998266993826915e-01	290
851	9.998178809449031e-01	292
852	9.998326580502219e-01	230
853	9.998297579831122e-01	250
854	9.998119621709656e-01	210
855	9.998213469085696e-01	280
856	9.998188637544225e-01	310
857	9.998374190224991e-01	316
858	9.998559778062467e-01	208
859	9.998485622319819e-01	218
860	9.998676925107359e-01	218
861	9.998773574595013e-01	268
862	9.998831760323467e-01	256
863	9.998830243708285e-01	156
864	9.998774097160222e-01	206
865	9.998940720624869e-01	276
866	9.998803222368928e-01	288
867	9.998891301796031e-01	284
868	9.998717519706227e-01	216
869	9.998785394054983e-01	212
870	9.998667562335457e-01	258
871	9.998757705186145e-01	246
872	9.998585014315191e-01	326
873	9.998735731821682e-01	158
874	9.998763892391973e-01	254
875	9.998597803915705e-01	260
876	9.998420475476363e-01	290
877	9.998555753014881e-01	278
878	9.998741527520483e-01	282
879	9.998607827940786e-01	324
880	9.998645500518099e-01	196
881	9.998770484091050e-01	256
882	9.998642013929074e-01	300
883	9.998463183952419e-01	182
884	9.998284077091492e-01	246
885	9.998113438429853e-01	308
886	9.998078321853020e-01	232
887	9.997958297569136e-01	198
888	9.997860800765679e-01	272
889	9.997921943597240e-01	240
890	9.997829856382691e-01	248
891	9.997849157248294e-01	278
892	9.997894565878802e-01	268
893	9.998069620247959e-01	240
894	9.998002721535497e-01	254
895	9.998149759697128e-01	294
896	9.998303083407505e-01	296
897	9.998391838027050e-01	286
898	9.998575129502980e-01	206
899	9.998496661445985e-01	282
900	9.998580414371375e-01	204
901	9.998572705689867e-01	184
902	9.998757279909597e-01	246
903	9.998608331414480e-01	258
904	9.998761729247871e-01	298
905	9.998656566081969e-01	330
906	9.998516117648328e-01	252
907	9.998438997463940e-01	228
908	9.998490173662993e-01	248
909	9.998311392186100e-01	308
910	9.998217481046141e-01	246
911	9.998135491505116e-01	294
912	9.998220277557681e-01	264
913	9.998391297059900e-01	178
914	9.998251480469063e-01	272
915	9.998315153145975e-01	280
916	9.998464642017322e-01	204
917	9.998472806119567e-01	268
918	9.998280762843740e-01	322
919	9.998116578747284e-01	288
920	9.998210684429275e-01	284
921	9.998240180171074e-01	256
922	9.998128267828563e-01	250
923	9.998148835961405e-01	282
924	9.998080108549424e-01	22
925	9.998031848371000e-01	260
926	9.998158121548723e-01	174
927	9.998349964004274e-01	210
928	9.998505399373060e-01	282
929	9.998417374230438e-01	268
930	9.998597358798229e-01	344
931	9.998680479130502e-01	260
932	9.998609372881750e-01	326
933	9.998505979913338e-01	308
934	9.998489584001933e-01	234
935	9.998653743100667e-01	282
936	9.998651779773891e-01	350
937	9.998496336414605e-01	220
938	9.998348485567382e-01	264
939	9.998513728511825e-01	288
940	9.998714482873562e-01	312
941	9.998737050731460e-01	336
942	9.998896214435531e-01	224
943	9.998963125751915e-01	304
944	9.999010337271370e-01	330
945	9.998873574662347e-01	178
946	9.998894081550701e-01	296
947	9.998889016060911e-01	264
948	9.998723020922563e-01	248
949	9.998550822854089e-01	228
950	9.998728562738870e-01	248
951	9.998780148372771e-01	220
952	9.998686648589028e-01	270
953	9.998774723206523e-01	242
954	9.998786186400485e-01	296
955	9.998868159466342e-01	290
956	9.998786732772265e-01	152
957	9.998844446926612e-01	310
958	9.998893777223919e-01	220
959	9.998840230251917e-01	248
960	9.998825335925630e-01	328
961	9.998690975518223e-01	308
962	9.998772792443462e-01	302
963	9.998606394350665e-01	160
964	9.998656278608882e-01	240
965	9.998713038726528e-01	218
966	9.998624955055120e-01	242
967	9.998458668887635e-01	190
968	9.998340422409331e-01	286
969	9.998319938690118e-01	252
970	9.998495300146645e-01	266
971	9.998420941239285e-01	240
972	9.998243717059329e-01	292
973	9.998085141343713e-01	260
974	9.998053842360882e-01	284
975	9.997910124345849e-01	236
976	9.998059255020751e-01	310
977	9.998010718218374e-01	316
978	9.998059130103742e-01	262
979	9.998189685817028e-01	268
980	9.998001405407348e-01	276
981	9.997897730223306e-01	320
982	9.997791564652324e-01	284
983	9.997691802789717e-01	336
984	9.997752606041956e-01	334
985	9.997619489612100e-01	304
986	9.997426374331548e-01	262
987	9.997374820511834e-01	198
988	9.997430864305004e-01	212
989	9.997343960222717e-01	258
990	9.997221177939071e-01	304
991	9.997019796465191e-01	284
992	9.996999882226281e-01	308
993	9.997085839567356e-01	246
994	9.997114733415355e-01	284
995	9.997269236073992e-01	174
996	9.997193918376058e-01	240
997	9.997100821424374e-01	240
998	9.997033778753617e-01	206
999	9.997131837365505e-01	208
1000	9.997327263103570e-01	298


Tempo gasto: 68.670663
