Método usado: ANTCOLONY OPTIMIZATION

POSIÇÃO	ÁREA(mm²)	CUSTO

1	1.000000000000000e+00	20
2	1.000000000000000e+00	40
3	1.000000000000000e+00	20
4	1.000000000000000e+00	40
5	1.000000000000000e+00	20
6	1.000000000000000e+00	20
7	1.000000000000000e+00	20
8	1.000000000000000e+00	20
9	1.000000000000000e+00	20
10	1.000000000000000e+00	20
11	1.000000000000000e+00	180
12	1.000000000000000e+00	80
13	1.000000000000000e+00	120
14	1.000000000000000e+00	20
15	1.000000000000000e+00	160
16	1.000000000000000e+00	20
17	1.000000000000000e+00	40
18	1.000000000000000e+00	20
19	1.000000000000000e+00	120
20	1.000000000000000e+00	40
21	1.000000000000000e+00	20
22	1.000000000000000e+00	20
23	1.000000000000000e+00	20
24	1.000000000000000e+00	40
25	1.000000000000000e+00	20
26	1.000000000000000e+00	20
27	1.000000000000000e+00	20
28	1.000000000000000e+00	20
29	1.000000000000000e+00	20
30	1.000000000000000e+00	40
31	1.000000000000000e+00	20
32	1.000000000000000e+00	20
33	1.000000000000000e+00	20
34	1.000000000000000e+00	40
35	1.000000000000000e+00	20
36	1.000000000000000e+00	40
37	1.000000000000000e+00	20
38	1.000000000000000e+00	40
39	1.000000000000000e+00	20
40	1.000000000000000e+00	20
41	1.000000000000000e+00	80
42	1.000000000000000e+00	20
43	1.000000000000000e+00	20
44	1.000000000000000e+00	20
45	1.000000000000000e+00	20
46	1.000000000000000e+00	20
47	1.000000000000000e+00	80
48	1.000000000000000e+00	40
49	1.000000000000000e+00	20
50	1.000000000000000e+00	40
51	1.000000000000000e+00	20
52	1.000000000000000e+00	20
53	1.000000000000000e+00	20
54	1.000000000000000e+00	20
55	1.000000000000000e+00	40
56	1.000000000000000e+00	100
57	1.000000000000000e+00	40
58	1.000000000000000e+00	120
59	1.000000000000000e+00	40
60	1.000000000000000e+00	20
61	1.000000000000000e+00	40
62	1.000000000000000e+00	40
63	1.000000000000000e+00	20
64	1.000000000000000e+00	20
65	1.000000000000000e+00	20
66	1.000000000000000e+00	20
67	1.000000000000000e+00	20
68	1.000000000000000e+00	20
69	1.000000000000000e+00	20
70	1.000000000000000e+00	20
71	1.000000000000000e+00	20
72	1.000000000000000e+00	60
73	1.000000000000000e+00	40
74	1.000000000000000e+00	20
75	1.000000000000000e+00	60
76	1.000000000000000e+00	40
77	1.000000000000000e+00	20
78	1.000000000000000e+00	20
79	1.000000000000000e+00	40
80	1.000000000000000e+00	60
81	1.000000000000000e+00	20
82	1.000000000000000e+00	20
83	1.000000000000000e+00	20
84	1.000000000000000e+00	60
85	1.000000000000000e+00	20
86	1.000000000000000e+00	60
87	1.000000000000000e+00	20
88	1.000000000000000e+00	20
89	1.000000000000000e+00	20
90	1.000000000000000e+00	20
91	1.000000000000000e+00	20
92	1.000000000000000e+00	20
93	1.000000000000000e+00	20
94	1.000000000000000e+00	20
95	1.000000000000000e+00	40
96	1.000000000000000e+00	20
97	1.000000000000000e+00	80
98	1.000000000000000e+00	20
99	1.000000000000000e+00	20
100	1.000000000000000e+00	20
101	1.000000000000000e+00	20
102	1.000000000000000e+00	20
103	1.000000000000000e+00	80
104	1.000000000000000e+00	20
105	1.000000000000000e+00	20
106	1.000000000000000e+00	20
107	1.000000000000000e+00	60
108	1.000000000000000e+00	60
109	1.000000000000000e+00	80
110	1.000000000000000e+00	20
111	1.000000000000000e+00	60
112	1.000000000000000e+00	20
113	1.000000000000000e+00	40
114	1.000000000000000e+00	20
115	1.000000000000000e+00	20
116	1.000000000000000e+00	20
117	1.000000000000000e+00	40
118	1.000000000000000e+00	20
119	1.000000000000000e+00	40
120	1.000000000000000e+00	20
121	1.000000000000000e+00	20
122	1.000000000000000e+00	40
123	1.000000000000000e+00	40
124	1.000000000000000e+00	20
125	1.000000000000000e+00	40
126	1.000000000000000e+00	20
127	1.000000000000000e+00	20
128	1.000000000000000e+00	40
129	1.000000000000000e+00	80
130	1.000000000000000e+00	40
131	1.000000000000000e+00	20
132	1.000000000000000e+00	60
133	1.000000000000000e+00	20
134	1.000000000000000e+00	20
135	1.000000000000000e+00	20
136	1.000000000000000e+00	40
137	1.000000000000000e+00	20
138	1.000000000000000e+00	20
139	1.000000000000000e+00	60
140	1.000000000000000e+00	20
141	1.000000000000000e+00	20
142	1.000000000000000e+00	20
143	1.000000000000000e+00	40
144	1.000000000000000e+00	100
145	1.000000000000000e+00	20
146	1.000000000000000e+00	40
147	1.000000000000000e+00	20
148	1.000000000000000e+00	60
149	1.000000000000000e+00	40
150	1.000000000000000e+00	20
151	1.000000000000000e+00	20
152	1.000000000000000e+00	60
153	1.000000000000000e+00	20
154	1.000000000000000e+00	20
155	1.000000000000000e+00	20
156	1.000000000000000e+00	20
157	1.000000000000000e+00	20
158	1.000000000000000e+00	20
159	1.000000000000000e+00	20
160	1.000000000000000e+00	40
161	1.000000000000000e+00	20
162	1.000000000000000e+00	20
163	1.000000000000000e+00	40
164	1.000000000000000e+00	20
165	1.000000000000000e+00	40
166	1.000000000000000e+00	40
167	1.000000000000000e+00	20
168	1.000000000000000e+00	80
169	1.000000000000000e+00	80
170	1.000000000000000e+00	40
171	1.000000000000000e+00	20
172	1.000000000000000e+00	20
173	1.000000000000000e+00	20
174	1.000000000000000e+00	20
175	1.000000000000000e+00	20
176	1.000000000000000e+00	20
177	1.000000000000000e+00	20
178	1.000000000000000e+00	40
179	1.000000000000000e+00	20
180	1.000000000000000e+00	20
181	1.000000000000000e+00	20
182	1.000000000000000e+00	20
183	1.000000000000000e+00	80
184	1.000000000000000e+00	20
185	1.000000000000000e+00	40
186	1.000000000000000e+00	20
187	1.000000000000000e+00	60
188	1.000000000000000e+00	20
189	1.000000000000000e+00	20
190	1.000000000000000e+00	20
191	1.000000000000000e+00	40
192	1.000000000000000e+00	40
193	1.000000000000000e+00	20
194	1.000000000000000e+00	20
195	1.000000000000000e+00	20
196	1.000000000000000e+00	40
197	1.000000000000000e+00	140
198	1.000000000000000e+00	20
199	1.000000000000000e+00	20
200	1.000000000000000e+00	20
201	9.500000000000001e-01	40
202	9.000000000000000e-01	20
203	8.500000000000001e-01	20
204	8.000000000000000e-01	80
205	7.500000000000000e-01	60
206	7.000000000000001e-01	20
207	6.500000000000000e-01	20
208	6.000000000000001e-01	20
209	5.500000000000000e-01	20
210	5.000000000000000e-01	20
211	5.500000000000000e-01	40
212	6.000000000000001e-01	40
213	6.500000000000000e-01	20
214	7.000000000000001e-01	20
215	7.500000000000000e-01	20
216	8.000000000000000e-01	20
217	7.500000000000000e-01	20
218	7.000000000000001e-01	20
219	6.500000000000000e-01	20
220	6.000000000000001e-01	40
221	5.500000000000000e-01	40
222	5.500000000000000e-01	20
223	6.000000000000001e-01	20
224	6.500000000000000e-01	80
225	7.000000000000001e-01	40
226	7.500000000000000e-01	20
227	8.000000000000000e-01	20
228	8.500000000000001e-01	20
229	9.000000000000000e-01	20
230	9.500000000000001e-01	20
231	1.000000000000000e+00	20
232	1.000000000000000e+00	20
233	1.000000000000000e+00	20
234	1.000000000000000e+00	20
235	1.000000000000000e+00	20
236	1.000000000000000e+00	20
237	1.000000000000000e+00	20
238	1.000000000000000e+00	100
239	1.000000000000000e+00	60
240	1.000000000000000e+00	20
241	1.000000000000000e+00	60
242	1.000000000000000e+00	80
243	1.000000000000000e+00	60
244	1.000000000000000e+00	20
245	1.000000000000000e+00	20
246	1.000000000000000e+00	60
247	1.000000000000000e+00	20
248	1.000000000000000e+00	20
249	1.000000000000000e+00	20
250	1.000000000000000e+00	80
251	1.000000000000000e+00	20
252	1.000000000000000e+00	20
253	1.000000000000000e+00	20
254	1.000000000000000e+00	20
255	1.000000000000000e+00	20
256	1.000000000000000e+00	120
257	1.000000000000000e+00	20
258	1.000000000000000e+00	20
259	1.000000000000000e+00	60
260	1.000000000000000e+00	80
261	1.000000000000000e+00	20
262	1.000000000000000e+00	20
263	1.000000000000000e+00	20
264	1.000000000000000e+00	100
265	1.000000000000000e+00	40
266	1.000000000000000e+00	40
267	1.000000000000000e+00	20
268	1.000000000000000e+00	20
269	1.000000000000000e+00	60
270	1.000000000000000e+00	20
271	1.000000000000000e+00	60
272	1.000000000000000e+00	20
273	1.000000000000000e+00	20
274	1.000000000000000e+00	80
275	1.000000000000000e+00	20
276	1.000000000000000e+00	20
277	1.000000000000000e+00	20
278	1.000000000000000e+00	20
279	1.000000000000000e+00	20
280	1.000000000000000e+00	20
281	1.000000000000000e+00	20
282	1.000000000000000e+00	20
283	1.000000000000000e+00	40
284	1.000000000000000e+00	80
285	1.000000000000000e+00	20
286	1.000000000000000e+00	40
287	1.000000000000000e+00	60
288	1.000000000000000e+00	20
289	1.000000000000000e+00	20
290	1.000000000000000e+00	60
291	1.000000000000000e+00	40
292	1.000000000000000e+00	20
293	1.000000000000000e+00	100
294	1.000000000000000e+00	20
295	1.000000000000000e+00	40
296	1.000000000000000e+00	20
297	1.000000000000000e+00	20
298	1.000000000000000e+00	20
299	1.000000000000000e+00	80
300	1.000000000000000e+00	20
301	1.000000000000000e+00	40
302	1.000000000000000e+00	40
303	1.000000000000000e+00	40
304	1.000000000000000e+00	20
305	1.000000000000000e+00	120
306	1.000000000000000e+00	20
307	1.000000000000000e+00	20
308	1.000000000000000e+00	20
309	1.000000000000000e+00	20
310	1.000000000000000e+00	60
311	1.000000000000000e+00	20
312	1.000000000000000e+00	20
313	1.000000000000000e+00	20
314	1.000000000000000e+00	20
315	1.000000000000000e+00	20
316	1.000000000000000e+00	40
317	1.000000000000000e+00	20
318	1.000000000000000e+00	20
319	1.000000000000000e+00	20
320	1.000000000000000e+00	200
321	1.000000000000000e+00	20
322	1.000000000000000e+00	20
323	1.000000000000000e+00	60
324	1.000000000000000e+00	40
325	1.000000000000000e+00	80
326	1.000000000000000e+00	20
327	1.000000000000000e+00	20
328	1.000000000000000e+00	20
329	1.000000000000000e+00	60
330	1.000000000000000e+00	20
331	1.000000000000000e+00	60
332	1.000000000000000e+00	20
333	1.000000000000000e+00	60
334	1.000000000000000e+00	20
335	1.000000000000000e+00	80
336	1.000000000000000e+00	40
337	1.000000000000000e+00	20
338	1.000000000000000e+00	120
339	1.000000000000000e+00	20
340	1.000000000000000e+00	40
341	1.000000000000000e+00	20
342	1.000000000000000e+00	20
343	1.000000000000000e+00	20
344	1.000000000000000e+00	20
345	1.000000000000000e+00	20
346	1.000000000000000e+00	40
347	1.000000000000000e+00	40
348	1.000000000000000e+00	140
349	1.000000000000000e+00	20
350	1.000000000000000e+00	20
351	1.000000000000000e+00	80
352	1.000000000000000e+00	20
353	1.000000000000000e+00	20
354	1.000000000000000e+00	20
355	1.000000000000000e+00	20
356	1.000000000000000e+00	20
357	1.000000000000000e+00	20
358	1.000000000000000e+00	20
359	1.000000000000000e+00	20
360	1.000000000000000e+00	20
361	1.000000000000000e+00	100
362	1.000000000000000e+00	20
363	1.000000000000000e+00	20
364	1.000000000000000e+00	20
365	1.000000000000000e+00	20
366	1.000000000000000e+00	100
367	1.000000000000000e+00	20
368	1.000000000000000e+00	20
369	1.000000000000000e+00	80
370	1.000000000000000e+00	20
371	1.000000000000000e+00	20
372	1.000000000000000e+00	20
373	1.000000000000000e+00	20
374	1.000000000000000e+00	20
375	1.000000000000000e+00	20
376	1.000000000000000e+00	60
377	1.000000000000000e+00	20
378	1.000000000000000e+00	20
379	1.000000000000000e+00	20
380	1.000000000000000e+00	20
381	1.000000000000000e+00	20
382	1.000000000000000e+00	20
383	1.000000000000000e+00	80
384	1.000000000000000e+00	20
385	1.000000000000000e+00	20
386	1.000000000000000e+00	20
387	1.000000000000000e+00	40
388	1.000000000000000e+00	20
389	1.000000000000000e+00	180
390	1.000000000000000e+00	40
391	1.000000000000000e+00	20
392	1.000000000000000e+00	20
393	1.000000000000000e+00	60
394	1.000000000000000e+00	40
395	1.000000000000000e+00	40
396	1.000000000000000e+00	40
397	1.000000000000000e+00	40
398	1.000000000000000e+00	20
399	1.000000000000000e+00	20
400	1.000000000000000e+00	40
401	1.000000000000000e+00	20
402	1.000000000000000e+00	20
403	1.000000000000000e+00	40
404	1.000000000000000e+00	240
405	1.000000000000000e+00	20
406	1.000000000000000e+00	20
407	1.000000000000000e+00	40
408	1.000000000000000e+00	40
409	1.000000000000000e+00	20
410	1.000000000000000e+00	60
411	1.000000000000000e+00	60
412	1.000000000000000e+00	20
413	1.000000000000000e+00	20
414	1.000000000000000e+00	40
415	1.000000000000000e+00	20
416	1.000000000000000e+00	20
417	1.000000000000000e+00	60
418	1.000000000000000e+00	100
419	1.000000000000000e+00	20
420	1.000000000000000e+00	20
421	1.000000000000000e+00	60
422	1.000000000000000e+00	40
423	1.000000000000000e+00	20
424	1.000000000000000e+00	100
425	1.000000000000000e+00	60
426	1.000000000000000e+00	20
427	1.000000000000000e+00	40
428	1.000000000000000e+00	20
429	1.000000000000000e+00	20
430	1.000000000000000e+00	20
431	1.000000000000000e+00	20
432	1.000000000000000e+00	40
433	1.000000000000000e+00	20
434	1.000000000000000e+00	20
435	1.000000000000000e+00	60
436	1.000000000000000e+00	20
437	1.000000000000000e+00	20
438	1.000000000000000e+00	20
439	1.000000000000000e+00	60
440	1.000000000000000e+00	20
441	1.000000000000000e+00	40
442	1.000000000000000e+00	20
443	1.000000000000000e+00	60
444	1.000000000000000e+00	20
445	1.000000000000000e+00	220
446	1.000000000000000e+00	20
447	1.000000000000000e+00	20
448	1.000000000000000e+00	60
449	1.000000000000000e+00	20
450	1.000000000000000e+00	20
451	1.000000000000000e+00	80
452	1.000000000000000e+00	20
453	1.000000000000000e+00	40
454	1.000000000000000e+00	20
455	1.000000000000000e+00	20
456	1.000000000000000e+00	60
457	1.000000000000000e+00	20
458	1.000000000000000e+00	240
459	1.000000000000000e+00	60
460	1.000000000000000e+00	80
461	1.000000000000000e+00	20
462	1.000000000000000e+00	60
463	1.000000000000000e+00	20
464	1.000000000000000e+00	20
465	1.000000000000000e+00	40
466	1.000000000000000e+00	60
467	1.000000000000000e+00	20
468	1.000000000000000e+00	20
469	1.000000000000000e+00	60
470	1.000000000000000e+00	40
471	1.000000000000000e+00	20
472	1.000000000000000e+00	20
473	1.000000000000000e+00	80
474	1.000000000000000e+00	40
475	1.000000000000000e+00	20
476	1.000000000000000e+00	20
477	1.000000000000000e+00	20
478	1.000000000000000e+00	60
479	1.000000000000000e+00	20
480	1.000000000000000e+00	60
481	1.000000000000000e+00	80
482	1.000000000000000e+00	20
483	1.000000000000000e+00	20
484	1.000000000000000e+00	20
485	1.000000000000000e+00	40
486	1.000000000000000e+00	20
487	1.000000000000000e+00	140
488	1.000000000000000e+00	20
489	1.000000000000000e+00	80
490	1.000000000000000e+00	20
491	1.000000000000000e+00	80
492	1.000000000000000e+00	40
493	1.000000000000000e+00	40
494	1.000000000000000e+00	20
495	1.000000000000000e+00	20
496	1.000000000000000e+00	80
497	1.000000000000000e+00	40
498	1.000000000000000e+00	40
499	1.000000000000000e+00	20
500	1.000000000000000e+00	20
501	1.000000000000000e+00	60
502	1.000000000000000e+00	40
503	1.000000000000000e+00	20
504	1.000000000000000e+00	20
505	1.000000000000000e+00	40
506	1.000000000000000e+00	20
507	1.000000000000000e+00	20
508	1.000000000000000e+00	40
509	1.000000000000000e+00	40
510	1.000000000000000e+00	20
511	1.000000000000000e+00	20
512	1.000000000000000e+00	40
513	1.000000000000000e+00	200
514	1.000000000000000e+00	20
515	1.000000000000000e+00	40
516	1.000000000000000e+00	20
517	1.000000000000000e+00	20
518	1.000000000000000e+00	20
519	1.000000000000000e+00	60
520	1.000000000000000e+00	60
521	1.000000000000000e+00	20
522	1.000000000000000e+00	20
523	1.000000000000000e+00	40
524	1.000000000000000e+00	100
525	1.000000000000000e+00	20
526	1.000000000000000e+00	20
527	1.000000000000000e+00	20
528	1.000000000000000e+00	60
529	1.000000000000000e+00	20
530	1.000000000000000e+00	40
531	1.000000000000000e+00	40
532	1.000000000000000e+00	120
533	1.000000000000000e+00	20
534	1.000000000000000e+00	40
535	1.000000000000000e+00	40
536	1.000000000000000e+00	40
537	1.000000000000000e+00	20
538	1.000000000000000e+00	20
539	1.000000000000000e+00	20
540	1.000000000000000e+00	20
541	1.000000000000000e+00	40
542	1.000000000000000e+00	40
543	1.000000000000000e+00	40
544	1.000000000000000e+00	60
545	1.000000000000000e+00	20
546	1.000000000000000e+00	20
547	1.000000000000000e+00	20
548	1.000000000000000e+00	180
549	1.000000000000000e+00	20
550	1.000000000000000e+00	80
551	1.000000000000000e+00	20
552	1.000000000000000e+00	20
553	1.000000000000000e+00	60
554	1.000000000000000e+00	20
555	1.000000000000000e+00	20
556	1.000000000000000e+00	20
557	1.000000000000000e+00	20
558	1.000000000000000e+00	20
559	1.000000000000000e+00	20
560	1.000000000000000e+00	60
561	1.000000000000000e+00	20
562	1.000000000000000e+00	100
563	1.000000000000000e+00	20
564	1.000000000000000e+00	20
565	1.000000000000000e+00	40
566	1.000000000000000e+00	40
567	1.000000000000000e+00	20
568	1.000000000000000e+00	20
569	1.000000000000000e+00	20
570	1.000000000000000e+00	20
571	1.000000000000000e+00	60
572	1.000000000000000e+00	20
573	1.000000000000000e+00	20
574	1.000000000000000e+00	20
575	1.000000000000000e+00	20
576	1.000000000000000e+00	60
577	1.000000000000000e+00	40
578	1.000000000000000e+00	20
579	1.000000000000000e+00	20
580	1.000000000000000e+00	20
581	1.000000000000000e+00	80
582	1.000000000000000e+00	40
583	1.000000000000000e+00	100
584	1.000000000000000e+00	20
585	1.000000000000000e+00	20
586	1.000000000000000e+00	20
587	1.000000000000000e+00	40
588	1.000000000000000e+00	20
589	1.000000000000000e+00	20
590	1.000000000000000e+00	20
591	1.000000000000000e+00	40
592	1.000000000000000e+00	80
593	1.000000000000000e+00	20
594	1.000000000000000e+00	40
595	1.000000000000000e+00	20
596	1.000000000000000e+00	40
597	1.000000000000000e+00	40
598	1.000000000000000e+00	20
599	1.000000000000000e+00	20
600	1.000000000000000e+00	60
601	1.000000000000000e+00	20
602	1.000000000000000e+00	20
603	1.000000000000000e+00	20
604	1.000000000000000e+00	20
605	1.000000000000000e+00	20
606	1.000000000000000e+00	20
607	1.000000000000000e+00	20
608	1.000000000000000e+00	80
609	1.000000000000000e+00	100
610	1.000000000000000e+00	20
611	1.000000000000000e+00	20
612	1.000000000000000e+00	20
613	1.000000000000000e+00	80
614	1.000000000000000e+00	20
615	1.000000000000000e+00	20
616	1.000000000000000e+00	20
617	1.000000000000000e+00	20
618	1.000000000000000e+00	20
619	1.000000000000000e+00	20
620	1.000000000000000e+00	60
621	1.000000000000000e+00	20
622	1.000000000000000e+00	20
623	1.000000000000000e+00	60
624	1.000000000000000e+00	20
625	1.000000000000000e+00	160
626	1.000000000000000e+00	20
627	1.000000000000000e+00	20
628	1.000000000000000e+00	20
629	1.000000000000000e+00	40
630	1.000000000000000e+00	20
631	1.000000000000000e+00	20
632	1.000000000000000e+00	40
633	1.000000000000000e+00	80
634	1.000000000000000e+00	20
635	1.000000000000000e+00	20
636	1.000000000000000e+00	20
637	1.000000000000000e+00	20
638	1.000000000000000e+00	40
639	1.000000000000000e+00	20
640	1.000000000000000e+00	40
641	1.000000000000000e+00	20
642	1.000000000000000e+00	20
643	1.000000000000000e+00	20
644	1.000000000000000e+00	20
645	1.000000000000000e+00	20
646	1.000000000000000e+00	20
647	1.000000000000000e+00	60
648	1.000000000000000e+00	40
649	1.000000000000000e+00	20
650	1.000000000000000e+00	100
651	1.000000000000000e+00	20
652	1.000000000000000e+00	20
653	1.000000000000000e+00	20
654	1.000000000000000e+00	20
655	1.000000000000000e+00	20
656	1.000000000000000e+00	20
657	1.000000000000000e+00	40
658	1.000000000000000e+00	120
659	1.000000000000000e+00	80
660	1.000000000000000e+00	100
661	1.000000000000000e+00	320
662	1.000000000000000e+00	60
663	1.000000000000000e+00	20
664	1.000000000000000e+00	80
665	1.000000000000000e+00	20
666	1.000000000000000e+00	20
667	1.000000000000000e+00	40
668	1.000000000000000e+00	20
669	1.000000000000000e+00	20
670	1.000000000000000e+00	20
671	9.500000000000001e-01	20
672	9.000000000000000e-01	60
673	8.500000000000001e-01	40
674	8.000000000000000e-01	80
675	7.500000000000000e-01	20
676	8.500000000000001e-01	40
677	8.000000000000000e-01	20
678	8.000000000000000e-01	20
679	8.500000000000001e-01	140
680	9.000000000000000e-01	80
681	9.500000000000001e-01	80
682	9.500000000000001e-01	40
683	9.000000000000000e-01	20
684	9.000000000000000e-01	20
685	8.500000000000001e-01	100
686	8.500000000000001e-01	40
687	8.000000000000000e-01	20
688	9.000000000000000e-01	20
689	8.500000000000001e-01	140
690	7.000000000000001e-01	20
691	6.500000000000000e-01	20
692	6.000000000000001e-01	100
693	5.500000000000000e-01	160
694	5.000000000000000e-01	20
695	5.500000000000000e-01	60
696	6.000000000000001e-01	20
697	7.000000000000001e-01	20
698	8.000000000000000e-01	20
699	8.500000000000001e-01	20
700	9.000000000000000e-01	40
701	9.000000000000000e-01	20
702	8.500000000000001e-01	20
703	8.000000000000000e-01	20
704	7.000000000000001e-01	20
705	6.000000000000001e-01	20
706	5.500000000000000e-01	100
707	5.000000000000000e-01	20
708	5.500000000000000e-01	40
709	6.000000000000001e-01	20
710	6.500000000000000e-01	20
711	7.000000000000001e-01	80
712	8.500000000000001e-01	20
713	9.000000000000000e-01	40
714	8.000000000000000e-01	20
715	8.500000000000001e-01	80
716	8.500000000000001e-01	20
717	9.000000000000000e-01	20
718	9.000000000000000e-01	20
719	9.500000000000001e-01	20
720	9.500000000000001e-01	40
721	9.000000000000000e-01	20
722	8.500000000000001e-01	20
723	8.000000000000000e-01	20
724	8.000000000000000e-01	120
725	8.500000000000001e-01	20
726	7.500000000000000e-01	20
727	8.000000000000000e-01	80
728	8.500000000000001e-01	20
729	9.000000000000000e-01	40
730	9.500000000000001e-01	20
731	1.000000000000000e+00	20
732	1.000000000000000e+00	40
733	1.000000000000000e+00	20
734	1.000000000000000e+00	20
735	1.000000000000000e+00	20
736	1.000000000000000e+00	20
737	1.000000000000000e+00	80
738	1.000000000000000e+00	20
739	1.000000000000000e+00	40
740	1.000000000000000e+00	20
741	1.000000000000000e+00	20
742	1.000000000000000e+00	20
743	1.000000000000000e+00	100
744	1.000000000000000e+00	20
745	1.000000000000000e+00	20
746	1.000000000000000e+00	20
747	1.000000000000000e+00	60
748	1.000000000000000e+00	180
749	1.000000000000000e+00	20
750	1.000000000000000e+00	20
751	1.000000000000000e+00	20
752	1.000000000000000e+00	20
753	1.000000000000000e+00	20
754	1.000000000000000e+00	20
755	1.000000000000000e+00	20
756	1.000000000000000e+00	20
757	1.000000000000000e+00	80
758	1.000000000000000e+00	20
759	1.000000000000000e+00	20
760	1.000000000000000e+00	60
761	1.000000000000000e+00	20
762	1.000000000000000e+00	40
763	1.000000000000000e+00	60
764	1.000000000000000e+00	20
765	1.000000000000000e+00	120
766	1.000000000000000e+00	160
767	1.000000000000000e+00	20
768	1.000000000000000e+00	20
769	1.000000000000000e+00	20
770	1.000000000000000e+00	20
771	1.000000000000000e+00	20
772	1.000000000000000e+00	20
773	1.000000000000000e+00	60
774	1.000000000000000e+00	60
775	1.000000000000000e+00	20
776	1.000000000000000e+00	160
777	1.000000000000000e+00	20
778	1.000000000000000e+00	20
779	1.000000000000000e+00	60
780	1.000000000000000e+00	60
781	1.000000000000000e+00	80
782	1.000000000000000e+00	40
783	1.000000000000000e+00	120
784	1.000000000000000e+00	40
785	1.000000000000000e+00	20
786	1.000000000000000e+00	60
787	1.000000000000000e+00	20
788	1.000000000000000e+00	20
789	1.000000000000000e+00	40
790	1.000000000000000e+00	20
791	1.000000000000000e+00	20
792	1.000000000000000e+00	80
793	1.000000000000000e+00	20
794	1.000000000000000e+00	20
795	1.000000000000000e+00	40
796	1.000000000000000e+00	20
797	1.000000000000000e+00	20
798	1.000000000000000e+00	20
799	1.000000000000000e+00	160
800	1.000000000000000e+00	20
801	1.000000000000000e+00	20
802	1.000000000000000e+00	60
803	1.000000000000000e+00	80
804	1.000000000000000e+00	20
805	1.000000000000000e+00	20
806	1.000000000000000e+00	20
807	1.000000000000000e+00	40
808	1.000000000000000e+00	80
809	1.000000000000000e+00	80
810	1.000000000000000e+00	20
811	1.000000000000000e+00	40
812	1.000000000000000e+00	20
813	1.000000000000000e+00	20
814	1.000000000000000e+00	20
815	1.000000000000000e+00	20
816	1.000000000000000e+00	20
817	1.000000000000000e+00	20
818	1.000000000000000e+00	20
819	1.000000000000000e+00	20
820	1.000000000000000e+00	20
821	1.000000000000000e+00	40
822	1.000000000000000e+00	20
823	1.000000000000000e+00	20
824	1.000000000000000e+00	20
825	1.000000000000000e+00	40
826	1.000000000000000e+00	60
827	1.000000000000000e+00	20
828	1.000000000000000e+00	60
829	1.000000000000000e+00	20
830	1.000000000000000e+00	20
831	1.000000000000000e+00	100
832	1.000000000000000e+00	20
833	1.000000000000000e+00	40
834	1.000000000000000e+00	60
835	1.000000000000000e+00	20
836	1.000000000000000e+00	20
837	1.000000000000000e+00	20
838	1.000000000000000e+00	20
839	1.000000000000000e+00	20
840	1.000000000000000e+00	20
841	1.000000000000000e+00	40
842	1.000000000000000e+00	20
843	1.000000000000000e+00	20
844	1.000000000000000e+00	40
845	1.000000000000000e+00	40
846	1.000000000000000e+00	20
847	1.000000000000000e+00	40
848	1.000000000000000e+00	40
849	1.000000000000000e+00	60
850	1.000000000000000e+00	20
851	1.000000000000000e+00	60
852	1.000000000000000e+00	20
853	1.000000000000000e+00	20
854	1.000000000000000e+00	20
855	1.000000000000000e+00	40
856	1.000000000000000e+00	20
857	1.000000000000000e+00	20
858	1.000000000000000e+00	20
859	1.000000000000000e+00	20
860	1.000000000000000e+00	60
861	1.000000000000000e+00	20
862	1.000000000000000e+00	20
863	1.000000000000000e+00	60
864	1.000000000000000e+00	20
865	1.000000000000000e+00	140
866	1.000000000000000e+00	20
867	1.000000000000000e+00	20
868	1.000000000000000e+00	20
869	1.000000000000000e+00	20
870	1.000000000000000e+00	20
871	1.000000000000000e+00	60
872	1.000000000000000e+00	20
873	1.000000000000000e+00	60
874	1.000000000000000e+00	20
875	1.000000000000000e+00	20
876	1.000000000000000e+00	100
877	1.000000000000000e+00	20
878	1.000000000000000e+00	20
879	1.000000000000000e+00	20
880	1.000000000000000e+00	80
881	1.000000000000000e+00	20
882	1.000000000000000e+00	20
883	1.000000000000000e+00	20
884	1.000000000000000e+00	20
885	1.000000000000000e+00	20
886	1.000000000000000e+00	40
887	1.000000000000000e+00	20
888	1.000000000000000e+00	20
889	1.000000000000000e+00	20
890	1.000000000000000e+00	40
891	1.000000000000000e+00	40
892	1.000000000000000e+00	140
893	1.000000000000000e+00	60
894	1.000000000000000e+00	20
895	1.000000000000000e+00	100
896	1.000000000000000e+00	20
897	1.000000000000000e+00	20
898	1.000000000000000e+00	20
899	1.000000000000000e+00	20
900	1.000000000000000e+00	20
901	1.000000000000000e+00	40
902	1.000000000000000e+00	20
903	1.000000000000000e+00	80
904	1.000000000000000e+00	140
905	1.000000000000000e+00	20
906	1.000000000000000e+00	20
907	1.000000000000000e+00	40
908	1.000000000000000e+00	20
909	1.000000000000000e+00	20
910	1.000000000000000e+00	20
911	1.000000000000000e+00	20
912	1.000000000000000e+00	20
913	1.000000000000000e+00	20
914	1.000000000000000e+00	20
915	1.000000000000000e+00	20
916	1.000000000000000e+00	20
917	1.000000000000000e+00	60
918	1.000000000000000e+00	20
919	1.000000000000000e+00	60
920	1.000000000000000e+00	40
921	1.000000000000000e+00	60
922	1.000000000000000e+00	20
923	1.000000000000000e+00	40
924	1.000000000000000e+00	40
925	1.000000000000000e+00	20
926	1.000000000000000e+00	40
927	1.000000000000000e+00	20
928	1.000000000000000e+00	40
929	1.000000000000000e+00	20
930	1.000000000000000e+00	20
931	1.000000000000000e+00	40
932	1.000000000000000e+00	20
933	1.000000000000000e+00	20
934	1.000000000000000e+00	20
935	1.000000000000000e+00	40
936	1.000000000000000e+00	60
937	1.000000000000000e+00	40
938	1.000000000000000e+00	20
939	1.000000000000000e+00	40
940	1.000000000000000e+00	20
941	1.000000000000000e+00	20
942	1.000000000000000e+00	40
943	1.000000000000000e+00	40
944	1.000000000000000e+00	20
945	1.000000000000000e+00	40
946	1.000000000000000e+00	20
947	1.000000000000000e+00	60
948	1.000000000000000e+00	20
949	1.000000000000000e+00	20
950	1.000000000000000e+00	20
951	1.000000000000000e+00	120
952	1.000000000000000e+00	20
953	1.000000000000000e+00	20
954	1.000000000000000e+00	20
955	1.000000000000000e+00	300
956	1.000000000000000e+00	60
957	1.000000000000000e+00	20
958	1.000000000000000e+00	20
959	1.000000000000000e+00	80
960	1.000000000000000e+00	20
961	1.000000000000000e+00	20
962	1.000000000000000e+00	20
963	1.000000000000000e+00	40
964	1.000000000000000e+00	20
965	1.000000000000000e+00	40
966	1.000000000000000e+00	20
967	1.000000000000000e+00	20
968	1.000000000000000e+00	20
969	1.000000000000000e+00	20
970	1.000000000000000e+00	120
971	1.000000000000000e+00	20
972	1.000000000000000e+00	20
973	1.000000000000000e+00	60
974	1.000000000000000e+00	20
975	1.000000000000000e+00	20
976	1.000000000000000e+00	20
977	1.000000000000000e+00	60
978	1.000000000000000e+00	80
979	1.000000000000000e+00	40
980	1.000000000000000e+00	40
981	1.000000000000000e+00	20
982	1.000000000000000e+00	20
983	1.000000000000000e+00	40
984	1.000000000000000e+00	40
985	1.000000000000000e+00	20
986	1.000000000000000e+00	20
987	1.000000000000000e+00	40
988	1.000000000000000e+00	20
989	1.000000000000000e+00	80
990	1.000000000000000e+00	20
991	1.000000000000000e+00	20
992	1.000000000000000e+00	20
993	1.000000000000000e+00	20
994	1.000000000000000e+00	20
995	1.000000000000000e+00	20
996	1.000000000000000e+00	20
997	1.000000000000000e+00	20
998	1.000000000000000e+00	20
999	1.000000000000000e+00	40
1000	1.000000000000000e+00	20


Tempo gasto: 24.730092
