Método usado: ANTCOLONY OPTIMIZATION

POSIÇÃO	ÁREA(mm²)	CUSTO

1	1.000000000000000e+00	20
2	1.000000000000000e+00	40
3	1.000000000000000e+00	20
4	1.000000000000000e+00	20
5	1.000000000000000e+00	60
6	1.000000000000000e+00	20
7	1.000000000000000e+00	20
8	1.000000000000000e+00	60
9	1.000000000000000e+00	20
10	1.000000000000000e+00	40
11	1.000000000000000e+00	20
12	1.000000000000000e+00	80
13	1.000000000000000e+00	40
14	1.000000000000000e+00	60
15	1.000000000000000e+00	20
16	1.000000000000000e+00	20
17	1.000000000000000e+00	20
18	1.000000000000000e+00	60
19	1.000000000000000e+00	20
20	1.000000000000000e+00	20
21	1.000000000000000e+00	40
22	1.000000000000000e+00	40
23	1.000000000000000e+00	40
24	1.000000000000000e+00	20
25	1.000000000000000e+00	20
26	1.000000000000000e+00	20
27	1.000000000000000e+00	20
28	1.000000000000000e+00	20
29	1.000000000000000e+00	80
30	1.000000000000000e+00	20
31	1.000000000000000e+00	20
32	1.000000000000000e+00	20
33	1.000000000000000e+00	60
34	1.000000000000000e+00	20
35	1.000000000000000e+00	160
36	1.000000000000000e+00	20
37	1.000000000000000e+00	20
38	1.000000000000000e+00	20
39	1.000000000000000e+00	20
40	1.000000000000000e+00	20
41	1.000000000000000e+00	40
42	1.000000000000000e+00	20
43	1.000000000000000e+00	20
44	1.000000000000000e+00	80
45	1.000000000000000e+00	20
46	1.000000000000000e+00	20
47	1.000000000000000e+00	20
48	1.000000000000000e+00	20
49	1.000000000000000e+00	20
50	1.000000000000000e+00	20
51	1.000000000000000e+00	40
52	1.000000000000000e+00	20
53	1.000000000000000e+00	20
54	1.000000000000000e+00	20
55	1.000000000000000e+00	20
56	1.000000000000000e+00	20
57	1.000000000000000e+00	20
58	1.000000000000000e+00	20
59	1.000000000000000e+00	40
60	1.000000000000000e+00	40
61	1.000000000000000e+00	20
62	1.000000000000000e+00	20
63	1.000000000000000e+00	60
64	1.000000000000000e+00	20
65	1.000000000000000e+00	20
66	1.000000000000000e+00	20
67	1.000000000000000e+00	60
68	1.000000000000000e+00	20
69	1.000000000000000e+00	100
70	1.000000000000000e+00	20
71	1.000000000000000e+00	20
72	1.000000000000000e+00	60
73	1.000000000000000e+00	20
74	1.000000000000000e+00	20
75	1.000000000000000e+00	20
76	1.000000000000000e+00	40
77	1.000000000000000e+00	20
78	1.000000000000000e+00	20
79	1.000000000000000e+00	20
80	1.000000000000000e+00	20
81	1.000000000000000e+00	60
82	1.000000000000000e+00	140
83	1.000000000000000e+00	20
84	1.000000000000000e+00	20
85	1.000000000000000e+00	40
86	1.000000000000000e+00	20
87	1.000000000000000e+00	20
88	1.000000000000000e+00	20
89	1.000000000000000e+00	60
90	1.000000000000000e+00	20
91	1.000000000000000e+00	20
92	1.000000000000000e+00	40
93	1.000000000000000e+00	20
94	1.000000000000000e+00	40
95	1.000000000000000e+00	20
96	1.000000000000000e+00	20
97	1.000000000000000e+00	20
98	1.000000000000000e+00	40
99	1.000000000000000e+00	60
100	1.000000000000000e+00	60
101	9.500000000000001e-01	20
102	9.000000000000000e-01	20
103	8.500000000000001e-01	20
104	8.000000000000000e-01	40
105	7.500000000000000e-01	20
106	7.000000000000001e-01	20
107	7.000000000000001e-01	40
108	7.000000000000001e-01	20
109	7.000000000000001e-01	120
110	6.500000000000000e-01	40
111	6.000000000000001e-01	20
112	7.000000000000001e-01	40
113	7.500000000000000e-01	20
114	8.500000000000001e-01	40
115	9.000000000000000e-01	80
116	9.000000000000000e-01	20
117	9.500000000000001e-01	20
118	9.000000000000000e-01	20
119	8.500000000000001e-01	20
120	8.000000000000000e-01	20
121	7.500000000000000e-01	20
122	6.500000000000000e-01	20
123	6.000000000000001e-01	20
124	6.000000000000001e-01	20
125	6.500000000000000e-01	20
126	7.500000000000000e-01	60
127	8.000000000000000e-01	20
128	8.500000000000001e-01	20
129	9.000000000000000e-01	60
130	9.500000000000001e-01	20
131	1.000000000000000e+00	40
132	1.000000000000000e+00	40
133	1.000000000000000e+00	20
134	1.000000000000000e+00	40
135	1.000000000000000e+00	200
136	1.000000000000000e+00	60
137	1.000000000000000e+00	20
138	1.000000000000000e+00	20
139	1.000000000000000e+00	20
140	1.000000000000000e+00	40
141	1.000000000000000e+00	80
142	1.000000000000000e+00	40
143	1.000000000000000e+00	140
144	1.000000000000000e+00	60
145	1.000000000000000e+00	20
146	1.000000000000000e+00	20
147	1.000000000000000e+00	20
148	1.000000000000000e+00	20
149	1.000000000000000e+00	20
150	1.000000000000000e+00	20
151	1.000000000000000e+00	20
152	1.000000000000000e+00	20
153	1.000000000000000e+00	20
154	1.000000000000000e+00	20
155	1.000000000000000e+00	60
156	1.000000000000000e+00	20
157	1.000000000000000e+00	40
158	1.000000000000000e+00	20
159	1.000000000000000e+00	40
160	1.000000000000000e+00	20
161	1.000000000000000e+00	20
162	1.000000000000000e+00	160
163	1.000000000000000e+00	80
164	1.000000000000000e+00	20
165	1.000000000000000e+00	20
166	1.000000000000000e+00	20
167	1.000000000000000e+00	120
168	1.000000000000000e+00	100
169	1.000000000000000e+00	60
170	1.000000000000000e+00	20
171	1.000000000000000e+00	120
172	1.000000000000000e+00	80
173	1.000000000000000e+00	40
174	1.000000000000000e+00	20
175	1.000000000000000e+00	20
176	1.000000000000000e+00	20
177	1.000000000000000e+00	20
178	1.000000000000000e+00	20
179	1.000000000000000e+00	40
180	1.000000000000000e+00	80
181	1.000000000000000e+00	40
182	1.000000000000000e+00	60
183	1.000000000000000e+00	20
184	1.000000000000000e+00	20
185	1.000000000000000e+00	40
186	1.000000000000000e+00	80
187	1.000000000000000e+00	20
188	1.000000000000000e+00	20
189	1.000000000000000e+00	20
190	1.000000000000000e+00	80
191	1.000000000000000e+00	20
192	1.000000000000000e+00	20
193	1.000000000000000e+00	40
194	1.000000000000000e+00	100
195	1.000000000000000e+00	20
196	1.000000000000000e+00	20
197	1.000000000000000e+00	20
198	1.000000000000000e+00	20
199	1.000000000000000e+00	20
200	1.000000000000000e+00	40
201	1.000000000000000e+00	20
202	1.000000000000000e+00	20
203	1.000000000000000e+00	20
204	1.000000000000000e+00	20
205	1.000000000000000e+00	20
206	1.000000000000000e+00	20
207	1.000000000000000e+00	20
208	1.000000000000000e+00	20
209	1.000000000000000e+00	20
210	1.000000000000000e+00	20
211	1.000000000000000e+00	40
212	1.000000000000000e+00	20
213	1.000000000000000e+00	60
214	1.000000000000000e+00	20
215	1.000000000000000e+00	20
216	1.000000000000000e+00	80
217	1.000000000000000e+00	100
218	1.000000000000000e+00	20
219	1.000000000000000e+00	20
220	1.000000000000000e+00	20
221	1.000000000000000e+00	80
222	1.000000000000000e+00	20
223	1.000000000000000e+00	20
224	1.000000000000000e+00	40
225	1.000000000000000e+00	40
226	1.000000000000000e+00	20
227	1.000000000000000e+00	20
228	1.000000000000000e+00	20
229	1.000000000000000e+00	80
230	1.000000000000000e+00	20
231	1.000000000000000e+00	60
232	1.000000000000000e+00	20
233	1.000000000000000e+00	40
234	1.000000000000000e+00	20
235	1.000000000000000e+00	20
236	1.000000000000000e+00	60
237	1.000000000000000e+00	20
238	1.000000000000000e+00	60
239	1.000000000000000e+00	20
240	1.000000000000000e+00	20
241	1.000000000000000e+00	20
242	1.000000000000000e+00	20
243	1.000000000000000e+00	20
244	1.000000000000000e+00	20
245	1.000000000000000e+00	20
246	1.000000000000000e+00	40
247	1.000000000000000e+00	20
248	1.000000000000000e+00	40
249	1.000000000000000e+00	40
250	1.000000000000000e+00	20
251	1.000000000000000e+00	20
252	1.000000000000000e+00	20
253	1.000000000000000e+00	20
254	1.000000000000000e+00	20
255	1.000000000000000e+00	40
256	1.000000000000000e+00	20
257	1.000000000000000e+00	20
258	1.000000000000000e+00	60
259	1.000000000000000e+00	20
260	1.000000000000000e+00	20
261	1.000000000000000e+00	20
262	1.000000000000000e+00	20
263	1.000000000000000e+00	20
264	1.000000000000000e+00	20
265	1.000000000000000e+00	20
266	1.000000000000000e+00	20
267	1.000000000000000e+00	100
268	1.000000000000000e+00	20
269	1.000000000000000e+00	20
270	1.000000000000000e+00	20
271	1.000000000000000e+00	80
272	1.000000000000000e+00	20
273	1.000000000000000e+00	20
274	1.000000000000000e+00	100
275	1.000000000000000e+00	20
276	1.000000000000000e+00	40
277	1.000000000000000e+00	80
278	1.000000000000000e+00	20
279	1.000000000000000e+00	20
280	1.000000000000000e+00	60
281	1.000000000000000e+00	40
282	1.000000000000000e+00	20
283	1.000000000000000e+00	80
284	1.000000000000000e+00	20
285	1.000000000000000e+00	80
286	1.000000000000000e+00	20
287	1.000000000000000e+00	20
288	1.000000000000000e+00	20
289	1.000000000000000e+00	40
290	1.000000000000000e+00	20
291	1.000000000000000e+00	40
292	1.000000000000000e+00	60
293	1.000000000000000e+00	20
294	1.000000000000000e+00	20
295	1.000000000000000e+00	20
296	1.000000000000000e+00	20
297	1.000000000000000e+00	40
298	1.000000000000000e+00	20
299	1.000000000000000e+00	20
300	1.000000000000000e+00	20
301	1.000000000000000e+00	20
302	1.000000000000000e+00	80
303	1.000000000000000e+00	20
304	1.000000000000000e+00	20
305	1.000000000000000e+00	20
306	1.000000000000000e+00	20
307	1.000000000000000e+00	40
308	1.000000000000000e+00	120
309	1.000000000000000e+00	20
310	1.000000000000000e+00	20
311	1.000000000000000e+00	20
312	1.000000000000000e+00	20
313	1.000000000000000e+00	20
314	1.000000000000000e+00	20
315	1.000000000000000e+00	20
316	1.000000000000000e+00	40
317	1.000000000000000e+00	20
318	1.000000000000000e+00	20
319	1.000000000000000e+00	20
320	1.000000000000000e+00	20
321	1.000000000000000e+00	20
322	1.000000000000000e+00	40
323	1.000000000000000e+00	20
324	1.000000000000000e+00	20
325	1.000000000000000e+00	60
326	1.000000000000000e+00	40
327	1.000000000000000e+00	60
328	1.000000000000000e+00	20
329	1.000000000000000e+00	60
330	1.000000000000000e+00	20
331	1.000000000000000e+00	60
332	1.000000000000000e+00	60
333	1.000000000000000e+00	20
334	1.000000000000000e+00	40
335	1.000000000000000e+00	40
336	1.000000000000000e+00	40
337	1.000000000000000e+00	60
338	1.000000000000000e+00	20
339	1.000000000000000e+00	20
340	1.000000000000000e+00	20
341	1.000000000000000e+00	20
342	1.000000000000000e+00	20
343	1.000000000000000e+00	20
344	1.000000000000000e+00	40
345	1.000000000000000e+00	20
346	1.000000000000000e+00	40
347	1.000000000000000e+00	20
348	1.000000000000000e+00	40
349	1.000000000000000e+00	20
350	1.000000000000000e+00	60
351	1.000000000000000e+00	20
352	1.000000000000000e+00	20
353	1.000000000000000e+00	20
354	1.000000000000000e+00	20
355	1.000000000000000e+00	100
356	1.000000000000000e+00	20
357	1.000000000000000e+00	120
358	1.000000000000000e+00	20
359	1.000000000000000e+00	20
360	1.000000000000000e+00	120
361	1.000000000000000e+00	20
362	1.000000000000000e+00	20
363	1.000000000000000e+00	20
364	1.000000000000000e+00	40
365	1.000000000000000e+00	20
366	1.000000000000000e+00	60
367	1.000000000000000e+00	20
368	1.000000000000000e+00	20
369	1.000000000000000e+00	20
370	1.000000000000000e+00	40
371	1.000000000000000e+00	20
372	1.000000000000000e+00	80
373	1.000000000000000e+00	60
374	1.000000000000000e+00	40
375	1.000000000000000e+00	20
376	1.000000000000000e+00	20
377	1.000000000000000e+00	20
378	1.000000000000000e+00	60
379	1.000000000000000e+00	20
380	1.000000000000000e+00	60
381	1.000000000000000e+00	40
382	1.000000000000000e+00	20
383	1.000000000000000e+00	20
384	1.000000000000000e+00	100
385	1.000000000000000e+00	60
386	1.000000000000000e+00	20
387	1.000000000000000e+00	40
388	1.000000000000000e+00	20
389	1.000000000000000e+00	20
390	1.000000000000000e+00	80
391	1.000000000000000e+00	20
392	1.000000000000000e+00	20
393	1.000000000000000e+00	20
394	1.000000000000000e+00	20
395	1.000000000000000e+00	20
396	1.000000000000000e+00	20
397	1.000000000000000e+00	180
398	1.000000000000000e+00	100
399	1.000000000000000e+00	20
400	1.000000000000000e+00	20
401	1.000000000000000e+00	100
402	1.000000000000000e+00	20
403	1.000000000000000e+00	20
404	1.000000000000000e+00	20
405	1.000000000000000e+00	60
406	1.000000000000000e+00	20
407	1.000000000000000e+00	20
408	1.000000000000000e+00	20
409	1.000000000000000e+00	20
410	1.000000000000000e+00	80
411	1.000000000000000e+00	40
412	1.000000000000000e+00	20
413	1.000000000000000e+00	20
414	1.000000000000000e+00	20
415	1.000000000000000e+00	20
416	1.000000000000000e+00	60
417	1.000000000000000e+00	40
418	1.000000000000000e+00	20
419	1.000000000000000e+00	40
420	1.000000000000000e+00	20
421	1.000000000000000e+00	60
422	1.000000000000000e+00	20
423	1.000000000000000e+00	20
424	1.000000000000000e+00	40
425	1.000000000000000e+00	40
426	1.000000000000000e+00	20
427	1.000000000000000e+00	20
428	1.000000000000000e+00	20
429	1.000000000000000e+00	20
430	1.000000000000000e+00	20
431	1.000000000000000e+00	20
432	1.000000000000000e+00	200
433	1.000000000000000e+00	40
434	1.000000000000000e+00	20
435	1.000000000000000e+00	20
436	1.000000000000000e+00	60
437	1.000000000000000e+00	20
438	1.000000000000000e+00	20
439	1.000000000000000e+00	60
440	1.000000000000000e+00	80
441	1.000000000000000e+00	60
442	1.000000000000000e+00	20
443	1.000000000000000e+00	20
444	1.000000000000000e+00	20
445	1.000000000000000e+00	20
446	1.000000000000000e+00	60
447	1.000000000000000e+00	40
448	1.000000000000000e+00	60
449	1.000000000000000e+00	80
450	1.000000000000000e+00	80
451	1.000000000000000e+00	20
452	1.000000000000000e+00	20
453	1.000000000000000e+00	100
454	1.000000000000000e+00	100
455	1.000000000000000e+00	160
456	1.000000000000000e+00	20
457	1.000000000000000e+00	20
458	1.000000000000000e+00	20
459	1.000000000000000e+00	20
460	1.000000000000000e+00	20
461	1.000000000000000e+00	20
462	1.000000000000000e+00	20
463	1.000000000000000e+00	20
464	1.000000000000000e+00	20
465	1.000000000000000e+00	20
466	1.000000000000000e+00	20
467	1.000000000000000e+00	60
468	1.000000000000000e+00	20
469	1.000000000000000e+00	80
470	1.000000000000000e+00	20
471	1.000000000000000e+00	40
472	1.000000000000000e+00	20
473	1.000000000000000e+00	20
474	1.000000000000000e+00	20
475	1.000000000000000e+00	40
476	1.000000000000000e+00	20
477	1.000000000000000e+00	20
478	1.000000000000000e+00	20
479	1.000000000000000e+00	20
480	1.000000000000000e+00	40
481	1.000000000000000e+00	20
482	1.000000000000000e+00	20
483	1.000000000000000e+00	20
484	1.000000000000000e+00	60
485	1.000000000000000e+00	120
486	1.000000000000000e+00	40
487	1.000000000000000e+00	20
488	1.000000000000000e+00	20
489	1.000000000000000e+00	40
490	1.000000000000000e+00	80
491	1.000000000000000e+00	40
492	1.000000000000000e+00	20
493	1.000000000000000e+00	60
494	1.000000000000000e+00	20
495	1.000000000000000e+00	20
496	1.000000000000000e+00	20
497	1.000000000000000e+00	20
498	1.000000000000000e+00	40
499	1.000000000000000e+00	20
500	1.000000000000000e+00	20
501	1.000000000000000e+00	60
502	1.000000000000000e+00	20
503	1.000000000000000e+00	20
504	1.000000000000000e+00	20
505	1.000000000000000e+00	20
506	1.000000000000000e+00	20
507	1.000000000000000e+00	140
508	1.000000000000000e+00	20
509	1.000000000000000e+00	20
510	1.000000000000000e+00	60
511	1.000000000000000e+00	20
512	1.000000000000000e+00	20
513	1.000000000000000e+00	40
514	1.000000000000000e+00	20
515	1.000000000000000e+00	120
516	1.000000000000000e+00	20
517	1.000000000000000e+00	20
518	1.000000000000000e+00	60
519	1.000000000000000e+00	40
520	1.000000000000000e+00	40
521	1.000000000000000e+00	20
522	1.000000000000000e+00	20
523	1.000000000000000e+00	20
524	1.000000000000000e+00	20
525	1.000000000000000e+00	60
526	1.000000000000000e+00	80
527	1.000000000000000e+00	20
528	1.000000000000000e+00	20
529	1.000000000000000e+00	60
530	1.000000000000000e+00	20
531	1.000000000000000e+00	80
532	1.000000000000000e+00	20
533	1.000000000000000e+00	40
534	1.000000000000000e+00	20
535	1.000000000000000e+00	20
536	1.000000000000000e+00	20
537	1.000000000000000e+00	20
538	1.000000000000000e+00	20
539	1.000000000000000e+00	40
540	1.000000000000000e+00	20
541	1.000000000000000e+00	40
542	1.000000000000000e+00	20
543	1.000000000000000e+00	60
544	1.000000000000000e+00	40
545	1.000000000000000e+00	20
546	1.000000000000000e+00	40
547	1.000000000000000e+00	20
548	1.000000000000000e+00	20
549	1.000000000000000e+00	80
550	1.000000000000000e+00	20
551	1.000000000000000e+00	20
552	1.000000000000000e+00	60
553	1.000000000000000e+00	20
554	1.000000000000000e+00	20
555	1.000000000000000e+00	80
556	1.000000000000000e+00	20
557	1.000000000000000e+00	20
558	1.000000000000000e+00	60
559	1.000000000000000e+00	40
560	1.000000000000000e+00	20
561	1.000000000000000e+00	20
562	1.000000000000000e+00	40
563	1.000000000000000e+00	20
564	1.000000000000000e+00	40
565	1.000000000000000e+00	20
566	1.000000000000000e+00	20
567	1.000000000000000e+00	40
568	1.000000000000000e+00	20
569	1.000000000000000e+00	20
570	1.000000000000000e+00	20
571	1.000000000000000e+00	60
572	1.000000000000000e+00	80
573	1.000000000000000e+00	20
574	1.000000000000000e+00	40
575	1.000000000000000e+00	40
576	1.000000000000000e+00	20
577	1.000000000000000e+00	20
578	1.000000000000000e+00	60
579	1.000000000000000e+00	20
580	1.000000000000000e+00	20
581	1.000000000000000e+00	40
582	1.000000000000000e+00	40
583	1.000000000000000e+00	20
584	1.000000000000000e+00	20
585	1.000000000000000e+00	20
586	1.000000000000000e+00	20
587	1.000000000000000e+00	40
588	1.000000000000000e+00	20
589	1.000000000000000e+00	20
590	1.000000000000000e+00	20
591	1.000000000000000e+00	20
592	1.000000000000000e+00	20
593	1.000000000000000e+00	20
594	1.000000000000000e+00	20
595	1.000000000000000e+00	200
596	1.000000000000000e+00	40
597	1.000000000000000e+00	80
598	1.000000000000000e+00	20
599	1.000000000000000e+00	60
600	1.000000000000000e+00	20
601	1.000000000000000e+00	20
602	1.000000000000000e+00	20
603	1.000000000000000e+00	120
604	1.000000000000000e+00	60
605	1.000000000000000e+00	20
606	1.000000000000000e+00	20
607	1.000000000000000e+00	60
608	1.000000000000000e+00	40
609	1.000000000000000e+00	40
610	1.000000000000000e+00	20
611	1.000000000000000e+00	20
612	1.000000000000000e+00	20
613	1.000000000000000e+00	60
614	1.000000000000000e+00	60
615	1.000000000000000e+00	20
616	1.000000000000000e+00	20
617	1.000000000000000e+00	20
618	1.000000000000000e+00	20
619	1.000000000000000e+00	20
620	1.000000000000000e+00	20
621	1.000000000000000e+00	60
622	1.000000000000000e+00	20
623	1.000000000000000e+00	20
624	1.000000000000000e+00	20
625	1.000000000000000e+00	20
626	1.000000000000000e+00	20
627	1.000000000000000e+00	20
628	1.000000000000000e+00	20
629	1.000000000000000e+00	20
630	1.000000000000000e+00	40
631	1.000000000000000e+00	20
632	1.000000000000000e+00	20
633	1.000000000000000e+00	40
634	1.000000000000000e+00	20
635	1.000000000000000e+00	40
636	1.000000000000000e+00	20
637	1.000000000000000e+00	20
638	1.000000000000000e+00	20
639	1.000000000000000e+00	20
640	1.000000000000000e+00	60
641	1.000000000000000e+00	80
642	1.000000000000000e+00	20
643	1.000000000000000e+00	40
644	1.000000000000000e+00	20
645	1.000000000000000e+00	60
646	1.000000000000000e+00	40
647	1.000000000000000e+00	20
648	1.000000000000000e+00	20
649	1.000000000000000e+00	20
650	1.000000000000000e+00	20
651	1.000000000000000e+00	120
652	1.000000000000000e+00	40
653	1.000000000000000e+00	20
654	1.000000000000000e+00	20
655	1.000000000000000e+00	20
656	1.000000000000000e+00	40
657	1.000000000000000e+00	140
658	1.000000000000000e+00	40
659	1.000000000000000e+00	40
660	1.000000000000000e+00	20
661	1.000000000000000e+00	20
662	1.000000000000000e+00	20
663	1.000000000000000e+00	20
664	1.000000000000000e+00	20
665	1.000000000000000e+00	20
666	1.000000000000000e+00	20
667	1.000000000000000e+00	20
668	1.000000000000000e+00	20
669	1.000000000000000e+00	20
670	1.000000000000000e+00	80
671	1.000000000000000e+00	20
672	1.000000000000000e+00	20
673	1.000000000000000e+00	80
674	1.000000000000000e+00	60
675	1.000000000000000e+00	20
676	1.000000000000000e+00	20
677	1.000000000000000e+00	40
678	1.000000000000000e+00	60
679	1.000000000000000e+00	40
680	1.000000000000000e+00	60
681	1.000000000000000e+00	20
682	1.000000000000000e+00	20
683	1.000000000000000e+00	60
684	1.000000000000000e+00	20
685	1.000000000000000e+00	200
686	1.000000000000000e+00	20
687	1.000000000000000e+00	60
688	1.000000000000000e+00	20
689	1.000000000000000e+00	20
690	1.000000000000000e+00	20
691	1.000000000000000e+00	80
692	1.000000000000000e+00	40
693	1.000000000000000e+00	60
694	1.000000000000000e+00	80
695	1.000000000000000e+00	20
696	1.000000000000000e+00	60
697	1.000000000000000e+00	20
698	1.000000000000000e+00	20
699	1.000000000000000e+00	20
700	1.000000000000000e+00	20
701	1.000000000000000e+00	20
702	1.000000000000000e+00	120
703	1.000000000000000e+00	20
704	1.000000000000000e+00	20
705	1.000000000000000e+00	20
706	1.000000000000000e+00	100
707	1.000000000000000e+00	20
708	1.000000000000000e+00	20
709	1.000000000000000e+00	20
710	1.000000000000000e+00	20
711	1.000000000000000e+00	20
712	1.000000000000000e+00	20
713	1.000000000000000e+00	20
714	1.000000000000000e+00	100
715	1.000000000000000e+00	20
716	1.000000000000000e+00	20
717	1.000000000000000e+00	80
718	1.000000000000000e+00	20
719	1.000000000000000e+00	20
720	1.000000000000000e+00	20
721	1.000000000000000e+00	40
722	1.000000000000000e+00	20
723	1.000000000000000e+00	20
724	1.000000000000000e+00	20
725	1.000000000000000e+00	20
726	1.000000000000000e+00	20
727	1.000000000000000e+00	20
728	1.000000000000000e+00	20
729	1.000000000000000e+00	20
730	1.000000000000000e+00	40
731	1.000000000000000e+00	20
732	1.000000000000000e+00	100
733	1.000000000000000e+00	20
734	1.000000000000000e+00	20
735	1.000000000000000e+00	20
736	1.000000000000000e+00	20
737	1.000000000000000e+00	20
738	1.000000000000000e+00	20
739	1.000000000000000e+00	60
740	1.000000000000000e+00	20
741	1.000000000000000e+00	20
742	1.000000000000000e+00	20
743	1.000000000000000e+00	20
744	1.000000000000000e+00	80
745	1.000000000000000e+00	20
746	1.000000000000000e+00	60
747	1.000000000000000e+00	20
748	1.000000000000000e+00	20
749	1.000000000000000e+00	20
750	1.000000000000000e+00	40
751	1.000000000000000e+00	100
752	1.000000000000000e+00	60
753	1.000000000000000e+00	20
754	1.000000000000000e+00	80
755	1.000000000000000e+00	160
756	1.000000000000000e+00	80
757	1.000000000000000e+00	20
758	1.000000000000000e+00	20
759	1.000000000000000e+00	20
760	1.000000000000000e+00	20
761	1.000000000000000e+00	40
762	1.000000000000000e+00	40
763	1.000000000000000e+00	20
764	1.000000000000000e+00	40
765	1.000000000000000e+00	20
766	1.000000000000000e+00	60
767	1.000000000000000e+00	40
768	1.000000000000000e+00	20
769	1.000000000000000e+00	100
770	1.000000000000000e+00	20
771	1.000000000000000e+00	20
772	1.000000000000000e+00	20
773	1.000000000000000e+00	20
774	1.000000000000000e+00	20
775	1.000000000000000e+00	20
776	1.000000000000000e+00	20
777	1.000000000000000e+00	120
778	1.000000000000000e+00	20
779	1.000000000000000e+00	40
780	1.000000000000000e+00	20
781	1.000000000000000e+00	40
782	1.000000000000000e+00	20
783	1.000000000000000e+00	80
784	1.000000000000000e+00	20
785	1.000000000000000e+00	20
786	1.000000000000000e+00	140
787	1.000000000000000e+00	20
788	1.000000000000000e+00	20
789	1.000000000000000e+00	20
790	1.000000000000000e+00	20
791	1.000000000000000e+00	80
792	1.000000000000000e+00	80
793	1.000000000000000e+00	40
794	1.000000000000000e+00	40
795	1.000000000000000e+00	80
796	1.000000000000000e+00	20
797	1.000000000000000e+00	20
798	1.000000000000000e+00	20
799	1.000000000000000e+00	20
800	1.000000000000000e+00	60
801	1.000000000000000e+00	100
802	1.000000000000000e+00	20
803	1.000000000000000e+00	20
804	1.000000000000000e+00	20
805	9.500000000000001e-01	20
806	9.000000000000000e-01	40
807	8.500000000000001e-01	20
808	8.000000000000000e-01	20
809	7.500000000000000e-01	40
810	6.500000000000000e-01	20
811	6.000000000000001e-01	20
812	6.000000000000001e-01	20
813	6.500000000000000e-01	20
814	7.500000000000000e-01	20
815	8.000000000000000e-01	20
816	8.500000000000001e-01	60
817	9.000000000000000e-01	20
818	9.500000000000001e-01	20
819	9.000000000000000e-01	20
820	9.000000000000000e-01	20
821	8.500000000000001e-01	60
822	7.500000000000000e-01	40
823	7.000000000000001e-01	20
824	6.000000000000001e-01	40
825	6.500000000000000e-01	20
826	7.000000000000001e-01	60
827	7.000000000000001e-01	20
828	7.000000000000001e-01	20
829	7.000000000000001e-01	20
830	7.500000000000000e-01	20
831	8.000000000000000e-01	40
832	8.500000000000001e-01	20
833	9.000000000000000e-01	20
834	9.500000000000001e-01	20
835	1.000000000000000e+00	20
836	1.000000000000000e+00	20
837	1.000000000000000e+00	20
838	1.000000000000000e+00	80
839	1.000000000000000e+00	20
840	1.000000000000000e+00	20
841	1.000000000000000e+00	20
842	1.000000000000000e+00	140
843	1.000000000000000e+00	40
844	1.000000000000000e+00	40
845	1.000000000000000e+00	20
846	1.000000000000000e+00	20
847	1.000000000000000e+00	40
848	1.000000000000000e+00	40
849	1.000000000000000e+00	140
850	1.000000000000000e+00	40
851	1.000000000000000e+00	160
852	1.000000000000000e+00	20
853	1.000000000000000e+00	40
854	1.000000000000000e+00	20
855	1.000000000000000e+00	40
856	1.000000000000000e+00	60
857	1.000000000000000e+00	20
858	1.000000000000000e+00	20
859	1.000000000000000e+00	20
860	1.000000000000000e+00	20
861	1.000000000000000e+00	40
862	1.000000000000000e+00	20
863	1.000000000000000e+00	40
864	1.000000000000000e+00	20
865	1.000000000000000e+00	20
866	1.000000000000000e+00	20
867	1.000000000000000e+00	60
868	1.000000000000000e+00	40
869	1.000000000000000e+00	60
870	1.000000000000000e+00	20
871	1.000000000000000e+00	140
872	1.000000000000000e+00	20
873	1.000000000000000e+00	20
874	1.000000000000000e+00	20
875	1.000000000000000e+00	40
876	1.000000000000000e+00	20
877	1.000000000000000e+00	20
878	1.000000000000000e+00	40
879	1.000000000000000e+00	80
880	1.000000000000000e+00	80
881	1.000000000000000e+00	20
882	1.000000000000000e+00	20
883	1.000000000000000e+00	20
884	1.000000000000000e+00	20
885	1.000000000000000e+00	20
886	1.000000000000000e+00	20
887	1.000000000000000e+00	20
888	1.000000000000000e+00	40
889	1.000000000000000e+00	120
890	1.000000000000000e+00	20
891	1.000000000000000e+00	20
892	1.000000000000000e+00	20
893	1.000000000000000e+00	20
894	1.000000000000000e+00	20
895	1.000000000000000e+00	40
896	1.000000000000000e+00	20
897	1.000000000000000e+00	20
898	1.000000000000000e+00	20
899	1.000000000000000e+00	60
900	1.000000000000000e+00	40
901	1.000000000000000e+00	20
902	1.000000000000000e+00	180
903	1.000000000000000e+00	40
904	1.000000000000000e+00	200
905	1.000000000000000e+00	120
906	1.000000000000000e+00	100
907	1.000000000000000e+00	40
908	1.000000000000000e+00	40
909	1.000000000000000e+00	20
910	1.000000000000000e+00	40
911	1.000000000000000e+00	40
912	1.000000000000000e+00	20
913	1.000000000000000e+00	40
914	1.000000000000000e+00	60
915	1.000000000000000e+00	20
916	1.000000000000000e+00	20
917	1.000000000000000e+00	20
918	1.000000000000000e+00	40
919	1.000000000000000e+00	20
920	1.000000000000000e+00	40
921	1.000000000000000e+00	40
922	1.000000000000000e+00	20
923	1.000000000000000e+00	60
924	1.000000000000000e+00	40
925	1.000000000000000e+00	40
926	1.000000000000000e+00	20
927	1.000000000000000e+00	20
928	1.000000000000000e+00	20
929	1.000000000000000e+00	40
930	1.000000000000000e+00	20
931	1.000000000000000e+00	20
932	1.000000000000000e+00	60
933	1.000000000000000e+00	20
934	1.000000000000000e+00	40
935	1.000000000000000e+00	20
936	1.000000000000000e+00	20
937	1.000000000000000e+00	20
938	1.000000000000000e+00	20
939	1.000000000000000e+00	20
940	1.000000000000000e+00	20
941	1.000000000000000e+00	20
942	1.000000000000000e+00	60
943	1.000000000000000e+00	40
944	1.000000000000000e+00	40
945	1.000000000000000e+00	20
946	1.000000000000000e+00	20
947	1.000000000000000e+00	20
948	1.000000000000000e+00	120
949	1.000000000000000e+00	20
950	1.000000000000000e+00	20
951	1.000000000000000e+00	20
952	1.000000000000000e+00	20
953	1.000000000000000e+00	20
954	1.000000000000000e+00	20
955	1.000000000000000e+00	20
956	1.000000000000000e+00	80
957	1.000000000000000e+00	20
958	1.000000000000000e+00	120
959	1.000000000000000e+00	20
960	1.000000000000000e+00	40
961	1.000000000000000e+00	60
962	1.000000000000000e+00	20
963	1.000000000000000e+00	80
964	1.000000000000000e+00	20
965	1.000000000000000e+00	100
966	1.000000000000000e+00	20
967	1.000000000000000e+00	20
968	1.000000000000000e+00	20
969	1.000000000000000e+00	20
970	1.000000000000000e+00	40
971	1.000000000000000e+00	40
972	1.000000000000000e+00	20
973	1.000000000000000e+00	40
974	1.000000000000000e+00	20
975	1.000000000000000e+00	60
976	1.000000000000000e+00	40
977	1.000000000000000e+00	40
978	1.000000000000000e+00	60
979	1.000000000000000e+00	100
980	1.000000000000000e+00	20
981	1.000000000000000e+00	80
982	1.000000000000000e+00	40
983	1.000000000000000e+00	20
984	1.000000000000000e+00	20
985	1.000000000000000e+00	100
986	1.000000000000000e+00	20
987	1.000000000000000e+00	160
988	1.000000000000000e+00	80
989	1.000000000000000e+00	20
990	1.000000000000000e+00	20
991	1.000000000000000e+00	20
992	1.000000000000000e+00	120
993	1.000000000000000e+00	60
994	1.000000000000000e+00	20
995	1.000000000000000e+00	20
996	1.000000000000000e+00	40
997	1.000000000000000e+00	20
998	1.000000000000000e+00	20
999	1.000000000000000e+00	40
1000	1.000000000000000e+00	20


Tempo gasto: 24.339676
