Método usado: ANTCOLONY OPTIMIZATION

POSIÇÃO	ÁREA(mm²)	CUSTO

1	1.000000000000000e+00	20
2	1.000000000000000e+00	40
3	1.000000000000000e+00	80
4	1.000000000000000e+00	20
5	1.000000000000000e+00	20
6	1.000000000000000e+00	20
7	1.000000000000000e+00	40
8	1.000000000000000e+00	20
9	1.000000000000000e+00	40
10	1.000000000000000e+00	40
11	1.000000000000000e+00	20
12	1.000000000000000e+00	40
13	1.000000000000000e+00	20
14	1.000000000000000e+00	20
15	1.000000000000000e+00	20
16	1.000000000000000e+00	40
17	1.000000000000000e+00	20
18	1.000000000000000e+00	20
19	1.000000000000000e+00	80
20	1.000000000000000e+00	20
21	1.000000000000000e+00	20
22	1.000000000000000e+00	80
23	1.000000000000000e+00	20
24	1.000000000000000e+00	20
25	1.000000000000000e+00	40
26	1.000000000000000e+00	40
27	1.000000000000000e+00	20
28	1.000000000000000e+00	20
29	1.000000000000000e+00	140
30	1.000000000000000e+00	20
31	1.000000000000000e+00	20
32	1.000000000000000e+00	20
33	1.000000000000000e+00	20
34	1.000000000000000e+00	20
35	1.000000000000000e+00	20
36	1.000000000000000e+00	140
37	1.000000000000000e+00	20
38	1.000000000000000e+00	20
39	1.000000000000000e+00	60
40	1.000000000000000e+00	20
41	1.000000000000000e+00	20
42	1.000000000000000e+00	20
43	1.000000000000000e+00	20
44	1.000000000000000e+00	100
45	1.000000000000000e+00	20
46	1.000000000000000e+00	40
47	1.000000000000000e+00	20
48	1.000000000000000e+00	20
49	1.000000000000000e+00	80
50	1.000000000000000e+00	40
51	1.000000000000000e+00	40
52	1.000000000000000e+00	60
53	1.000000000000000e+00	40
54	1.000000000000000e+00	40
55	1.000000000000000e+00	60
56	1.000000000000000e+00	80
57	1.000000000000000e+00	20
58	1.000000000000000e+00	20
59	1.000000000000000e+00	20
60	1.000000000000000e+00	20
61	1.000000000000000e+00	20
62	1.000000000000000e+00	40
63	1.000000000000000e+00	20
64	1.000000000000000e+00	40
65	1.000000000000000e+00	20
66	1.000000000000000e+00	20
67	1.000000000000000e+00	40
68	1.000000000000000e+00	100
69	1.000000000000000e+00	20
70	1.000000000000000e+00	100
71	1.000000000000000e+00	20
72	1.000000000000000e+00	20
73	1.000000000000000e+00	20
74	1.000000000000000e+00	20
75	1.000000000000000e+00	80
76	1.000000000000000e+00	20
77	1.000000000000000e+00	20
78	1.000000000000000e+00	20
79	1.000000000000000e+00	20
80	1.000000000000000e+00	60
81	1.000000000000000e+00	20
82	1.000000000000000e+00	20
83	1.000000000000000e+00	60
84	1.000000000000000e+00	120
85	1.000000000000000e+00	20
86	1.000000000000000e+00	40
87	1.000000000000000e+00	100
88	1.000000000000000e+00	100
89	1.000000000000000e+00	20
90	1.000000000000000e+00	20
91	1.000000000000000e+00	20
92	1.000000000000000e+00	20
93	1.000000000000000e+00	20
94	1.000000000000000e+00	40
95	1.000000000000000e+00	20
96	1.000000000000000e+00	20
97	1.000000000000000e+00	80
98	1.000000000000000e+00	60
99	1.000000000000000e+00	20
100	1.000000000000000e+00	20
101	9.500000000000001e-01	40
102	9.000000000000000e-01	20
103	8.500000000000001e-01	20
104	8.000000000000000e-01	20
105	7.500000000000000e-01	20
106	7.000000000000001e-01	40
107	7.000000000000001e-01	160
108	7.000000000000001e-01	20
109	7.000000000000001e-01	20
110	6.500000000000000e-01	20
111	6.000000000000001e-01	40
112	7.000000000000001e-01	20
113	7.500000000000000e-01	20
114	8.500000000000001e-01	60
115	9.000000000000000e-01	20
116	9.000000000000000e-01	20
117	9.500000000000001e-01	20
118	9.000000000000000e-01	40
119	8.500000000000001e-01	60
120	8.000000000000000e-01	80
121	7.500000000000000e-01	40
122	6.500000000000000e-01	20
123	6.000000000000001e-01	20
124	6.000000000000001e-01	60
125	6.500000000000000e-01	20
126	7.500000000000000e-01	40
127	8.000000000000000e-01	40
128	8.500000000000001e-01	100
129	9.000000000000000e-01	20
130	9.500000000000001e-01	20
131	1.000000000000000e+00	40
132	1.000000000000000e+00	20
133	1.000000000000000e+00	20
134	1.000000000000000e+00	60
135	1.000000000000000e+00	60
136	1.000000000000000e+00	20
137	1.000000000000000e+00	40
138	1.000000000000000e+00	20
139	1.000000000000000e+00	40
140	1.000000000000000e+00	20
141	1.000000000000000e+00	20
142	1.000000000000000e+00	20
143	1.000000000000000e+00	20
144	1.000000000000000e+00	80
145	1.000000000000000e+00	20
146	1.000000000000000e+00	20
147	1.000000000000000e+00	80
148	1.000000000000000e+00	20
149	1.000000000000000e+00	20
150	1.000000000000000e+00	20
151	1.000000000000000e+00	20
152	1.000000000000000e+00	20
153	1.000000000000000e+00	40
154	1.000000000000000e+00	40
155	1.000000000000000e+00	60
156	1.000000000000000e+00	40
157	1.000000000000000e+00	20
158	1.000000000000000e+00	120
159	1.000000000000000e+00	20
160	1.000000000000000e+00	20
161	1.000000000000000e+00	60
162	1.000000000000000e+00	40
163	1.000000000000000e+00	80
164	1.000000000000000e+00	40
165	1.000000000000000e+00	20
166	1.000000000000000e+00	40
167	1.000000000000000e+00	20
168	1.000000000000000e+00	80
169	1.000000000000000e+00	20
170	1.000000000000000e+00	120
171	1.000000000000000e+00	40
172	1.000000000000000e+00	20
173	1.000000000000000e+00	20
174	1.000000000000000e+00	80
175	1.000000000000000e+00	20
176	1.000000000000000e+00	20
177	1.000000000000000e+00	40
178	1.000000000000000e+00	40
179	1.000000000000000e+00	120
180	1.000000000000000e+00	60
181	1.000000000000000e+00	20
182	1.000000000000000e+00	20
183	1.000000000000000e+00	20
184	1.000000000000000e+00	20
185	1.000000000000000e+00	80
186	1.000000000000000e+00	20
187	1.000000000000000e+00	20
188	1.000000000000000e+00	20
189	1.000000000000000e+00	20
190	1.000000000000000e+00	20
191	1.000000000000000e+00	20
192	1.000000000000000e+00	20
193	1.000000000000000e+00	20
194	1.000000000000000e+00	20
195	1.000000000000000e+00	60
196	1.000000000000000e+00	20
197	1.000000000000000e+00	20
198	1.000000000000000e+00	40
199	1.000000000000000e+00	20
200	1.000000000000000e+00	140
201	1.000000000000000e+00	80
202	1.000000000000000e+00	20
203	1.000000000000000e+00	40
204	1.000000000000000e+00	40
205	1.000000000000000e+00	20
206	1.000000000000000e+00	20
207	1.000000000000000e+00	60
208	1.000000000000000e+00	40
209	1.000000000000000e+00	60
210	1.000000000000000e+00	20
211	1.000000000000000e+00	40
212	1.000000000000000e+00	20
213	1.000000000000000e+00	20
214	1.000000000000000e+00	20
215	1.000000000000000e+00	20
216	1.000000000000000e+00	40
217	1.000000000000000e+00	60
218	1.000000000000000e+00	20
219	1.000000000000000e+00	60
220	1.000000000000000e+00	20
221	1.000000000000000e+00	60
222	1.000000000000000e+00	40
223	1.000000000000000e+00	20
224	1.000000000000000e+00	20
225	1.000000000000000e+00	20
226	1.000000000000000e+00	40
227	1.000000000000000e+00	20
228	1.000000000000000e+00	20
229	1.000000000000000e+00	20
230	1.000000000000000e+00	20
231	1.000000000000000e+00	20
232	1.000000000000000e+00	20
233	1.000000000000000e+00	40
234	1.000000000000000e+00	20
235	1.000000000000000e+00	20
236	1.000000000000000e+00	20
237	1.000000000000000e+00	60
238	1.000000000000000e+00	20
239	1.000000000000000e+00	20
240	1.000000000000000e+00	20
241	1.000000000000000e+00	60
242	1.000000000000000e+00	80
243	1.000000000000000e+00	20
244	1.000000000000000e+00	20
245	1.000000000000000e+00	20
246	1.000000000000000e+00	100
247	1.000000000000000e+00	20
248	1.000000000000000e+00	20
249	1.000000000000000e+00	20
250	1.000000000000000e+00	20
251	1.000000000000000e+00	20
252	1.000000000000000e+00	20
253	1.000000000000000e+00	20
254	1.000000000000000e+00	40
255	1.000000000000000e+00	20
256	1.000000000000000e+00	40
257	1.000000000000000e+00	40
258	1.000000000000000e+00	40
259	1.000000000000000e+00	20
260	1.000000000000000e+00	60
261	1.000000000000000e+00	20
262	1.000000000000000e+00	20
263	1.000000000000000e+00	20
264	1.000000000000000e+00	100
265	1.000000000000000e+00	20
266	1.000000000000000e+00	100
267	1.000000000000000e+00	40
268	1.000000000000000e+00	20
269	1.000000000000000e+00	40
270	1.000000000000000e+00	20
271	1.000000000000000e+00	20
272	1.000000000000000e+00	20
273	1.000000000000000e+00	20
274	1.000000000000000e+00	20
275	1.000000000000000e+00	20
276	1.000000000000000e+00	60
277	1.000000000000000e+00	20
278	1.000000000000000e+00	20
279	1.000000000000000e+00	20
280	1.000000000000000e+00	20
281	1.000000000000000e+00	60
282	1.000000000000000e+00	20
283	1.000000000000000e+00	20
284	1.000000000000000e+00	40
285	1.000000000000000e+00	20
286	1.000000000000000e+00	20
287	1.000000000000000e+00	40
288	1.000000000000000e+00	20
289	1.000000000000000e+00	140
290	1.000000000000000e+00	60
291	1.000000000000000e+00	20
292	1.000000000000000e+00	40
293	1.000000000000000e+00	20
294	1.000000000000000e+00	40
295	1.000000000000000e+00	20
296	1.000000000000000e+00	20
297	1.000000000000000e+00	20
298	1.000000000000000e+00	20
299	1.000000000000000e+00	40
300	1.000000000000000e+00	20
301	1.000000000000000e+00	160
302	1.000000000000000e+00	20
303	1.000000000000000e+00	40
304	1.000000000000000e+00	100
305	1.000000000000000e+00	20
306	1.000000000000000e+00	80
307	1.000000000000000e+00	40
308	1.000000000000000e+00	20
309	1.000000000000000e+00	20
310	1.000000000000000e+00	20
311	1.000000000000000e+00	20
312	1.000000000000000e+00	60
313	1.000000000000000e+00	20
314	1.000000000000000e+00	20
315	1.000000000000000e+00	20
316	1.000000000000000e+00	20
317	1.000000000000000e+00	20
318	1.000000000000000e+00	40
319	1.000000000000000e+00	20
320	1.000000000000000e+00	100
321	1.000000000000000e+00	20
322	1.000000000000000e+00	20
323	1.000000000000000e+00	40
324	1.000000000000000e+00	40
325	1.000000000000000e+00	20
326	1.000000000000000e+00	20
327	1.000000000000000e+00	20
328	1.000000000000000e+00	20
329	1.000000000000000e+00	60
330	1.000000000000000e+00	60
331	1.000000000000000e+00	60
332	1.000000000000000e+00	100
333	1.000000000000000e+00	60
334	1.000000000000000e+00	20
335	1.000000000000000e+00	20
336	1.000000000000000e+00	20
337	1.000000000000000e+00	120
338	1.000000000000000e+00	120
339	1.000000000000000e+00	20
340	1.000000000000000e+00	20
341	1.000000000000000e+00	40
342	1.000000000000000e+00	80
343	1.000000000000000e+00	80
344	1.000000000000000e+00	40
345	1.000000000000000e+00	20
346	1.000000000000000e+00	20
347	1.000000000000000e+00	40
348	1.000000000000000e+00	20
349	1.000000000000000e+00	20
350	1.000000000000000e+00	20
351	1.000000000000000e+00	20
352	1.000000000000000e+00	20
353	1.000000000000000e+00	20
354	1.000000000000000e+00	40
355	1.000000000000000e+00	20
356	1.000000000000000e+00	20
357	1.000000000000000e+00	20
358	1.000000000000000e+00	60
359	1.000000000000000e+00	40
360	1.000000000000000e+00	40
361	1.000000000000000e+00	20
362	1.000000000000000e+00	20
363	1.000000000000000e+00	20
364	1.000000000000000e+00	20
365	1.000000000000000e+00	20
366	1.000000000000000e+00	20
367	1.000000000000000e+00	20
368	1.000000000000000e+00	60
369	1.000000000000000e+00	100
370	1.000000000000000e+00	20
371	1.000000000000000e+00	80
372	1.000000000000000e+00	20
373	1.000000000000000e+00	20
374	1.000000000000000e+00	140
375	1.000000000000000e+00	20
376	1.000000000000000e+00	40
377	1.000000000000000e+00	20
378	1.000000000000000e+00	20
379	1.000000000000000e+00	20
380	1.000000000000000e+00	40
381	1.000000000000000e+00	20
382	1.000000000000000e+00	100
383	1.000000000000000e+00	20
384	1.000000000000000e+00	80
385	1.000000000000000e+00	40
386	1.000000000000000e+00	120
387	1.000000000000000e+00	40
388	1.000000000000000e+00	80
389	1.000000000000000e+00	20
390	1.000000000000000e+00	20
391	1.000000000000000e+00	60
392	1.000000000000000e+00	20
393	1.000000000000000e+00	20
394	1.000000000000000e+00	20
395	1.000000000000000e+00	40
396	1.000000000000000e+00	140
397	1.000000000000000e+00	60
398	1.000000000000000e+00	20
399	1.000000000000000e+00	80
400	1.000000000000000e+00	20
401	1.000000000000000e+00	60
402	1.000000000000000e+00	20
403	1.000000000000000e+00	20
404	1.000000000000000e+00	40
405	1.000000000000000e+00	20
406	1.000000000000000e+00	20
407	1.000000000000000e+00	60
408	1.000000000000000e+00	20
409	1.000000000000000e+00	40
410	1.000000000000000e+00	20
411	1.000000000000000e+00	20
412	1.000000000000000e+00	20
413	1.000000000000000e+00	60
414	1.000000000000000e+00	20
415	1.000000000000000e+00	40
416	1.000000000000000e+00	20
417	1.000000000000000e+00	40
418	1.000000000000000e+00	20
419	1.000000000000000e+00	20
420	1.000000000000000e+00	80
421	1.000000000000000e+00	20
422	1.000000000000000e+00	20
423	1.000000000000000e+00	20
424	1.000000000000000e+00	40
425	1.000000000000000e+00	40
426	1.000000000000000e+00	20
427	1.000000000000000e+00	20
428	1.000000000000000e+00	20
429	1.000000000000000e+00	20
430	1.000000000000000e+00	20
431	1.000000000000000e+00	100
432	1.000000000000000e+00	20
433	1.000000000000000e+00	60
434	1.000000000000000e+00	60
435	1.000000000000000e+00	80
436	1.000000000000000e+00	60
437	1.000000000000000e+00	20
438	1.000000000000000e+00	60
439	1.000000000000000e+00	40
440	1.000000000000000e+00	40
441	1.000000000000000e+00	20
442	1.000000000000000e+00	20
443	1.000000000000000e+00	20
444	1.000000000000000e+00	40
445	1.000000000000000e+00	40
446	1.000000000000000e+00	20
447	1.000000000000000e+00	40
448	1.000000000000000e+00	20
449	1.000000000000000e+00	20
450	1.000000000000000e+00	20
451	1.000000000000000e+00	20
452	1.000000000000000e+00	20
453	1.000000000000000e+00	20
454	1.000000000000000e+00	100
455	1.000000000000000e+00	60
456	1.000000000000000e+00	20
457	1.000000000000000e+00	20
458	1.000000000000000e+00	20
459	1.000000000000000e+00	20
460	1.000000000000000e+00	20
461	1.000000000000000e+00	100
462	1.000000000000000e+00	20
463	1.000000000000000e+00	20
464	1.000000000000000e+00	20
465	1.000000000000000e+00	40
466	1.000000000000000e+00	120
467	1.000000000000000e+00	20
468	1.000000000000000e+00	20
469	1.000000000000000e+00	20
470	1.000000000000000e+00	40
471	1.000000000000000e+00	40
472	1.000000000000000e+00	20
473	1.000000000000000e+00	220
474	1.000000000000000e+00	60
475	1.000000000000000e+00	20
476	1.000000000000000e+00	80
477	1.000000000000000e+00	20
478	1.000000000000000e+00	20
479	1.000000000000000e+00	20
480	1.000000000000000e+00	20
481	1.000000000000000e+00	20
482	1.000000000000000e+00	20
483	1.000000000000000e+00	20
484	1.000000000000000e+00	20
485	1.000000000000000e+00	20
486	1.000000000000000e+00	20
487	1.000000000000000e+00	120
488	1.000000000000000e+00	60
489	1.000000000000000e+00	20
490	1.000000000000000e+00	80
491	1.000000000000000e+00	20
492	1.000000000000000e+00	20
493	1.000000000000000e+00	40
494	1.000000000000000e+00	20
495	1.000000000000000e+00	20
496	1.000000000000000e+00	20
497	1.000000000000000e+00	40
498	1.000000000000000e+00	20
499	1.000000000000000e+00	20
500	1.000000000000000e+00	60
501	1.000000000000000e+00	20
502	1.000000000000000e+00	120
503	1.000000000000000e+00	40
504	1.000000000000000e+00	80
505	1.000000000000000e+00	20
506	1.000000000000000e+00	40
507	1.000000000000000e+00	20
508	1.000000000000000e+00	20
509	1.000000000000000e+00	60
510	1.000000000000000e+00	20
511	1.000000000000000e+00	20
512	1.000000000000000e+00	60
513	1.000000000000000e+00	20
514	1.000000000000000e+00	40
515	1.000000000000000e+00	20
516	1.000000000000000e+00	20
517	1.000000000000000e+00	80
518	1.000000000000000e+00	20
519	1.000000000000000e+00	80
520	1.000000000000000e+00	20
521	1.000000000000000e+00	20
522	1.000000000000000e+00	20
523	1.000000000000000e+00	20
524	1.000000000000000e+00	20
525	1.000000000000000e+00	120
526	1.000000000000000e+00	80
527	1.000000000000000e+00	80
528	1.000000000000000e+00	20
529	1.000000000000000e+00	40
530	1.000000000000000e+00	40
531	1.000000000000000e+00	80
532	1.000000000000000e+00	40
533	1.000000000000000e+00	20
534	1.000000000000000e+00	120
535	1.000000000000000e+00	20
536	1.000000000000000e+00	20
537	1.000000000000000e+00	20
538	1.000000000000000e+00	100
539	1.000000000000000e+00	20
540	1.000000000000000e+00	40
541	1.000000000000000e+00	20
542	1.000000000000000e+00	20
543	1.000000000000000e+00	60
544	1.000000000000000e+00	20
545	1.000000000000000e+00	40
546	1.000000000000000e+00	20
547	1.000000000000000e+00	20
548	1.000000000000000e+00	20
549	1.000000000000000e+00	20
550	1.000000000000000e+00	20
551	1.000000000000000e+00	40
552	1.000000000000000e+00	20
553	1.000000000000000e+00	20
554	1.000000000000000e+00	40
555	1.000000000000000e+00	20
556	1.000000000000000e+00	20
557	1.000000000000000e+00	20
558	1.000000000000000e+00	20
559	1.000000000000000e+00	40
560	1.000000000000000e+00	60
561	1.000000000000000e+00	80
562	1.000000000000000e+00	20
563	1.000000000000000e+00	40
564	1.000000000000000e+00	80
565	1.000000000000000e+00	120
566	1.000000000000000e+00	20
567	1.000000000000000e+00	20
568	1.000000000000000e+00	60
569	1.000000000000000e+00	20
570	1.000000000000000e+00	60
571	1.000000000000000e+00	20
572	1.000000000000000e+00	20
573	1.000000000000000e+00	20
574	1.000000000000000e+00	100
575	1.000000000000000e+00	20
576	1.000000000000000e+00	20
577	1.000000000000000e+00	20
578	1.000000000000000e+00	20
579	1.000000000000000e+00	20
580	1.000000000000000e+00	20
581	1.000000000000000e+00	20
582	1.000000000000000e+00	20
583	1.000000000000000e+00	20
584	1.000000000000000e+00	80
585	1.000000000000000e+00	20
586	1.000000000000000e+00	20
587	1.000000000000000e+00	20
588	1.000000000000000e+00	60
589	1.000000000000000e+00	20
590	1.000000000000000e+00	20
591	1.000000000000000e+00	20
592	1.000000000000000e+00	20
593	1.000000000000000e+00	60
594	1.000000000000000e+00	20
595	1.000000000000000e+00	40
596	1.000000000000000e+00	20
597	1.000000000000000e+00	20
598	1.000000000000000e+00	20
599	1.000000000000000e+00	20
600	1.000000000000000e+00	60
601	1.000000000000000e+00	40
602	1.000000000000000e+00	160
603	1.000000000000000e+00	20
604	1.000000000000000e+00	20
605	1.000000000000000e+00	40
606	1.000000000000000e+00	20
607	1.000000000000000e+00	20
608	1.000000000000000e+00	20
609	1.000000000000000e+00	20
610	1.000000000000000e+00	20
611	1.000000000000000e+00	20
612	1.000000000000000e+00	20
613	1.000000000000000e+00	100
614	1.000000000000000e+00	40
615	1.000000000000000e+00	40
616	1.000000000000000e+00	20
617	1.000000000000000e+00	20
618	1.000000000000000e+00	20
619	1.000000000000000e+00	20
620	1.000000000000000e+00	20
621	1.000000000000000e+00	40
622	1.000000000000000e+00	20
623	1.000000000000000e+00	20
624	1.000000000000000e+00	60
625	1.000000000000000e+00	20
626	1.000000000000000e+00	20
627	1.000000000000000e+00	40
628	1.000000000000000e+00	20
629	1.000000000000000e+00	60
630	1.000000000000000e+00	20
631	1.000000000000000e+00	20
632	1.000000000000000e+00	20
633	1.000000000000000e+00	20
634	1.000000000000000e+00	120
635	1.000000000000000e+00	20
636	1.000000000000000e+00	20
637	1.000000000000000e+00	180
638	1.000000000000000e+00	40
639	1.000000000000000e+00	40
640	1.000000000000000e+00	20
641	1.000000000000000e+00	20
642	1.000000000000000e+00	20
643	1.000000000000000e+00	40
644	1.000000000000000e+00	60
645	1.000000000000000e+00	20
646	1.000000000000000e+00	20
647	1.000000000000000e+00	20
648	1.000000000000000e+00	60
649	1.000000000000000e+00	40
650	1.000000000000000e+00	20
651	1.000000000000000e+00	20
652	1.000000000000000e+00	20
653	1.000000000000000e+00	20
654	1.000000000000000e+00	20
655	1.000000000000000e+00	20
656	1.000000000000000e+00	20
657	1.000000000000000e+00	60
658	1.000000000000000e+00	20
659	1.000000000000000e+00	20
660	1.000000000000000e+00	20
661	1.000000000000000e+00	20
662	1.000000000000000e+00	20
663	1.000000000000000e+00	20
664	1.000000000000000e+00	20
665	1.000000000000000e+00	20
666	1.000000000000000e+00	40
667	1.000000000000000e+00	20
668	1.000000000000000e+00	20
669	1.000000000000000e+00	20
670	1.000000000000000e+00	20
671	1.000000000000000e+00	20
672	1.000000000000000e+00	20
673	1.000000000000000e+00	20
674	1.000000000000000e+00	20
675	1.000000000000000e+00	20
676	1.000000000000000e+00	20
677	1.000000000000000e+00	20
678	1.000000000000000e+00	60
679	1.000000000000000e+00	20
680	1.000000000000000e+00	20
681	1.000000000000000e+00	20
682	1.000000000000000e+00	20
683	1.000000000000000e+00	40
684	1.000000000000000e+00	20
685	1.000000000000000e+00	20
686	1.000000000000000e+00	20
687	1.000000000000000e+00	20
688	1.000000000000000e+00	140
689	1.000000000000000e+00	20
690	1.000000000000000e+00	20
691	1.000000000000000e+00	60
692	1.000000000000000e+00	40
693	1.000000000000000e+00	20
694	1.000000000000000e+00	20
695	1.000000000000000e+00	20
696	1.000000000000000e+00	20
697	1.000000000000000e+00	20
698	1.000000000000000e+00	40
699	1.000000000000000e+00	20
700	1.000000000000000e+00	20
701	1.000000000000000e+00	60
702	1.000000000000000e+00	20
703	1.000000000000000e+00	20
704	1.000000000000000e+00	120
705	1.000000000000000e+00	20
706	1.000000000000000e+00	40
707	1.000000000000000e+00	20
708	1.000000000000000e+00	20
709	1.000000000000000e+00	20
710	1.000000000000000e+00	220
711	1.000000000000000e+00	20
712	1.000000000000000e+00	20
713	1.000000000000000e+00	20
714	1.000000000000000e+00	40
715	1.000000000000000e+00	20
716	1.000000000000000e+00	20
717	1.000000000000000e+00	80
718	1.000000000000000e+00	20
719	1.000000000000000e+00	20
720	1.000000000000000e+00	80
721	1.000000000000000e+00	60
722	1.000000000000000e+00	20
723	1.000000000000000e+00	20
724	1.000000000000000e+00	100
725	1.000000000000000e+00	80
726	1.000000000000000e+00	140
727	1.000000000000000e+00	20
728	1.000000000000000e+00	60
729	1.000000000000000e+00	20
730	1.000000000000000e+00	80
731	1.000000000000000e+00	40
732	1.000000000000000e+00	40
733	1.000000000000000e+00	60
734	1.000000000000000e+00	20
735	1.000000000000000e+00	20
736	1.000000000000000e+00	20
737	1.000000000000000e+00	20
738	1.000000000000000e+00	40
739	1.000000000000000e+00	20
740	1.000000000000000e+00	20
741	1.000000000000000e+00	20
742	1.000000000000000e+00	40
743	1.000000000000000e+00	20
744	1.000000000000000e+00	20
745	1.000000000000000e+00	20
746	1.000000000000000e+00	280
747	1.000000000000000e+00	40
748	1.000000000000000e+00	20
749	1.000000000000000e+00	60
750	1.000000000000000e+00	40
751	1.000000000000000e+00	20
752	1.000000000000000e+00	80
753	1.000000000000000e+00	20
754	1.000000000000000e+00	80
755	1.000000000000000e+00	20
756	1.000000000000000e+00	20
757	1.000000000000000e+00	20
758	1.000000000000000e+00	20
759	1.000000000000000e+00	20
760	1.000000000000000e+00	20
761	1.000000000000000e+00	60
762	1.000000000000000e+00	20
763	1.000000000000000e+00	80
764	1.000000000000000e+00	60
765	1.000000000000000e+00	60
766	1.000000000000000e+00	20
767	1.000000000000000e+00	20
768	1.000000000000000e+00	20
769	1.000000000000000e+00	20
770	1.000000000000000e+00	20
771	1.000000000000000e+00	20
772	1.000000000000000e+00	40
773	1.000000000000000e+00	20
774	1.000000000000000e+00	20
775	1.000000000000000e+00	20
776	1.000000000000000e+00	20
777	1.000000000000000e+00	20
778	1.000000000000000e+00	60
779	1.000000000000000e+00	60
780	1.000000000000000e+00	20
781	1.000000000000000e+00	40
782	1.000000000000000e+00	60
783	1.000000000000000e+00	20
784	1.000000000000000e+00	40
785	1.000000000000000e+00	20
786	1.000000000000000e+00	80
787	1.000000000000000e+00	20
788	1.000000000000000e+00	20
789	1.000000000000000e+00	140
790	1.000000000000000e+00	20
791	1.000000000000000e+00	20
792	1.000000000000000e+00	20
793	1.000000000000000e+00	20
794	1.000000000000000e+00	60
795	1.000000000000000e+00	40
796	1.000000000000000e+00	20
797	1.000000000000000e+00	120
798	1.000000000000000e+00	20
799	1.000000000000000e+00	20
800	1.000000000000000e+00	20
801	1.000000000000000e+00	140
802	1.000000000000000e+00	40
803	1.000000000000000e+00	120
804	1.000000000000000e+00	20
805	9.500000000000001e-01	160
806	9.000000000000000e-01	20
807	8.500000000000001e-01	20
808	8.000000000000000e-01	40
809	7.500000000000000e-01	80
810	6.500000000000000e-01	20
811	6.000000000000001e-01	20
812	6.000000000000001e-01	20
813	6.500000000000000e-01	60
814	7.500000000000000e-01	60
815	8.000000000000000e-01	20
816	8.500000000000001e-01	20
817	9.000000000000000e-01	20
818	9.500000000000001e-01	20
819	9.000000000000000e-01	120
820	9.000000000000000e-01	20
821	8.500000000000001e-01	100
822	7.500000000000000e-01	20
823	7.000000000000001e-01	20
824	6.000000000000001e-01	20
825	6.500000000000000e-01	20
826	7.000000000000001e-01	20
827	7.000000000000001e-01	20
828	7.000000000000001e-01	60
829	7.000000000000001e-01	20
830	7.500000000000000e-01	20
831	8.000000000000000e-01	20
832	8.500000000000001e-01	20
833	9.000000000000000e-01	20
834	9.500000000000001e-01	20
835	1.000000000000000e+00	60
836	1.000000000000000e+00	20
837	1.000000000000000e+00	20
838	1.000000000000000e+00	20
839	1.000000000000000e+00	40
840	1.000000000000000e+00	20
841	1.000000000000000e+00	20
842	1.000000000000000e+00	20
843	1.000000000000000e+00	60
844	1.000000000000000e+00	20
845	1.000000000000000e+00	20
846	1.000000000000000e+00	20
847	1.000000000000000e+00	100
848	1.000000000000000e+00	40
849	1.000000000000000e+00	20
850	1.000000000000000e+00	20
851	1.000000000000000e+00	20
852	1.000000000000000e+00	20
853	1.000000000000000e+00	20
854	1.000000000000000e+00	20
855	1.000000000000000e+00	20
856	1.000000000000000e+00	40
857	1.000000000000000e+00	60
858	1.000000000000000e+00	20
859	1.000000000000000e+00	120
860	1.000000000000000e+00	20
861	1.000000000000000e+00	20
862	1.000000000000000e+00	20
863	1.000000000000000e+00	20
864	1.000000000000000e+00	40
865	1.000000000000000e+00	20
866	1.000000000000000e+00	20
867	1.000000000000000e+00	20
868	1.000000000000000e+00	40
869	1.000000000000000e+00	20
870	1.000000000000000e+00	20
871	1.000000000000000e+00	20
872	1.000000000000000e+00	20
873	1.000000000000000e+00	40
874	1.000000000000000e+00	20
875	1.000000000000000e+00	80
876	1.000000000000000e+00	40
877	1.000000000000000e+00	80
878	1.000000000000000e+00	20
879	1.000000000000000e+00	20
880	1.000000000000000e+00	20
881	1.000000000000000e+00	20
882	1.000000000000000e+00	60
883	1.000000000000000e+00	40
884	1.000000000000000e+00	20
885	1.000000000000000e+00	40
886	1.000000000000000e+00	60
887	1.000000000000000e+00	20
888	1.000000000000000e+00	80
889	1.000000000000000e+00	60
890	1.000000000000000e+00	80
891	1.000000000000000e+00	20
892	1.000000000000000e+00	20
893	1.000000000000000e+00	140
894	1.000000000000000e+00	20
895	1.000000000000000e+00	60
896	1.000000000000000e+00	20
897	1.000000000000000e+00	20
898	1.000000000000000e+00	40
899	1.000000000000000e+00	20
900	1.000000000000000e+00	20
901	1.000000000000000e+00	140
902	1.000000000000000e+00	20
903	1.000000000000000e+00	20
904	1.000000000000000e+00	40
905	1.000000000000000e+00	20
906	1.000000000000000e+00	20
907	1.000000000000000e+00	20
908	1.000000000000000e+00	20
909	1.000000000000000e+00	20
910	1.000000000000000e+00	60
911	1.000000000000000e+00	20
912	1.000000000000000e+00	20
913	1.000000000000000e+00	20
914	1.000000000000000e+00	60
915	1.000000000000000e+00	20
916	1.000000000000000e+00	60
917	1.000000000000000e+00	20
918	1.000000000000000e+00	20
919	1.000000000000000e+00	40
920	1.000000000000000e+00	20
921	1.000000000000000e+00	40
922	1.000000000000000e+00	60
923	1.000000000000000e+00	20
924	1.000000000000000e+00	160
925	1.000000000000000e+00	20
926	1.000000000000000e+00	20
927	1.000000000000000e+00	40
928	1.000000000000000e+00	40
929	1.000000000000000e+00	20
930	1.000000000000000e+00	20
931	1.000000000000000e+00	80
932	1.000000000000000e+00	20
933	1.000000000000000e+00	120
934	1.000000000000000e+00	20
935	1.000000000000000e+00	20
936	1.000000000000000e+00	80
937	1.000000000000000e+00	20
938	1.000000000000000e+00	20
939	1.000000000000000e+00	20
940	1.000000000000000e+00	20
941	1.000000000000000e+00	60
942	1.000000000000000e+00	20
943	1.000000000000000e+00	20
944	1.000000000000000e+00	40
945	1.000000000000000e+00	40
946	1.000000000000000e+00	20
947	1.000000000000000e+00	20
948	1.000000000000000e+00	60
949	1.000000000000000e+00	20
950	1.000000000000000e+00	20
951	1.000000000000000e+00	40
952	1.000000000000000e+00	80
953	1.000000000000000e+00	20
954	1.000000000000000e+00	20
955	1.000000000000000e+00	20
956	1.000000000000000e+00	40
957	1.000000000000000e+00	40
958	1.000000000000000e+00	20
959	1.000000000000000e+00	40
960	1.000000000000000e+00	20
961	1.000000000000000e+00	20
962	1.000000000000000e+00	20
963	1.000000000000000e+00	60
964	1.000000000000000e+00	20
965	1.000000000000000e+00	20
966	1.000000000000000e+00	40
967	1.000000000000000e+00	40
968	1.000000000000000e+00	20
969	1.000000000000000e+00	20
970	1.000000000000000e+00	20
971	1.000000000000000e+00	20
972	1.000000000000000e+00	20
973	1.000000000000000e+00	20
974	1.000000000000000e+00	100
975	1.000000000000000e+00	20
976	1.000000000000000e+00	20
977	1.000000000000000e+00	20
978	1.000000000000000e+00	20
979	1.000000000000000e+00	40
980	1.000000000000000e+00	20
981	1.000000000000000e+00	20
982	1.000000000000000e+00	20
983	1.000000000000000e+00	20
984	1.000000000000000e+00	60
985	1.000000000000000e+00	20
986	1.000000000000000e+00	20
987	1.000000000000000e+00	20
988	1.000000000000000e+00	20
989	1.000000000000000e+00	20
990	1.000000000000000e+00	20
991	1.000000000000000e+00	20
992	1.000000000000000e+00	20
993	1.000000000000000e+00	40
994	1.000000000000000e+00	60
995	1.000000000000000e+00	20
996	1.000000000000000e+00	20
997	1.000000000000000e+00	20
998	1.000000000000000e+00	20
999	1.000000000000000e+00	20
1000	1.000000000000000e+00	20


Tempo gasto: 23.030735
