Método usado: ANTCOLONY OPTIMIZATION

POSIÇÃO	ÁREA(mm²)	CUSTO

1	1.000000000000000e+00	40
2	1.000000000000000e+00	60
3	1.000000000000000e+00	20
4	1.000000000000000e+00	100
5	1.000000000000000e+00	100
6	1.000000000000000e+00	20
7	1.000000000000000e+00	40
8	1.000000000000000e+00	40
9	1.000000000000000e+00	40
10	1.000000000000000e+00	20
11	1.000000000000000e+00	20
12	1.000000000000000e+00	20
13	1.000000000000000e+00	20
14	1.000000000000000e+00	20
15	1.000000000000000e+00	20
16	1.000000000000000e+00	20
17	1.000000000000000e+00	80
18	1.000000000000000e+00	20
19	1.000000000000000e+00	20
20	1.000000000000000e+00	40
21	1.000000000000000e+00	20
22	1.000000000000000e+00	20
23	1.000000000000000e+00	20
24	1.000000000000000e+00	20
25	1.000000000000000e+00	20
26	1.000000000000000e+00	40
27	1.000000000000000e+00	20
28	1.000000000000000e+00	20
29	1.000000000000000e+00	20
30	1.000000000000000e+00	40
31	1.000000000000000e+00	100
32	1.000000000000000e+00	60
33	1.000000000000000e+00	100
34	1.000000000000000e+00	20
35	1.000000000000000e+00	20
36	1.000000000000000e+00	20
37	1.000000000000000e+00	80
38	1.000000000000000e+00	20
39	1.000000000000000e+00	60
40	1.000000000000000e+00	20
41	1.000000000000000e+00	20
42	1.000000000000000e+00	40
43	1.000000000000000e+00	140
44	1.000000000000000e+00	20
45	1.000000000000000e+00	20
46	1.000000000000000e+00	20
47	1.000000000000000e+00	40
48	1.000000000000000e+00	20
49	1.000000000000000e+00	20
50	1.000000000000000e+00	20
51	1.000000000000000e+00	20
52	1.000000000000000e+00	60
53	1.000000000000000e+00	20
54	1.000000000000000e+00	20
55	1.000000000000000e+00	20
56	1.000000000000000e+00	40
57	1.000000000000000e+00	20
58	1.000000000000000e+00	40
59	1.000000000000000e+00	20
60	1.000000000000000e+00	100
61	1.000000000000000e+00	20
62	1.000000000000000e+00	40
63	1.000000000000000e+00	40
64	1.000000000000000e+00	40
65	1.000000000000000e+00	20
66	1.000000000000000e+00	40
67	1.000000000000000e+00	20
68	1.000000000000000e+00	20
69	1.000000000000000e+00	20
70	1.000000000000000e+00	40
71	1.000000000000000e+00	20
72	1.000000000000000e+00	20
73	1.000000000000000e+00	20
74	1.000000000000000e+00	20
75	1.000000000000000e+00	40
76	1.000000000000000e+00	20
77	1.000000000000000e+00	20
78	1.000000000000000e+00	20
79	1.000000000000000e+00	20
80	1.000000000000000e+00	20
81	1.000000000000000e+00	40
82	1.000000000000000e+00	20
83	1.000000000000000e+00	20
84	1.000000000000000e+00	60
85	1.000000000000000e+00	20
86	1.000000000000000e+00	20
87	1.000000000000000e+00	20
88	1.000000000000000e+00	40
89	1.000000000000000e+00	20
90	1.000000000000000e+00	80
91	1.000000000000000e+00	20
92	1.000000000000000e+00	20
93	1.000000000000000e+00	20
94	1.000000000000000e+00	20
95	1.000000000000000e+00	20
96	1.000000000000000e+00	40
97	1.000000000000000e+00	20
98	1.000000000000000e+00	60
99	1.000000000000000e+00	240
100	1.000000000000000e+00	20
101	1.000000000000000e+00	20
102	1.000000000000000e+00	20
103	1.000000000000000e+00	20
104	1.000000000000000e+00	20
105	1.000000000000000e+00	20
106	1.000000000000000e+00	20
107	1.000000000000000e+00	20
108	1.000000000000000e+00	20
109	1.000000000000000e+00	20
110	1.000000000000000e+00	20
111	1.000000000000000e+00	20
112	1.000000000000000e+00	20
113	1.000000000000000e+00	60
114	1.000000000000000e+00	20
115	1.000000000000000e+00	20
116	1.000000000000000e+00	20
117	1.000000000000000e+00	20
118	1.000000000000000e+00	20
119	1.000000000000000e+00	40
120	1.000000000000000e+00	60
121	1.000000000000000e+00	20
122	1.000000000000000e+00	100
123	1.000000000000000e+00	40
124	1.000000000000000e+00	20
125	1.000000000000000e+00	20
126	1.000000000000000e+00	20
127	1.000000000000000e+00	20
128	1.000000000000000e+00	20
129	1.000000000000000e+00	40
130	1.000000000000000e+00	20
131	1.000000000000000e+00	20
132	1.000000000000000e+00	40
133	1.000000000000000e+00	20
134	1.000000000000000e+00	20
135	1.000000000000000e+00	20
136	1.000000000000000e+00	20
137	1.000000000000000e+00	20
138	1.000000000000000e+00	20
139	1.000000000000000e+00	20
140	1.000000000000000e+00	20
141	1.000000000000000e+00	20
142	1.000000000000000e+00	20
143	1.000000000000000e+00	20
144	1.000000000000000e+00	20
145	1.000000000000000e+00	40
146	1.000000000000000e+00	20
147	1.000000000000000e+00	40
148	1.000000000000000e+00	40
149	1.000000000000000e+00	20
150	1.000000000000000e+00	20
151	1.000000000000000e+00	120
152	1.000000000000000e+00	20
153	1.000000000000000e+00	20
154	1.000000000000000e+00	80
155	1.000000000000000e+00	20
156	1.000000000000000e+00	20
157	1.000000000000000e+00	20
158	1.000000000000000e+00	20
159	1.000000000000000e+00	20
160	1.000000000000000e+00	20
161	1.000000000000000e+00	40
162	1.000000000000000e+00	20
163	1.000000000000000e+00	20
164	1.000000000000000e+00	20
165	1.000000000000000e+00	60
166	1.000000000000000e+00	40
167	1.000000000000000e+00	20
168	1.000000000000000e+00	20
169	1.000000000000000e+00	20
170	1.000000000000000e+00	40
171	1.000000000000000e+00	20
172	1.000000000000000e+00	40
173	1.000000000000000e+00	20
174	1.000000000000000e+00	20
175	1.000000000000000e+00	20
176	1.000000000000000e+00	20
177	1.000000000000000e+00	20
178	1.000000000000000e+00	20
179	1.000000000000000e+00	20
180	1.000000000000000e+00	20
181	1.000000000000000e+00	40
182	1.000000000000000e+00	60
183	1.000000000000000e+00	20
184	1.000000000000000e+00	80
185	1.000000000000000e+00	20
186	1.000000000000000e+00	20
187	1.000000000000000e+00	40
188	1.000000000000000e+00	20
189	1.000000000000000e+00	20
190	1.000000000000000e+00	20
191	1.000000000000000e+00	20
192	1.000000000000000e+00	60
193	1.000000000000000e+00	20
194	1.000000000000000e+00	20
195	1.000000000000000e+00	40
196	1.000000000000000e+00	20
197	1.000000000000000e+00	20
198	1.000000000000000e+00	80
199	1.000000000000000e+00	20
200	1.000000000000000e+00	40
201	1.000000000000000e+00	20
202	1.000000000000000e+00	80
203	1.000000000000000e+00	120
204	1.000000000000000e+00	40
205	1.000000000000000e+00	20
206	1.000000000000000e+00	20
207	1.000000000000000e+00	20
208	1.000000000000000e+00	20
209	1.000000000000000e+00	40
210	1.000000000000000e+00	20
211	1.000000000000000e+00	20
212	1.000000000000000e+00	60
213	1.000000000000000e+00	20
214	1.000000000000000e+00	20
215	1.000000000000000e+00	20
216	1.000000000000000e+00	40
217	1.000000000000000e+00	40
218	1.000000000000000e+00	20
219	1.000000000000000e+00	20
220	1.000000000000000e+00	80
221	1.000000000000000e+00	20
222	1.000000000000000e+00	20
223	1.000000000000000e+00	20
224	1.000000000000000e+00	40
225	1.000000000000000e+00	20
226	1.000000000000000e+00	40
227	1.000000000000000e+00	20
228	1.000000000000000e+00	20
229	1.000000000000000e+00	40
230	1.000000000000000e+00	20
231	1.000000000000000e+00	20
232	1.000000000000000e+00	20
233	1.000000000000000e+00	40
234	1.000000000000000e+00	20
235	1.000000000000000e+00	60
236	1.000000000000000e+00	20
237	1.000000000000000e+00	20
238	1.000000000000000e+00	40
239	1.000000000000000e+00	40
240	1.000000000000000e+00	20
241	1.000000000000000e+00	20
242	1.000000000000000e+00	20
243	1.000000000000000e+00	60
244	1.000000000000000e+00	20
245	1.000000000000000e+00	20
246	1.000000000000000e+00	40
247	1.000000000000000e+00	20
248	1.000000000000000e+00	20
249	1.000000000000000e+00	40
250	1.000000000000000e+00	60
251	1.000000000000000e+00	40
252	1.000000000000000e+00	120
253	1.000000000000000e+00	20
254	1.000000000000000e+00	80
255	1.000000000000000e+00	80
256	1.000000000000000e+00	40
257	1.000000000000000e+00	20
258	1.000000000000000e+00	20
259	1.000000000000000e+00	80
260	1.000000000000000e+00	40
261	1.000000000000000e+00	120
262	1.000000000000000e+00	80
263	1.000000000000000e+00	60
264	1.000000000000000e+00	20
265	1.000000000000000e+00	40
266	1.000000000000000e+00	60
267	1.000000000000000e+00	20
268	1.000000000000000e+00	40
269	1.000000000000000e+00	60
270	1.000000000000000e+00	20
271	1.000000000000000e+00	20
272	1.000000000000000e+00	20
273	1.000000000000000e+00	20
274	1.000000000000000e+00	20
275	1.000000000000000e+00	20
276	1.000000000000000e+00	20
277	1.000000000000000e+00	20
278	1.000000000000000e+00	20
279	1.000000000000000e+00	20
280	1.000000000000000e+00	20
281	1.000000000000000e+00	20
282	1.000000000000000e+00	20
283	1.000000000000000e+00	20
284	1.000000000000000e+00	60
285	1.000000000000000e+00	20
286	1.000000000000000e+00	20
287	1.000000000000000e+00	20
288	1.000000000000000e+00	40
289	1.000000000000000e+00	20
290	1.000000000000000e+00	20
291	1.000000000000000e+00	100
292	1.000000000000000e+00	20
293	1.000000000000000e+00	40
294	1.000000000000000e+00	20
295	1.000000000000000e+00	20
296	1.000000000000000e+00	40
297	1.000000000000000e+00	20
298	1.000000000000000e+00	20
299	1.000000000000000e+00	40
300	1.000000000000000e+00	20
301	1.000000000000000e+00	20
302	1.000000000000000e+00	40
303	1.000000000000000e+00	20
304	1.000000000000000e+00	20
305	1.000000000000000e+00	40
306	1.000000000000000e+00	20
307	1.000000000000000e+00	60
308	1.000000000000000e+00	20
309	1.000000000000000e+00	20
310	1.000000000000000e+00	20
311	1.000000000000000e+00	80
312	1.000000000000000e+00	60
313	1.000000000000000e+00	20
314	1.000000000000000e+00	20
315	1.000000000000000e+00	20
316	1.000000000000000e+00	20
317	1.000000000000000e+00	20
318	1.000000000000000e+00	20
319	1.000000000000000e+00	20
320	1.000000000000000e+00	60
321	1.000000000000000e+00	40
322	1.000000000000000e+00	20
323	1.000000000000000e+00	80
324	1.000000000000000e+00	20
325	1.000000000000000e+00	20
326	1.000000000000000e+00	60
327	1.000000000000000e+00	20
328	1.000000000000000e+00	40
329	1.000000000000000e+00	20
330	1.000000000000000e+00	60
331	1.000000000000000e+00	20
332	1.000000000000000e+00	40
333	1.000000000000000e+00	60
334	1.000000000000000e+00	20
335	1.000000000000000e+00	60
336	1.000000000000000e+00	40
337	1.000000000000000e+00	20
338	1.000000000000000e+00	20
339	1.000000000000000e+00	20
340	1.000000000000000e+00	40
341	1.000000000000000e+00	20
342	1.000000000000000e+00	20
343	1.000000000000000e+00	20
344	1.000000000000000e+00	40
345	1.000000000000000e+00	20
346	1.000000000000000e+00	40
347	1.000000000000000e+00	20
348	1.000000000000000e+00	180
349	1.000000000000000e+00	20
350	1.000000000000000e+00	20
351	1.000000000000000e+00	80
352	9.500000000000001e-01	100
353	9.000000000000000e-01	60
354	8.500000000000001e-01	20
355	8.000000000000000e-01	20
356	7.500000000000000e-01	20
357	7.000000000000001e-01	80
358	6.500000000000000e-01	20
359	6.000000000000001e-01	20
360	5.500000000000000e-01	20
361	5.000000000000000e-01	40
362	5.000000000000000e-01	40
363	5.300000000000000e-01	450
364	5.600000000000001e-01	450
365	5.900000000000001e-01	450
366	6.200000000000001e-01	450
367	6.500000000000000e-01	450
368	6.800000000000000e-01	450
369	7.100000000000000e-01	450
370	7.400000000000000e-01	450
371	7.700000000000000e-01	450
372	8.000000000000000e-01	450
373	8.500000000000001e-01	450
374	9.000000000000000e-01	450
375	9.500000000000001e-01	450
376	1.000000000000000e+00	450
377	1.000000000000000e+00	450
378	1.000000000000000e+00	450
379	1.000000000000000e+00	450
380	1.000000000000000e+00	450
381	1.000000000000000e+00	450
382	1.000000000000000e+00	450
383	1.000000000000000e+00	450
384	1.000000000000000e+00	450
385	1.000000000000000e+00	450
386	1.000000000000000e+00	450
387	1.000000000000000e+00	450
388	1.000000000000000e+00	450
389	1.000000000000000e+00	450
390	1.000000000000000e+00	450
391	1.000000000000000e+00	450
392	1.000000000000000e+00	450
393	1.000000000000000e+00	450
394	1.000000000000000e+00	450
395	1.000000000000000e+00	450
396	1.000000000000000e+00	450
397	1.000000000000000e+00	450
398	1.000000000000000e+00	450
399	1.000000000000000e+00	450
400	1.000000000000000e+00	450
401	1.000000000000000e+00	80
402	1.000000000000000e+00	450
403	1.000000000000000e+00	20
404	1.000000000000000e+00	20
405	1.000000000000000e+00	20
406	1.000000000000000e+00	20
407	1.000000000000000e+00	20
408	1.000000000000000e+00	20
409	1.000000000000000e+00	450
410	1.000000000000000e+00	20
411	1.000000000000000e+00	450
412	1.000000000000000e+00	40
413	1.000000000000000e+00	40
414	1.000000000000000e+00	20
415	1.000000000000000e+00	60
416	1.000000000000000e+00	20
417	1.000000000000000e+00	20
418	1.000000000000000e+00	20
419	1.000000000000000e+00	20
420	1.000000000000000e+00	20
421	1.000000000000000e+00	20
422	1.000000000000000e+00	20
423	1.000000000000000e+00	40
424	1.000000000000000e+00	40
425	1.000000000000000e+00	40
426	1.000000000000000e+00	20
427	1.000000000000000e+00	20
428	1.000000000000000e+00	20
429	1.000000000000000e+00	20
430	1.000000000000000e+00	20
431	1.000000000000000e+00	120
432	1.000000000000000e+00	60
433	1.000000000000000e+00	20
434	1.000000000000000e+00	20
435	1.000000000000000e+00	20
436	1.000000000000000e+00	20
437	1.000000000000000e+00	20
438	1.000000000000000e+00	20
439	1.000000000000000e+00	20
440	1.000000000000000e+00	20
441	1.000000000000000e+00	40
442	1.000000000000000e+00	20
443	1.000000000000000e+00	20
444	1.000000000000000e+00	20
445	1.000000000000000e+00	20
446	1.000000000000000e+00	20
447	1.000000000000000e+00	20
448	1.000000000000000e+00	20
449	1.000000000000000e+00	40
450	1.000000000000000e+00	20
451	1.000000000000000e+00	60
452	1.000000000000000e+00	40
453	1.000000000000000e+00	180
454	1.000000000000000e+00	20
455	1.000000000000000e+00	40
456	1.000000000000000e+00	20
457	1.000000000000000e+00	40
458	1.000000000000000e+00	100
459	1.000000000000000e+00	40
460	1.000000000000000e+00	20
461	1.000000000000000e+00	60
462	1.000000000000000e+00	60
463	1.000000000000000e+00	20
464	1.000000000000000e+00	20
465	1.000000000000000e+00	20
466	1.000000000000000e+00	20
467	1.000000000000000e+00	20
468	1.000000000000000e+00	40
469	1.000000000000000e+00	20
470	1.000000000000000e+00	20
471	1.000000000000000e+00	40
472	1.000000000000000e+00	20
473	1.000000000000000e+00	20
474	1.000000000000000e+00	20
475	1.000000000000000e+00	20
476	1.000000000000000e+00	20
477	1.000000000000000e+00	120
478	1.000000000000000e+00	40
479	1.000000000000000e+00	20
480	1.000000000000000e+00	20
481	1.000000000000000e+00	20
482	1.000000000000000e+00	20
483	1.000000000000000e+00	40
484	1.000000000000000e+00	120
485	1.000000000000000e+00	40
486	1.000000000000000e+00	40
487	1.000000000000000e+00	20
488	1.000000000000000e+00	20
489	1.000000000000000e+00	20
490	1.000000000000000e+00	20
491	1.000000000000000e+00	20
492	1.000000000000000e+00	140
493	1.000000000000000e+00	20
494	1.000000000000000e+00	20
495	1.000000000000000e+00	20
496	1.000000000000000e+00	20
497	1.000000000000000e+00	20
498	1.000000000000000e+00	20
499	1.000000000000000e+00	20
500	1.000000000000000e+00	20
501	1.000000000000000e+00	40
502	1.000000000000000e+00	280
503	1.000000000000000e+00	20
504	1.000000000000000e+00	60
505	1.000000000000000e+00	20
506	1.000000000000000e+00	20
507	1.000000000000000e+00	20
508	1.000000000000000e+00	20
509	1.000000000000000e+00	40
510	1.000000000000000e+00	260
511	1.000000000000000e+00	20
512	1.000000000000000e+00	20
513	1.000000000000000e+00	20
514	1.000000000000000e+00	20
515	1.000000000000000e+00	40
516	1.000000000000000e+00	20
517	1.000000000000000e+00	20
518	1.000000000000000e+00	20
519	1.000000000000000e+00	20
520	1.000000000000000e+00	20
521	1.000000000000000e+00	20
522	1.000000000000000e+00	40
523	1.000000000000000e+00	60
524	1.000000000000000e+00	20
525	1.000000000000000e+00	20
526	1.000000000000000e+00	20
527	1.000000000000000e+00	20
528	1.000000000000000e+00	20
529	1.000000000000000e+00	20
530	1.000000000000000e+00	20
531	1.000000000000000e+00	20
532	1.000000000000000e+00	80
533	1.000000000000000e+00	20
534	1.000000000000000e+00	20
535	1.000000000000000e+00	20
536	1.000000000000000e+00	20
537	1.000000000000000e+00	20
538	1.000000000000000e+00	20
539	1.000000000000000e+00	20
540	1.000000000000000e+00	20
541	1.000000000000000e+00	20
542	1.000000000000000e+00	20
543	1.000000000000000e+00	20
544	1.000000000000000e+00	20
545	1.000000000000000e+00	40
546	1.000000000000000e+00	40
547	1.000000000000000e+00	40
548	1.000000000000000e+00	40
549	1.000000000000000e+00	20
550	1.000000000000000e+00	40
551	1.000000000000000e+00	40
552	1.000000000000000e+00	20
553	1.000000000000000e+00	60
554	1.000000000000000e+00	40
555	1.000000000000000e+00	20
556	1.000000000000000e+00	20
557	1.000000000000000e+00	60
558	1.000000000000000e+00	20
559	1.000000000000000e+00	20
560	1.000000000000000e+00	20
561	1.000000000000000e+00	20
562	1.000000000000000e+00	40
563	1.000000000000000e+00	20
564	1.000000000000000e+00	40
565	1.000000000000000e+00	40
566	1.000000000000000e+00	20
567	1.000000000000000e+00	20
568	1.000000000000000e+00	20
569	1.000000000000000e+00	20
570	1.000000000000000e+00	100
571	1.000000000000000e+00	20
572	1.000000000000000e+00	60
573	1.000000000000000e+00	20
574	1.000000000000000e+00	20
575	1.000000000000000e+00	80
576	1.000000000000000e+00	20
577	1.000000000000000e+00	40
578	1.000000000000000e+00	60
579	1.000000000000000e+00	20
580	1.000000000000000e+00	20
581	1.000000000000000e+00	60
582	1.000000000000000e+00	20
583	1.000000000000000e+00	20
584	1.000000000000000e+00	20
585	1.000000000000000e+00	80
586	1.000000000000000e+00	20
587	1.000000000000000e+00	20
588	1.000000000000000e+00	20
589	1.000000000000000e+00	20
590	1.000000000000000e+00	20
591	1.000000000000000e+00	60
592	1.000000000000000e+00	20
593	1.000000000000000e+00	20
594	1.000000000000000e+00	20
595	1.000000000000000e+00	20
596	1.000000000000000e+00	20
597	1.000000000000000e+00	40
598	1.000000000000000e+00	20
599	1.000000000000000e+00	20
600	1.000000000000000e+00	140
601	1.000000000000000e+00	20
602	1.000000000000000e+00	20
603	1.000000000000000e+00	20
604	1.000000000000000e+00	20
605	1.000000000000000e+00	20
606	1.000000000000000e+00	80
607	1.000000000000000e+00	20
608	1.000000000000000e+00	40
609	1.000000000000000e+00	20
610	1.000000000000000e+00	60
611	1.000000000000000e+00	80
612	1.000000000000000e+00	20
613	1.000000000000000e+00	40
614	1.000000000000000e+00	20
615	1.000000000000000e+00	20
616	1.000000000000000e+00	20
617	1.000000000000000e+00	20
618	1.000000000000000e+00	60
619	1.000000000000000e+00	20
620	1.000000000000000e+00	20
621	1.000000000000000e+00	60
622	1.000000000000000e+00	60
623	1.000000000000000e+00	100
624	1.000000000000000e+00	20
625	1.000000000000000e+00	20
626	1.000000000000000e+00	20
627	1.000000000000000e+00	80
628	1.000000000000000e+00	20
629	1.000000000000000e+00	60
630	1.000000000000000e+00	40
631	1.000000000000000e+00	40
632	1.000000000000000e+00	40
633	1.000000000000000e+00	20
634	1.000000000000000e+00	40
635	1.000000000000000e+00	40
636	1.000000000000000e+00	20
637	1.000000000000000e+00	20
638	1.000000000000000e+00	80
639	1.000000000000000e+00	20
640	1.000000000000000e+00	20
641	1.000000000000000e+00	60
642	1.000000000000000e+00	20
643	1.000000000000000e+00	40
644	1.000000000000000e+00	40
645	1.000000000000000e+00	20
646	1.000000000000000e+00	20
647	1.000000000000000e+00	20
648	1.000000000000000e+00	20
649	1.000000000000000e+00	60
650	1.000000000000000e+00	20
651	9.700000000000000e-01	450
652	9.400000000000001e-01	450
653	9.000000000000000e-01	450
654	8.700000000000001e-01	450
655	8.400000000000001e-01	450
656	8.100000000000001e-01	450
657	7.900000000000000e-01	450
658	7.700000000000000e-01	450
659	7.500000000000000e-01	450
660	7.300000000000000e-01	450
661	7.100000000000000e-01	450
662	6.900000000000001e-01	450
663	6.799999999999999e-01	450
664	6.699999999999999e-01	450
665	6.500000000000000e-01	450
666	6.300000000000000e-01	450
667	6.100000000000001e-01	450
668	6.000000000000001e-01	450
669	5.800000000000001e-01	450
670	5.700000000000001e-01	450
671	5.600000000000001e-01	450
672	5.500000000000000e-01	450
673	5.400000000000000e-01	450
674	5.300000000000000e-01	450
675	5.200000000000000e-01	450
676	5.200000000000000e-01	450
677	5.200000000000000e-01	450
678	5.200000000000000e-01	450
679	5.200000000000000e-01	450
680	5.200000000000000e-01	450
681	5.200000000000000e-01	450
682	5.200000000000000e-01	450
683	5.200000000000000e-01	450
684	5.300000000000000e-01	450
685	5.400000000000000e-01	450
686	5.500000000000000e-01	450
687	5.500000000000000e-01	450
688	5.600000000000001e-01	450
689	5.700000000000001e-01	450
690	5.800000000000001e-01	450
691	6.000000000000001e-01	450
692	6.300000000000000e-01	450
693	6.500000000000000e-01	450
694	6.699999999999999e-01	450
695	6.900000000000001e-01	450
696	7.000000000000001e-01	450
697	7.300000000000000e-01	450
698	7.500000000000000e-01	450
699	7.700000000000000e-01	450
700	8.000000000000000e-01	450
701	8.300000000000001e-01	450
702	8.600000000000001e-01	450
703	9.000000000000000e-01	450
704	9.400000000000001e-01	450
705	9.700000000000000e-01	450
706	1.000000000000000e+00	450
707	1.000000000000000e+00	450
708	1.000000000000000e+00	450
709	1.000000000000000e+00	450
710	1.000000000000000e+00	450
711	1.000000000000000e+00	450
712	1.000000000000000e+00	450
713	1.000000000000000e+00	450
714	1.000000000000000e+00	450
715	1.000000000000000e+00	450
716	1.000000000000000e+00	450
717	1.000000000000000e+00	450
718	1.000000000000000e+00	450
719	1.000000000000000e+00	450
720	1.000000000000000e+00	450
721	1.000000000000000e+00	450
722	1.000000000000000e+00	450
723	1.000000000000000e+00	450
724	1.000000000000000e+00	450
725	1.000000000000000e+00	450
726	1.000000000000000e+00	450
727	1.000000000000000e+00	450
728	1.000000000000000e+00	450
729	1.000000000000000e+00	20
730	1.000000000000000e+00	450
731	1.000000000000000e+00	450
732	1.000000000000000e+00	450
733	1.000000000000000e+00	20
734	1.000000000000000e+00	450
735	1.000000000000000e+00	450
736	1.000000000000000e+00	450
737	1.000000000000000e+00	450
738	1.000000000000000e+00	450
739	1.000000000000000e+00	450
740	1.000000000000000e+00	450
741	1.000000000000000e+00	450
742	1.000000000000000e+00	450
743	1.000000000000000e+00	450
744	1.000000000000000e+00	450
745	1.000000000000000e+00	450
746	1.000000000000000e+00	450
747	1.000000000000000e+00	450
748	1.000000000000000e+00	450
749	1.000000000000000e+00	450
750	1.000000000000000e+00	450
751	1.000000000000000e+00	450
752	1.000000000000000e+00	450
753	1.000000000000000e+00	450
754	1.000000000000000e+00	450
755	1.000000000000000e+00	450
756	1.000000000000000e+00	450
757	1.000000000000000e+00	450
758	1.000000000000000e+00	450
759	1.000000000000000e+00	450
760	1.000000000000000e+00	450
761	1.000000000000000e+00	40
762	1.000000000000000e+00	450
763	1.000000000000000e+00	20
764	1.000000000000000e+00	20
765	1.000000000000000e+00	20
766	1.000000000000000e+00	20
767	1.000000000000000e+00	450
768	1.000000000000000e+00	40
769	1.000000000000000e+00	450
770	1.000000000000000e+00	160
771	1.000000000000000e+00	450
772	1.000000000000000e+00	160
773	1.000000000000000e+00	450
774	1.000000000000000e+00	20
775	1.000000000000000e+00	450
776	1.000000000000000e+00	20
777	1.000000000000000e+00	450
778	1.000000000000000e+00	20
779	1.000000000000000e+00	450
780	1.000000000000000e+00	100
781	1.000000000000000e+00	450
782	1.000000000000000e+00	20
783	1.000000000000000e+00	100
784	1.000000000000000e+00	80
785	1.000000000000000e+00	20
786	1.000000000000000e+00	20
787	1.000000000000000e+00	40
788	1.000000000000000e+00	20
789	1.000000000000000e+00	20
790	1.000000000000000e+00	40
791	1.000000000000000e+00	40
792	1.000000000000000e+00	160
793	1.000000000000000e+00	20
794	1.000000000000000e+00	40
795	1.000000000000000e+00	20
796	1.000000000000000e+00	20
797	1.000000000000000e+00	60
798	1.000000000000000e+00	60
799	1.000000000000000e+00	20
800	1.000000000000000e+00	20
801	1.000000000000000e+00	20
802	1.000000000000000e+00	20
803	1.000000000000000e+00	20
804	1.000000000000000e+00	60
805	1.000000000000000e+00	20
806	1.000000000000000e+00	20
807	1.000000000000000e+00	20
808	1.000000000000000e+00	20
809	1.000000000000000e+00	100
810	1.000000000000000e+00	40
811	1.000000000000000e+00	40
812	1.000000000000000e+00	20
813	1.000000000000000e+00	40
814	1.000000000000000e+00	20
815	1.000000000000000e+00	80
816	1.000000000000000e+00	60
817	1.000000000000000e+00	20
818	1.000000000000000e+00	60
819	1.000000000000000e+00	20
820	1.000000000000000e+00	40
821	1.000000000000000e+00	80
822	1.000000000000000e+00	40
823	1.000000000000000e+00	40
824	1.000000000000000e+00	20
825	1.000000000000000e+00	20
826	1.000000000000000e+00	40
827	1.000000000000000e+00	20
828	1.000000000000000e+00	100
829	1.000000000000000e+00	60
830	1.000000000000000e+00	20
831	1.000000000000000e+00	20
832	1.000000000000000e+00	140
833	1.000000000000000e+00	20
834	1.000000000000000e+00	60
835	1.000000000000000e+00	80
836	1.000000000000000e+00	20
837	1.000000000000000e+00	20
838	1.000000000000000e+00	20
839	1.000000000000000e+00	100
840	1.000000000000000e+00	40
841	1.000000000000000e+00	20
842	1.000000000000000e+00	20
843	1.000000000000000e+00	20
844	1.000000000000000e+00	40
845	1.000000000000000e+00	40
846	1.000000000000000e+00	20
847	1.000000000000000e+00	20
848	1.000000000000000e+00	20
849	1.000000000000000e+00	20
850	1.000000000000000e+00	40
851	1.000000000000000e+00	80
852	1.000000000000000e+00	20
853	1.000000000000000e+00	20
854	1.000000000000000e+00	20
855	1.000000000000000e+00	20
856	1.000000000000000e+00	60
857	1.000000000000000e+00	40
858	1.000000000000000e+00	40
859	1.000000000000000e+00	20
860	1.000000000000000e+00	20
861	1.000000000000000e+00	20
862	1.000000000000000e+00	20
863	1.000000000000000e+00	40
864	1.000000000000000e+00	20
865	1.000000000000000e+00	20
866	1.000000000000000e+00	20
867	1.000000000000000e+00	20
868	1.000000000000000e+00	20
869	1.000000000000000e+00	20
870	1.000000000000000e+00	40
871	1.000000000000000e+00	20
872	1.000000000000000e+00	20
873	1.000000000000000e+00	100
874	1.000000000000000e+00	20
875	1.000000000000000e+00	40
876	1.000000000000000e+00	20
877	1.000000000000000e+00	20
878	1.000000000000000e+00	40
879	1.000000000000000e+00	20
880	1.000000000000000e+00	20
881	1.000000000000000e+00	20
882	1.000000000000000e+00	20
883	1.000000000000000e+00	40
884	1.000000000000000e+00	20
885	1.000000000000000e+00	40
886	1.000000000000000e+00	20
887	1.000000000000000e+00	20
888	1.000000000000000e+00	20
889	1.000000000000000e+00	20
890	1.000000000000000e+00	20
891	1.000000000000000e+00	20
892	1.000000000000000e+00	40
893	1.000000000000000e+00	20
894	1.000000000000000e+00	140
895	1.000000000000000e+00	20
896	1.000000000000000e+00	20
897	1.000000000000000e+00	20
898	1.000000000000000e+00	40
899	1.000000000000000e+00	20
900	1.000000000000000e+00	20
901	1.000000000000000e+00	80
902	1.000000000000000e+00	60
903	1.000000000000000e+00	20
904	1.000000000000000e+00	20
905	1.000000000000000e+00	20
906	1.000000000000000e+00	40
907	1.000000000000000e+00	20
908	1.000000000000000e+00	140
909	1.000000000000000e+00	40
910	1.000000000000000e+00	20
911	1.000000000000000e+00	20
912	1.000000000000000e+00	20
913	1.000000000000000e+00	40
914	1.000000000000000e+00	20
915	1.000000000000000e+00	20
916	1.000000000000000e+00	40
917	1.000000000000000e+00	20
918	1.000000000000000e+00	20
919	1.000000000000000e+00	40
920	1.000000000000000e+00	40
921	1.000000000000000e+00	60
922	1.000000000000000e+00	20
923	1.000000000000000e+00	40
924	1.000000000000000e+00	20
925	1.000000000000000e+00	20
926	1.000000000000000e+00	120
927	1.000000000000000e+00	20
928	1.000000000000000e+00	450
929	1.000000000000000e+00	450
930	1.000000000000000e+00	450
931	1.000000000000000e+00	450
932	1.000000000000000e+00	450
933	1.000000000000000e+00	450
934	1.000000000000000e+00	450
935	1.000000000000000e+00	450
936	1.000000000000000e+00	450
937	1.000000000000000e+00	450
938	1.000000000000000e+00	450
939	1.000000000000000e+00	450
940	1.000000000000000e+00	450
941	1.000000000000000e+00	450
942	1.000000000000000e+00	450
943	1.000000000000000e+00	450
944	1.000000000000000e+00	450
945	1.000000000000000e+00	450
946	1.000000000000000e+00	450
947	1.000000000000000e+00	450
948	1.000000000000000e+00	450
949	1.000000000000000e+00	450
950	1.000000000000000e+00	450
951	1.000000000000000e+00	450
952	1.000000000000000e+00	450
953	1.000000000000000e+00	450
954	1.000000000000000e+00	450
955	1.000000000000000e+00	450
956	1.000000000000000e+00	450
957	1.000000000000000e+00	450
958	1.000000000000000e+00	450
959	1.000000000000000e+00	450
960	1.000000000000000e+00	450
961	1.000000000000000e+00	450
962	1.000000000000000e+00	450
963	1.000000000000000e+00	450
964	1.000000000000000e+00	450
965	1.000000000000000e+00	450
966	1.000000000000000e+00	450
967	1.000000000000000e+00	450
968	1.000000000000000e+00	450
969	1.000000000000000e+00	450
970	1.000000000000000e+00	450
971	1.000000000000000e+00	450
972	1.000000000000000e+00	450
973	1.000000000000000e+00	450
974	1.000000000000000e+00	450
975	1.000000000000000e+00	450
976	1.000000000000000e+00	450
977	1.000000000000000e+00	450
978	1.000000000000000e+00	450
979	1.000000000000000e+00	450
980	1.000000000000000e+00	40
981	1.000000000000000e+00	450
982	1.000000000000000e+00	20
983	1.000000000000000e+00	450
984	1.000000000000000e+00	450
985	1.000000000000000e+00	450
986	1.000000000000000e+00	450
987	1.000000000000000e+00	450
988	1.000000000000000e+00	450
989	1.000000000000000e+00	450
990	1.000000000000000e+00	450
991	1.000000000000000e+00	450
992	1.000000000000000e+00	450
993	1.000000000000000e+00	450
994	1.000000000000000e+00	450
995	1.000000000000000e+00	40
996	1.000000000000000e+00	450
997	1.000000000000000e+00	100
998	1.000000000000000e+00	450
999	1.000000000000000e+00	450
1000	1.000000000000000e+00	450


Tempo gasto: 69.782167
