Método usado: ANTCOLONY OPTIMIZATION

POSIÇÃO	ÁREA(mm²)	CUSTO

1	1.000000000000000e+00	20
2	1.000000000000000e+00	20
3	1.000000000000000e+00	20
4	1.000000000000000e+00	20
5	1.000000000000000e+00	40
6	1.000000000000000e+00	100
7	1.000000000000000e+00	40
8	1.000000000000000e+00	20
9	1.000000000000000e+00	20
10	1.000000000000000e+00	20
11	1.000000000000000e+00	60
12	1.000000000000000e+00	40
13	1.000000000000000e+00	20
14	1.000000000000000e+00	40
15	1.000000000000000e+00	20
16	1.000000000000000e+00	40
17	1.000000000000000e+00	80
18	1.000000000000000e+00	20
19	1.000000000000000e+00	20
20	1.000000000000000e+00	20
21	1.000000000000000e+00	20
22	1.000000000000000e+00	60
23	1.000000000000000e+00	20
24	1.000000000000000e+00	20
25	1.000000000000000e+00	160
26	1.000000000000000e+00	20
27	1.000000000000000e+00	20
28	1.000000000000000e+00	20
29	1.000000000000000e+00	20
30	1.000000000000000e+00	20
31	1.000000000000000e+00	20
32	1.000000000000000e+00	80
33	1.000000000000000e+00	80
34	1.000000000000000e+00	80
35	1.000000000000000e+00	20
36	1.000000000000000e+00	40
37	1.000000000000000e+00	60
38	1.000000000000000e+00	40
39	1.000000000000000e+00	20
40	1.000000000000000e+00	80
41	1.000000000000000e+00	40
42	1.000000000000000e+00	80
43	1.000000000000000e+00	20
44	1.000000000000000e+00	20
45	1.000000000000000e+00	60
46	1.000000000000000e+00	20
47	1.000000000000000e+00	80
48	1.000000000000000e+00	20
49	1.000000000000000e+00	20
50	1.000000000000000e+00	20
51	1.000000000000000e+00	20
52	1.000000000000000e+00	40
53	1.000000000000000e+00	80
54	1.000000000000000e+00	20
55	1.000000000000000e+00	20
56	1.000000000000000e+00	20
57	1.000000000000000e+00	60
58	1.000000000000000e+00	20
59	1.000000000000000e+00	20
60	1.000000000000000e+00	40
61	1.000000000000000e+00	20
62	1.000000000000000e+00	20
63	1.000000000000000e+00	20
64	1.000000000000000e+00	20
65	1.000000000000000e+00	40
66	1.000000000000000e+00	20
67	1.000000000000000e+00	40
68	1.000000000000000e+00	20
69	1.000000000000000e+00	40
70	1.000000000000000e+00	40
71	1.000000000000000e+00	20
72	1.000000000000000e+00	20
73	1.000000000000000e+00	20
74	1.000000000000000e+00	20
75	1.000000000000000e+00	160
76	1.000000000000000e+00	40
77	1.000000000000000e+00	20
78	1.000000000000000e+00	20
79	1.000000000000000e+00	100
80	1.000000000000000e+00	60
81	1.000000000000000e+00	100
82	1.000000000000000e+00	40
83	1.000000000000000e+00	60
84	1.000000000000000e+00	20
85	1.000000000000000e+00	40
86	1.000000000000000e+00	20
87	1.000000000000000e+00	40
88	1.000000000000000e+00	20
89	1.000000000000000e+00	20
90	1.000000000000000e+00	160
91	1.000000000000000e+00	20
92	1.000000000000000e+00	20
93	1.000000000000000e+00	20
94	1.000000000000000e+00	40
95	1.000000000000000e+00	20
96	1.000000000000000e+00	120
97	1.000000000000000e+00	20
98	1.000000000000000e+00	60
99	1.000000000000000e+00	20
100	1.000000000000000e+00	60
101	9.500000000000001e-01	40
102	9.000000000000000e-01	20
103	8.500000000000001e-01	20
104	8.000000000000000e-01	20
105	7.500000000000000e-01	80
106	7.000000000000001e-01	20
107	7.000000000000001e-01	20
108	7.000000000000001e-01	20
109	7.000000000000001e-01	40
110	6.500000000000000e-01	20
111	6.000000000000001e-01	20
112	7.000000000000001e-01	20
113	7.500000000000000e-01	40
114	8.500000000000001e-01	20
115	9.000000000000000e-01	20
116	9.000000000000000e-01	40
117	9.500000000000001e-01	40
118	9.000000000000000e-01	20
119	8.500000000000001e-01	60
120	8.000000000000000e-01	20
121	7.500000000000000e-01	20
122	6.500000000000000e-01	60
123	6.000000000000001e-01	20
124	6.000000000000001e-01	20
125	6.500000000000000e-01	20
126	7.500000000000000e-01	20
127	8.000000000000000e-01	40
128	8.500000000000001e-01	20
129	9.000000000000000e-01	20
130	9.500000000000001e-01	20
131	1.000000000000000e+00	60
132	1.000000000000000e+00	20
133	1.000000000000000e+00	20
134	1.000000000000000e+00	60
135	1.000000000000000e+00	20
136	1.000000000000000e+00	20
137	1.000000000000000e+00	20
138	1.000000000000000e+00	20
139	1.000000000000000e+00	40
140	1.000000000000000e+00	20
141	1.000000000000000e+00	80
142	1.000000000000000e+00	20
143	1.000000000000000e+00	20
144	1.000000000000000e+00	20
145	1.000000000000000e+00	20
146	1.000000000000000e+00	20
147	1.000000000000000e+00	20
148	1.000000000000000e+00	40
149	1.000000000000000e+00	20
150	1.000000000000000e+00	20
151	1.000000000000000e+00	60
152	1.000000000000000e+00	20
153	1.000000000000000e+00	20
154	1.000000000000000e+00	20
155	1.000000000000000e+00	20
156	1.000000000000000e+00	20
157	1.000000000000000e+00	20
158	1.000000000000000e+00	20
159	1.000000000000000e+00	20
160	1.000000000000000e+00	20
161	1.000000000000000e+00	20
162	1.000000000000000e+00	40
163	1.000000000000000e+00	20
164	1.000000000000000e+00	60
165	1.000000000000000e+00	20
166	1.000000000000000e+00	20
167	1.000000000000000e+00	120
168	1.000000000000000e+00	20
169	1.000000000000000e+00	100
170	1.000000000000000e+00	60
171	1.000000000000000e+00	20
172	1.000000000000000e+00	20
173	1.000000000000000e+00	60
174	1.000000000000000e+00	20
175	1.000000000000000e+00	20
176	1.000000000000000e+00	20
177	1.000000000000000e+00	40
178	1.000000000000000e+00	20
179	1.000000000000000e+00	20
180	1.000000000000000e+00	40
181	1.000000000000000e+00	40
182	1.000000000000000e+00	20
183	1.000000000000000e+00	20
184	1.000000000000000e+00	20
185	1.000000000000000e+00	20
186	1.000000000000000e+00	20
187	1.000000000000000e+00	60
188	1.000000000000000e+00	20
189	1.000000000000000e+00	20
190	1.000000000000000e+00	20
191	1.000000000000000e+00	20
192	1.000000000000000e+00	80
193	1.000000000000000e+00	20
194	1.000000000000000e+00	20
195	1.000000000000000e+00	20
196	1.000000000000000e+00	20
197	1.000000000000000e+00	100
198	1.000000000000000e+00	20
199	1.000000000000000e+00	60
200	1.000000000000000e+00	40
201	1.000000000000000e+00	20
202	1.000000000000000e+00	20
203	1.000000000000000e+00	20
204	1.000000000000000e+00	140
205	1.000000000000000e+00	80
206	1.000000000000000e+00	20
207	1.000000000000000e+00	20
208	1.000000000000000e+00	20
209	1.000000000000000e+00	40
210	1.000000000000000e+00	40
211	1.000000000000000e+00	20
212	1.000000000000000e+00	20
213	1.000000000000000e+00	20
214	1.000000000000000e+00	20
215	1.000000000000000e+00	20
216	1.000000000000000e+00	20
217	1.000000000000000e+00	20
218	1.000000000000000e+00	20
219	1.000000000000000e+00	80
220	1.000000000000000e+00	80
221	1.000000000000000e+00	40
222	1.000000000000000e+00	20
223	1.000000000000000e+00	20
224	1.000000000000000e+00	20
225	1.000000000000000e+00	60
226	1.000000000000000e+00	20
227	1.000000000000000e+00	60
228	1.000000000000000e+00	40
229	1.000000000000000e+00	20
230	1.000000000000000e+00	140
231	1.000000000000000e+00	60
232	1.000000000000000e+00	20
233	1.000000000000000e+00	20
234	1.000000000000000e+00	20
235	1.000000000000000e+00	20
236	1.000000000000000e+00	20
237	1.000000000000000e+00	20
238	1.000000000000000e+00	60
239	1.000000000000000e+00	20
240	1.000000000000000e+00	20
241	1.000000000000000e+00	40
242	1.000000000000000e+00	40
243	1.000000000000000e+00	20
244	1.000000000000000e+00	40
245	1.000000000000000e+00	20
246	1.000000000000000e+00	20
247	1.000000000000000e+00	20
248	1.000000000000000e+00	100
249	1.000000000000000e+00	20
250	1.000000000000000e+00	20
251	1.000000000000000e+00	160
252	1.000000000000000e+00	20
253	1.000000000000000e+00	40
254	1.000000000000000e+00	20
255	1.000000000000000e+00	60
256	1.000000000000000e+00	100
257	1.000000000000000e+00	20
258	1.000000000000000e+00	20
259	1.000000000000000e+00	20
260	1.000000000000000e+00	20
261	1.000000000000000e+00	40
262	1.000000000000000e+00	20
263	1.000000000000000e+00	60
264	1.000000000000000e+00	20
265	1.000000000000000e+00	20
266	1.000000000000000e+00	20
267	1.000000000000000e+00	20
268	1.000000000000000e+00	120
269	1.000000000000000e+00	20
270	1.000000000000000e+00	20
271	1.000000000000000e+00	80
272	1.000000000000000e+00	20
273	1.000000000000000e+00	20
274	1.000000000000000e+00	20
275	1.000000000000000e+00	40
276	1.000000000000000e+00	20
277	1.000000000000000e+00	40
278	1.000000000000000e+00	20
279	1.000000000000000e+00	20
280	1.000000000000000e+00	20
281	1.000000000000000e+00	20
282	1.000000000000000e+00	40
283	1.000000000000000e+00	20
284	1.000000000000000e+00	20
285	1.000000000000000e+00	20
286	1.000000000000000e+00	40
287	1.000000000000000e+00	20
288	1.000000000000000e+00	40
289	1.000000000000000e+00	20
290	1.000000000000000e+00	20
291	1.000000000000000e+00	20
292	1.000000000000000e+00	140
293	1.000000000000000e+00	20
294	1.000000000000000e+00	20
295	1.000000000000000e+00	60
296	1.000000000000000e+00	20
297	1.000000000000000e+00	20
298	1.000000000000000e+00	20
299	1.000000000000000e+00	40
300	1.000000000000000e+00	20
301	1.000000000000000e+00	20
302	1.000000000000000e+00	20
303	1.000000000000000e+00	20
304	1.000000000000000e+00	40
305	1.000000000000000e+00	20
306	1.000000000000000e+00	20
307	1.000000000000000e+00	20
308	1.000000000000000e+00	20
309	1.000000000000000e+00	20
310	1.000000000000000e+00	20
311	1.000000000000000e+00	60
312	1.000000000000000e+00	20
313	1.000000000000000e+00	20
314	1.000000000000000e+00	180
315	1.000000000000000e+00	40
316	1.000000000000000e+00	20
317	1.000000000000000e+00	20
318	1.000000000000000e+00	80
319	1.000000000000000e+00	140
320	1.000000000000000e+00	20
321	1.000000000000000e+00	20
322	1.000000000000000e+00	20
323	1.000000000000000e+00	20
324	1.000000000000000e+00	20
325	1.000000000000000e+00	40
326	1.000000000000000e+00	40
327	1.000000000000000e+00	20
328	1.000000000000000e+00	40
329	1.000000000000000e+00	20
330	1.000000000000000e+00	20
331	1.000000000000000e+00	40
332	1.000000000000000e+00	20
333	1.000000000000000e+00	40
334	1.000000000000000e+00	40
335	1.000000000000000e+00	20
336	1.000000000000000e+00	80
337	1.000000000000000e+00	20
338	1.000000000000000e+00	20
339	1.000000000000000e+00	40
340	1.000000000000000e+00	40
341	1.000000000000000e+00	20
342	1.000000000000000e+00	40
343	1.000000000000000e+00	40
344	1.000000000000000e+00	60
345	1.000000000000000e+00	20
346	1.000000000000000e+00	20
347	1.000000000000000e+00	20
348	1.000000000000000e+00	20
349	1.000000000000000e+00	20
350	1.000000000000000e+00	20
351	1.000000000000000e+00	40
352	1.000000000000000e+00	40
353	1.000000000000000e+00	20
354	1.000000000000000e+00	20
355	1.000000000000000e+00	20
356	1.000000000000000e+00	40
357	1.000000000000000e+00	20
358	1.000000000000000e+00	20
359	1.000000000000000e+00	40
360	1.000000000000000e+00	40
361	1.000000000000000e+00	20
362	1.000000000000000e+00	20
363	1.000000000000000e+00	20
364	1.000000000000000e+00	20
365	1.000000000000000e+00	20
366	1.000000000000000e+00	20
367	1.000000000000000e+00	20
368	1.000000000000000e+00	20
369	1.000000000000000e+00	20
370	1.000000000000000e+00	20
371	1.000000000000000e+00	100
372	1.000000000000000e+00	160
373	1.000000000000000e+00	20
374	1.000000000000000e+00	40
375	1.000000000000000e+00	20
376	1.000000000000000e+00	120
377	1.000000000000000e+00	20
378	1.000000000000000e+00	20
379	1.000000000000000e+00	20
380	1.000000000000000e+00	120
381	1.000000000000000e+00	20
382	1.000000000000000e+00	20
383	1.000000000000000e+00	20
384	1.000000000000000e+00	20
385	1.000000000000000e+00	20
386	1.000000000000000e+00	20
387	1.000000000000000e+00	40
388	1.000000000000000e+00	20
389	1.000000000000000e+00	20
390	1.000000000000000e+00	20
391	1.000000000000000e+00	80
392	1.000000000000000e+00	40
393	1.000000000000000e+00	20
394	1.000000000000000e+00	120
395	1.000000000000000e+00	20
396	1.000000000000000e+00	40
397	1.000000000000000e+00	60
398	1.000000000000000e+00	20
399	1.000000000000000e+00	60
400	1.000000000000000e+00	140
401	1.000000000000000e+00	20
402	1.000000000000000e+00	20
403	1.000000000000000e+00	20
404	1.000000000000000e+00	100
405	1.000000000000000e+00	40
406	1.000000000000000e+00	20
407	1.000000000000000e+00	20
408	1.000000000000000e+00	80
409	1.000000000000000e+00	80
410	1.000000000000000e+00	20
411	1.000000000000000e+00	60
412	1.000000000000000e+00	40
413	1.000000000000000e+00	20
414	1.000000000000000e+00	100
415	1.000000000000000e+00	20
416	1.000000000000000e+00	20
417	1.000000000000000e+00	20
418	1.000000000000000e+00	20
419	1.000000000000000e+00	40
420	1.000000000000000e+00	60
421	1.000000000000000e+00	20
422	1.000000000000000e+00	20
423	1.000000000000000e+00	60
424	1.000000000000000e+00	40
425	1.000000000000000e+00	40
426	1.000000000000000e+00	20
427	1.000000000000000e+00	20
428	1.000000000000000e+00	140
429	1.000000000000000e+00	40
430	1.000000000000000e+00	20
431	1.000000000000000e+00	40
432	1.000000000000000e+00	40
433	1.000000000000000e+00	40
434	1.000000000000000e+00	20
435	1.000000000000000e+00	20
436	1.000000000000000e+00	240
437	1.000000000000000e+00	40
438	1.000000000000000e+00	20
439	1.000000000000000e+00	20
440	1.000000000000000e+00	20
441	1.000000000000000e+00	20
442	1.000000000000000e+00	20
443	1.000000000000000e+00	60
444	1.000000000000000e+00	40
445	1.000000000000000e+00	20
446	1.000000000000000e+00	40
447	1.000000000000000e+00	20
448	1.000000000000000e+00	40
449	1.000000000000000e+00	20
450	1.000000000000000e+00	100
451	1.000000000000000e+00	60
452	1.000000000000000e+00	20
453	1.000000000000000e+00	20
454	1.000000000000000e+00	20
455	1.000000000000000e+00	20
456	1.000000000000000e+00	20
457	1.000000000000000e+00	20
458	1.000000000000000e+00	60
459	1.000000000000000e+00	20
460	1.000000000000000e+00	20
461	1.000000000000000e+00	20
462	1.000000000000000e+00	20
463	1.000000000000000e+00	20
464	1.000000000000000e+00	20
465	1.000000000000000e+00	60
466	1.000000000000000e+00	60
467	1.000000000000000e+00	20
468	1.000000000000000e+00	40
469	1.000000000000000e+00	20
470	1.000000000000000e+00	40
471	1.000000000000000e+00	20
472	1.000000000000000e+00	20
473	1.000000000000000e+00	20
474	1.000000000000000e+00	20
475	1.000000000000000e+00	20
476	1.000000000000000e+00	20
477	1.000000000000000e+00	20
478	1.000000000000000e+00	60
479	1.000000000000000e+00	40
480	1.000000000000000e+00	60
481	1.000000000000000e+00	20
482	1.000000000000000e+00	60
483	1.000000000000000e+00	20
484	1.000000000000000e+00	20
485	1.000000000000000e+00	180
486	1.000000000000000e+00	20
487	1.000000000000000e+00	20
488	1.000000000000000e+00	40
489	1.000000000000000e+00	20
490	1.000000000000000e+00	60
491	1.000000000000000e+00	20
492	1.000000000000000e+00	20
493	1.000000000000000e+00	40
494	1.000000000000000e+00	20
495	1.000000000000000e+00	20
496	1.000000000000000e+00	40
497	1.000000000000000e+00	20
498	1.000000000000000e+00	40
499	1.000000000000000e+00	20
500	1.000000000000000e+00	20
501	1.000000000000000e+00	20
502	1.000000000000000e+00	40
503	1.000000000000000e+00	20
504	1.000000000000000e+00	20
505	1.000000000000000e+00	20
506	1.000000000000000e+00	20
507	1.000000000000000e+00	20
508	1.000000000000000e+00	20
509	1.000000000000000e+00	20
510	1.000000000000000e+00	20
511	1.000000000000000e+00	20
512	1.000000000000000e+00	20
513	1.000000000000000e+00	20
514	1.000000000000000e+00	20
515	1.000000000000000e+00	20
516	1.000000000000000e+00	20
517	1.000000000000000e+00	20
518	1.000000000000000e+00	80
519	1.000000000000000e+00	20
520	1.000000000000000e+00	20
521	1.000000000000000e+00	20
522	1.000000000000000e+00	20
523	1.000000000000000e+00	20
524	1.000000000000000e+00	20
525	1.000000000000000e+00	20
526	1.000000000000000e+00	20
527	1.000000000000000e+00	40
528	1.000000000000000e+00	20
529	1.000000000000000e+00	20
530	1.000000000000000e+00	40
531	1.000000000000000e+00	80
532	1.000000000000000e+00	20
533	1.000000000000000e+00	20
534	1.000000000000000e+00	20
535	1.000000000000000e+00	20
536	1.000000000000000e+00	40
537	1.000000000000000e+00	80
538	1.000000000000000e+00	20
539	1.000000000000000e+00	80
540	1.000000000000000e+00	20
541	1.000000000000000e+00	40
542	1.000000000000000e+00	40
543	1.000000000000000e+00	20
544	1.000000000000000e+00	20
545	1.000000000000000e+00	120
546	1.000000000000000e+00	40
547	1.000000000000000e+00	20
548	1.000000000000000e+00	140
549	1.000000000000000e+00	40
550	1.000000000000000e+00	20
551	1.000000000000000e+00	40
552	1.000000000000000e+00	20
553	1.000000000000000e+00	60
554	1.000000000000000e+00	20
555	1.000000000000000e+00	20
556	1.000000000000000e+00	120
557	1.000000000000000e+00	120
558	1.000000000000000e+00	40
559	1.000000000000000e+00	20
560	1.000000000000000e+00	20
561	1.000000000000000e+00	80
562	1.000000000000000e+00	20
563	1.000000000000000e+00	20
564	1.000000000000000e+00	20
565	1.000000000000000e+00	40
566	1.000000000000000e+00	80
567	1.000000000000000e+00	40
568	1.000000000000000e+00	20
569	1.000000000000000e+00	40
570	1.000000000000000e+00	20
571	1.000000000000000e+00	20
572	1.000000000000000e+00	20
573	1.000000000000000e+00	20
574	1.000000000000000e+00	20
575	1.000000000000000e+00	160
576	1.000000000000000e+00	40
577	1.000000000000000e+00	20
578	1.000000000000000e+00	20
579	1.000000000000000e+00	20
580	1.000000000000000e+00	20
581	1.000000000000000e+00	20
582	1.000000000000000e+00	20
583	1.000000000000000e+00	20
584	1.000000000000000e+00	20
585	1.000000000000000e+00	20
586	1.000000000000000e+00	140
587	1.000000000000000e+00	80
588	1.000000000000000e+00	20
589	1.000000000000000e+00	20
590	1.000000000000000e+00	20
591	1.000000000000000e+00	40
592	1.000000000000000e+00	20
593	1.000000000000000e+00	20
594	1.000000000000000e+00	40
595	1.000000000000000e+00	20
596	1.000000000000000e+00	120
597	1.000000000000000e+00	20
598	1.000000000000000e+00	20
599	1.000000000000000e+00	20
600	1.000000000000000e+00	20
601	1.000000000000000e+00	40
602	1.000000000000000e+00	40
603	1.000000000000000e+00	60
604	1.000000000000000e+00	20
605	1.000000000000000e+00	100
606	1.000000000000000e+00	60
607	1.000000000000000e+00	80
608	1.000000000000000e+00	20
609	1.000000000000000e+00	20
610	1.000000000000000e+00	60
611	1.000000000000000e+00	40
612	1.000000000000000e+00	40
613	1.000000000000000e+00	20
614	1.000000000000000e+00	40
615	1.000000000000000e+00	20
616	1.000000000000000e+00	20
617	1.000000000000000e+00	60
618	1.000000000000000e+00	20
619	1.000000000000000e+00	20
620	1.000000000000000e+00	120
621	1.000000000000000e+00	80
622	1.000000000000000e+00	80
623	1.000000000000000e+00	20
624	1.000000000000000e+00	20
625	1.000000000000000e+00	60
626	1.000000000000000e+00	20
627	1.000000000000000e+00	20
628	1.000000000000000e+00	20
629	1.000000000000000e+00	100
630	1.000000000000000e+00	40
631	1.000000000000000e+00	100
632	1.000000000000000e+00	20
633	1.000000000000000e+00	20
634	1.000000000000000e+00	80
635	1.000000000000000e+00	20
636	1.000000000000000e+00	20
637	1.000000000000000e+00	40
638	1.000000000000000e+00	40
639	1.000000000000000e+00	20
640	1.000000000000000e+00	20
641	1.000000000000000e+00	20
642	1.000000000000000e+00	20
643	1.000000000000000e+00	60
644	1.000000000000000e+00	20
645	1.000000000000000e+00	60
646	1.000000000000000e+00	20
647	1.000000000000000e+00	40
648	1.000000000000000e+00	120
649	1.000000000000000e+00	40
650	1.000000000000000e+00	40
651	1.000000000000000e+00	20
652	1.000000000000000e+00	20
653	1.000000000000000e+00	20
654	1.000000000000000e+00	20
655	1.000000000000000e+00	20
656	1.000000000000000e+00	40
657	1.000000000000000e+00	60
658	1.000000000000000e+00	40
659	1.000000000000000e+00	20
660	1.000000000000000e+00	40
661	1.000000000000000e+00	20
662	1.000000000000000e+00	20
663	1.000000000000000e+00	20
664	1.000000000000000e+00	60
665	1.000000000000000e+00	80
666	1.000000000000000e+00	20
667	1.000000000000000e+00	20
668	1.000000000000000e+00	20
669	1.000000000000000e+00	20
670	1.000000000000000e+00	20
671	1.000000000000000e+00	20
672	1.000000000000000e+00	60
673	1.000000000000000e+00	20
674	1.000000000000000e+00	80
675	1.000000000000000e+00	80
676	1.000000000000000e+00	120
677	1.000000000000000e+00	20
678	1.000000000000000e+00	20
679	1.000000000000000e+00	20
680	1.000000000000000e+00	20
681	1.000000000000000e+00	20
682	1.000000000000000e+00	20
683	1.000000000000000e+00	20
684	1.000000000000000e+00	20
685	1.000000000000000e+00	40
686	1.000000000000000e+00	40
687	1.000000000000000e+00	20
688	1.000000000000000e+00	20
689	1.000000000000000e+00	420
690	1.000000000000000e+00	20
691	1.000000000000000e+00	20
692	1.000000000000000e+00	60
693	1.000000000000000e+00	20
694	1.000000000000000e+00	20
695	1.000000000000000e+00	100
696	1.000000000000000e+00	20
697	1.000000000000000e+00	40
698	1.000000000000000e+00	100
699	1.000000000000000e+00	120
700	1.000000000000000e+00	80
701	1.000000000000000e+00	20
702	1.000000000000000e+00	20
703	1.000000000000000e+00	40
704	1.000000000000000e+00	20
705	1.000000000000000e+00	40
706	1.000000000000000e+00	20
707	1.000000000000000e+00	60
708	1.000000000000000e+00	20
709	1.000000000000000e+00	160
710	1.000000000000000e+00	40
711	1.000000000000000e+00	20
712	1.000000000000000e+00	20
713	1.000000000000000e+00	20
714	1.000000000000000e+00	20
715	1.000000000000000e+00	40
716	1.000000000000000e+00	80
717	1.000000000000000e+00	40
718	1.000000000000000e+00	20
719	1.000000000000000e+00	20
720	1.000000000000000e+00	20
721	1.000000000000000e+00	20
722	1.000000000000000e+00	20
723	1.000000000000000e+00	20
724	1.000000000000000e+00	20
725	1.000000000000000e+00	40
726	1.000000000000000e+00	60
727	1.000000000000000e+00	20
728	1.000000000000000e+00	20
729	1.000000000000000e+00	20
730	1.000000000000000e+00	20
731	1.000000000000000e+00	80
732	1.000000000000000e+00	20
733	1.000000000000000e+00	20
734	1.000000000000000e+00	20
735	1.000000000000000e+00	20
736	1.000000000000000e+00	20
737	1.000000000000000e+00	20
738	1.000000000000000e+00	20
739	1.000000000000000e+00	100
740	1.000000000000000e+00	60
741	1.000000000000000e+00	20
742	1.000000000000000e+00	20
743	1.000000000000000e+00	40
744	1.000000000000000e+00	20
745	1.000000000000000e+00	100
746	1.000000000000000e+00	20
747	1.000000000000000e+00	20
748	1.000000000000000e+00	60
749	1.000000000000000e+00	20
750	1.000000000000000e+00	20
751	1.000000000000000e+00	20
752	1.000000000000000e+00	60
753	1.000000000000000e+00	100
754	1.000000000000000e+00	40
755	1.000000000000000e+00	80
756	1.000000000000000e+00	180
757	1.000000000000000e+00	20
758	1.000000000000000e+00	20
759	1.000000000000000e+00	20
760	1.000000000000000e+00	40
761	1.000000000000000e+00	60
762	1.000000000000000e+00	100
763	1.000000000000000e+00	20
764	1.000000000000000e+00	20
765	1.000000000000000e+00	20
766	1.000000000000000e+00	20
767	1.000000000000000e+00	60
768	1.000000000000000e+00	20
769	1.000000000000000e+00	20
770	1.000000000000000e+00	20
771	1.000000000000000e+00	20
772	1.000000000000000e+00	20
773	1.000000000000000e+00	20
774	1.000000000000000e+00	20
775	1.000000000000000e+00	20
776	1.000000000000000e+00	20
777	1.000000000000000e+00	60
778	1.000000000000000e+00	20
779	1.000000000000000e+00	40
780	1.000000000000000e+00	20
781	1.000000000000000e+00	20
782	1.000000000000000e+00	20
783	1.000000000000000e+00	20
784	1.000000000000000e+00	20
785	1.000000000000000e+00	20
786	1.000000000000000e+00	40
787	1.000000000000000e+00	20
788	1.000000000000000e+00	140
789	1.000000000000000e+00	60
790	1.000000000000000e+00	40
791	1.000000000000000e+00	20
792	1.000000000000000e+00	20
793	1.000000000000000e+00	40
794	1.000000000000000e+00	40
795	1.000000000000000e+00	20
796	1.000000000000000e+00	20
797	1.000000000000000e+00	20
798	1.000000000000000e+00	20
799	1.000000000000000e+00	80
800	1.000000000000000e+00	40
801	1.000000000000000e+00	20
802	1.000000000000000e+00	60
803	1.000000000000000e+00	20
804	1.000000000000000e+00	20
805	9.500000000000001e-01	20
806	9.000000000000000e-01	60
807	8.500000000000001e-01	40
808	8.000000000000000e-01	20
809	7.500000000000000e-01	40
810	6.500000000000000e-01	20
811	6.000000000000001e-01	100
812	6.000000000000001e-01	40
813	6.500000000000000e-01	20
814	7.500000000000000e-01	100
815	8.000000000000000e-01	40
816	8.500000000000001e-01	20
817	9.000000000000000e-01	60
818	9.500000000000001e-01	20
819	9.000000000000000e-01	20
820	9.000000000000000e-01	20
821	8.500000000000001e-01	40
822	7.500000000000000e-01	40
823	7.000000000000001e-01	20
824	6.000000000000001e-01	20
825	6.500000000000000e-01	20
826	7.000000000000001e-01	20
827	7.000000000000001e-01	40
828	7.000000000000001e-01	20
829	7.000000000000001e-01	20
830	7.500000000000000e-01	100
831	8.000000000000000e-01	20
832	8.500000000000001e-01	20
833	9.000000000000000e-01	20
834	9.500000000000001e-01	20
835	1.000000000000000e+00	20
836	1.000000000000000e+00	20
837	1.000000000000000e+00	40
838	1.000000000000000e+00	40
839	1.000000000000000e+00	20
840	1.000000000000000e+00	60
841	1.000000000000000e+00	40
842	1.000000000000000e+00	80
843	1.000000000000000e+00	40
844	1.000000000000000e+00	40
845	1.000000000000000e+00	60
846	1.000000000000000e+00	100
847	1.000000000000000e+00	40
848	1.000000000000000e+00	20
849	1.000000000000000e+00	20
850	1.000000000000000e+00	40
851	1.000000000000000e+00	20
852	1.000000000000000e+00	20
853	1.000000000000000e+00	60
854	1.000000000000000e+00	20
855	1.000000000000000e+00	20
856	1.000000000000000e+00	20
857	1.000000000000000e+00	20
858	1.000000000000000e+00	20
859	1.000000000000000e+00	20
860	1.000000000000000e+00	20
861	1.000000000000000e+00	20
862	1.000000000000000e+00	140
863	1.000000000000000e+00	20
864	1.000000000000000e+00	20
865	1.000000000000000e+00	40
866	1.000000000000000e+00	20
867	1.000000000000000e+00	40
868	1.000000000000000e+00	20
869	1.000000000000000e+00	40
870	1.000000000000000e+00	20
871	1.000000000000000e+00	40
872	1.000000000000000e+00	20
873	1.000000000000000e+00	20
874	1.000000000000000e+00	80
875	1.000000000000000e+00	20
876	1.000000000000000e+00	20
877	1.000000000000000e+00	20
878	1.000000000000000e+00	20
879	1.000000000000000e+00	20
880	1.000000000000000e+00	20
881	1.000000000000000e+00	60
882	1.000000000000000e+00	60
883	1.000000000000000e+00	120
884	1.000000000000000e+00	20
885	1.000000000000000e+00	20
886	1.000000000000000e+00	20
887	1.000000000000000e+00	20
888	1.000000000000000e+00	60
889	1.000000000000000e+00	140
890	1.000000000000000e+00	20
891	1.000000000000000e+00	40
892	1.000000000000000e+00	20
893	1.000000000000000e+00	20
894	1.000000000000000e+00	100
895	1.000000000000000e+00	20
896	1.000000000000000e+00	40
897	1.000000000000000e+00	180
898	1.000000000000000e+00	20
899	1.000000000000000e+00	20
900	1.000000000000000e+00	40
901	1.000000000000000e+00	20
902	1.000000000000000e+00	20
903	1.000000000000000e+00	20
904	1.000000000000000e+00	20
905	1.000000000000000e+00	80
906	1.000000000000000e+00	20
907	1.000000000000000e+00	40
908	1.000000000000000e+00	40
909	1.000000000000000e+00	20
910	1.000000000000000e+00	20
911	1.000000000000000e+00	20
912	1.000000000000000e+00	60
913	1.000000000000000e+00	20
914	1.000000000000000e+00	20
915	1.000000000000000e+00	20
916	1.000000000000000e+00	60
917	1.000000000000000e+00	60
918	1.000000000000000e+00	40
919	1.000000000000000e+00	20
920	1.000000000000000e+00	20
921	1.000000000000000e+00	20
922	1.000000000000000e+00	20
923	1.000000000000000e+00	20
924	1.000000000000000e+00	40
925	1.000000000000000e+00	60
926	1.000000000000000e+00	20
927	1.000000000000000e+00	20
928	1.000000000000000e+00	40
929	1.000000000000000e+00	20
930	1.000000000000000e+00	20
931	1.000000000000000e+00	20
932	1.000000000000000e+00	20
933	1.000000000000000e+00	40
934	1.000000000000000e+00	20
935	1.000000000000000e+00	40
936	1.000000000000000e+00	120
937	1.000000000000000e+00	20
938	1.000000000000000e+00	40
939	1.000000000000000e+00	180
940	1.000000000000000e+00	20
941	1.000000000000000e+00	20
942	1.000000000000000e+00	20
943	1.000000000000000e+00	20
944	1.000000000000000e+00	20
945	1.000000000000000e+00	20
946	1.000000000000000e+00	20
947	1.000000000000000e+00	20
948	1.000000000000000e+00	20
949	1.000000000000000e+00	40
950	1.000000000000000e+00	20
951	1.000000000000000e+00	40
952	1.000000000000000e+00	20
953	1.000000000000000e+00	20
954	1.000000000000000e+00	20
955	1.000000000000000e+00	20
956	1.000000000000000e+00	60
957	1.000000000000000e+00	20
958	1.000000000000000e+00	20
959	1.000000000000000e+00	20
960	1.000000000000000e+00	20
961	1.000000000000000e+00	20
962	1.000000000000000e+00	60
963	1.000000000000000e+00	20
964	1.000000000000000e+00	40
965	1.000000000000000e+00	20
966	1.000000000000000e+00	20
967	1.000000000000000e+00	20
968	1.000000000000000e+00	40
969	1.000000000000000e+00	20
970	1.000000000000000e+00	40
971	1.000000000000000e+00	20
972	1.000000000000000e+00	20
973	1.000000000000000e+00	20
974	1.000000000000000e+00	40
975	1.000000000000000e+00	20
976	1.000000000000000e+00	20
977	1.000000000000000e+00	40
978	1.000000000000000e+00	20
979	1.000000000000000e+00	20
980	1.000000000000000e+00	40
981	1.000000000000000e+00	20
982	1.000000000000000e+00	20
983	1.000000000000000e+00	20
984	1.000000000000000e+00	40
985	1.000000000000000e+00	20
986	1.000000000000000e+00	20
987	1.000000000000000e+00	20
988	1.000000000000000e+00	20
989	1.000000000000000e+00	20
990	1.000000000000000e+00	20
991	1.000000000000000e+00	20
992	1.000000000000000e+00	20
993	1.000000000000000e+00	20
994	1.000000000000000e+00	20
995	1.000000000000000e+00	20
996	1.000000000000000e+00	20
997	1.000000000000000e+00	60
998	1.000000000000000e+00	20
999	1.000000000000000e+00	20
1000	1.000000000000000e+00	60


Tempo gasto: 22.944747
