Método usado: ANTCOLONY OPTIMIZATION

POSIÇÃO	ÁREA(mm²)	CUSTO

1	1.000000000000000e+00	20
2	1.000000000000000e+00	20
3	1.000000000000000e+00	20
4	1.000000000000000e+00	20
5	1.000000000000000e+00	80
6	1.000000000000000e+00	20
7	1.000000000000000e+00	20
8	1.000000000000000e+00	20
9	1.000000000000000e+00	20
10	1.000000000000000e+00	20
11	1.000000000000000e+00	20
12	1.000000000000000e+00	20
13	1.000000000000000e+00	20
14	1.000000000000000e+00	100
15	1.000000000000000e+00	20
16	1.000000000000000e+00	40
17	1.000000000000000e+00	60
18	1.000000000000000e+00	20
19	1.000000000000000e+00	80
20	1.000000000000000e+00	140
21	1.000000000000000e+00	80
22	1.000000000000000e+00	20
23	1.000000000000000e+00	20
24	1.000000000000000e+00	100
25	1.000000000000000e+00	20
26	1.000000000000000e+00	20
27	1.000000000000000e+00	20
28	1.000000000000000e+00	60
29	1.000000000000000e+00	80
30	1.000000000000000e+00	20
31	1.000000000000000e+00	40
32	1.000000000000000e+00	20
33	1.000000000000000e+00	20
34	1.000000000000000e+00	20
35	1.000000000000000e+00	80
36	1.000000000000000e+00	20
37	1.000000000000000e+00	80
38	1.000000000000000e+00	40
39	1.000000000000000e+00	20
40	1.000000000000000e+00	20
41	1.000000000000000e+00	20
42	1.000000000000000e+00	100
43	1.000000000000000e+00	20
44	1.000000000000000e+00	20
45	1.000000000000000e+00	20
46	1.000000000000000e+00	20
47	1.000000000000000e+00	20
48	1.000000000000000e+00	60
49	1.000000000000000e+00	100
50	1.000000000000000e+00	20
51	1.000000000000000e+00	20
52	1.000000000000000e+00	20
53	1.000000000000000e+00	20
54	1.000000000000000e+00	20
55	1.000000000000000e+00	20
56	1.000000000000000e+00	140
57	1.000000000000000e+00	20
58	1.000000000000000e+00	80
59	1.000000000000000e+00	20
60	1.000000000000000e+00	20
61	1.000000000000000e+00	20
62	1.000000000000000e+00	40
63	1.000000000000000e+00	20
64	1.000000000000000e+00	20
65	1.000000000000000e+00	20
66	1.000000000000000e+00	20
67	1.000000000000000e+00	120
68	1.000000000000000e+00	40
69	1.000000000000000e+00	20
70	1.000000000000000e+00	20
71	1.000000000000000e+00	20
72	1.000000000000000e+00	20
73	1.000000000000000e+00	20
74	1.000000000000000e+00	60
75	1.000000000000000e+00	20
76	1.000000000000000e+00	20
77	1.000000000000000e+00	20
78	1.000000000000000e+00	40
79	1.000000000000000e+00	20
80	1.000000000000000e+00	20
81	1.000000000000000e+00	20
82	1.000000000000000e+00	20
83	1.000000000000000e+00	40
84	1.000000000000000e+00	180
85	1.000000000000000e+00	40
86	1.000000000000000e+00	60
87	1.000000000000000e+00	60
88	1.000000000000000e+00	20
89	1.000000000000000e+00	20
90	1.000000000000000e+00	20
91	1.000000000000000e+00	60
92	1.000000000000000e+00	20
93	1.000000000000000e+00	20
94	1.000000000000000e+00	40
95	1.000000000000000e+00	20
96	1.000000000000000e+00	20
97	1.000000000000000e+00	20
98	1.000000000000000e+00	20
99	1.000000000000000e+00	40
100	1.000000000000000e+00	40
101	1.000000000000000e+00	20
102	1.000000000000000e+00	40
103	1.000000000000000e+00	20
104	1.000000000000000e+00	20
105	1.000000000000000e+00	20
106	1.000000000000000e+00	120
107	1.000000000000000e+00	120
108	1.000000000000000e+00	20
109	1.000000000000000e+00	20
110	1.000000000000000e+00	160
111	1.000000000000000e+00	20
112	1.000000000000000e+00	20
113	1.000000000000000e+00	20
114	1.000000000000000e+00	20
115	1.000000000000000e+00	20
116	1.000000000000000e+00	20
117	1.000000000000000e+00	20
118	1.000000000000000e+00	20
119	1.000000000000000e+00	40
120	1.000000000000000e+00	60
121	1.000000000000000e+00	40
122	1.000000000000000e+00	20
123	1.000000000000000e+00	20
124	1.000000000000000e+00	20
125	1.000000000000000e+00	40
126	1.000000000000000e+00	20
127	1.000000000000000e+00	40
128	1.000000000000000e+00	60
129	1.000000000000000e+00	20
130	1.000000000000000e+00	40
131	1.000000000000000e+00	20
132	1.000000000000000e+00	20
133	1.000000000000000e+00	100
134	1.000000000000000e+00	20
135	1.000000000000000e+00	20
136	1.000000000000000e+00	20
137	1.000000000000000e+00	20
138	1.000000000000000e+00	20
139	1.000000000000000e+00	60
140	1.000000000000000e+00	20
141	1.000000000000000e+00	40
142	1.000000000000000e+00	20
143	1.000000000000000e+00	20
144	1.000000000000000e+00	20
145	1.000000000000000e+00	20
146	1.000000000000000e+00	20
147	1.000000000000000e+00	20
148	1.000000000000000e+00	40
149	1.000000000000000e+00	20
150	1.000000000000000e+00	20
151	1.000000000000000e+00	20
152	1.000000000000000e+00	20
153	1.000000000000000e+00	20
154	1.000000000000000e+00	20
155	1.000000000000000e+00	40
156	1.000000000000000e+00	20
157	1.000000000000000e+00	20
158	1.000000000000000e+00	40
159	1.000000000000000e+00	20
160	1.000000000000000e+00	60
161	1.000000000000000e+00	20
162	1.000000000000000e+00	20
163	1.000000000000000e+00	20
164	1.000000000000000e+00	20
165	1.000000000000000e+00	20
166	1.000000000000000e+00	20
167	1.000000000000000e+00	40
168	1.000000000000000e+00	40
169	1.000000000000000e+00	20
170	1.000000000000000e+00	20
171	1.000000000000000e+00	60
172	1.000000000000000e+00	20
173	1.000000000000000e+00	40
174	1.000000000000000e+00	20
175	1.000000000000000e+00	40
176	1.000000000000000e+00	20
177	1.000000000000000e+00	20
178	1.000000000000000e+00	20
179	1.000000000000000e+00	20
180	1.000000000000000e+00	40
181	1.000000000000000e+00	20
182	1.000000000000000e+00	20
183	1.000000000000000e+00	40
184	1.000000000000000e+00	20
185	1.000000000000000e+00	20
186	1.000000000000000e+00	20
187	1.000000000000000e+00	40
188	1.000000000000000e+00	20
189	1.000000000000000e+00	60
190	1.000000000000000e+00	20
191	1.000000000000000e+00	20
192	1.000000000000000e+00	20
193	1.000000000000000e+00	40
194	1.000000000000000e+00	40
195	1.000000000000000e+00	60
196	1.000000000000000e+00	20
197	1.000000000000000e+00	20
198	1.000000000000000e+00	20
199	1.000000000000000e+00	20
200	1.000000000000000e+00	40
201	1.000000000000000e+00	20
202	1.000000000000000e+00	20
203	1.000000000000000e+00	20
204	1.000000000000000e+00	20
205	1.000000000000000e+00	20
206	1.000000000000000e+00	20
207	1.000000000000000e+00	40
208	1.000000000000000e+00	20
209	1.000000000000000e+00	20
210	1.000000000000000e+00	20
211	1.000000000000000e+00	60
212	1.000000000000000e+00	20
213	1.000000000000000e+00	20
214	1.000000000000000e+00	20
215	1.000000000000000e+00	60
216	1.000000000000000e+00	20
217	1.000000000000000e+00	20
218	1.000000000000000e+00	20
219	1.000000000000000e+00	20
220	1.000000000000000e+00	20
221	1.000000000000000e+00	20
222	1.000000000000000e+00	20
223	1.000000000000000e+00	20
224	1.000000000000000e+00	20
225	1.000000000000000e+00	20
226	1.000000000000000e+00	20
227	1.000000000000000e+00	20
228	1.000000000000000e+00	20
229	1.000000000000000e+00	20
230	1.000000000000000e+00	20
231	1.000000000000000e+00	60
232	1.000000000000000e+00	20
233	1.000000000000000e+00	20
234	1.000000000000000e+00	20
235	1.000000000000000e+00	20
236	1.000000000000000e+00	20
237	1.000000000000000e+00	20
238	1.000000000000000e+00	20
239	1.000000000000000e+00	20
240	1.000000000000000e+00	20
241	1.000000000000000e+00	40
242	1.000000000000000e+00	20
243	1.000000000000000e+00	60
244	1.000000000000000e+00	20
245	1.000000000000000e+00	20
246	1.000000000000000e+00	20
247	1.000000000000000e+00	20
248	1.000000000000000e+00	20
249	1.000000000000000e+00	20
250	1.000000000000000e+00	20
251	1.000000000000000e+00	20
252	1.000000000000000e+00	20
253	1.000000000000000e+00	40
254	1.000000000000000e+00	100
255	1.000000000000000e+00	40
256	1.000000000000000e+00	20
257	1.000000000000000e+00	60
258	1.000000000000000e+00	40
259	1.000000000000000e+00	100
260	1.000000000000000e+00	100
261	1.000000000000000e+00	20
262	1.000000000000000e+00	20
263	1.000000000000000e+00	160
264	1.000000000000000e+00	60
265	1.000000000000000e+00	20
266	1.000000000000000e+00	60
267	1.000000000000000e+00	40
268	1.000000000000000e+00	20
269	1.000000000000000e+00	40
270	1.000000000000000e+00	60
271	1.000000000000000e+00	20
272	1.000000000000000e+00	40
273	1.000000000000000e+00	40
274	1.000000000000000e+00	20
275	1.000000000000000e+00	20
276	1.000000000000000e+00	40
277	1.000000000000000e+00	80
278	1.000000000000000e+00	20
279	1.000000000000000e+00	80
280	1.000000000000000e+00	60
281	1.000000000000000e+00	20
282	1.000000000000000e+00	60
283	1.000000000000000e+00	20
284	1.000000000000000e+00	60
285	1.000000000000000e+00	40
286	1.000000000000000e+00	40
287	1.000000000000000e+00	20
288	1.000000000000000e+00	80
289	1.000000000000000e+00	20
290	1.000000000000000e+00	20
291	1.000000000000000e+00	20
292	1.000000000000000e+00	20
293	1.000000000000000e+00	40
294	1.000000000000000e+00	20
295	1.000000000000000e+00	20
296	1.000000000000000e+00	40
297	1.000000000000000e+00	80
298	1.000000000000000e+00	20
299	1.000000000000000e+00	20
300	1.000000000000000e+00	20
301	1.000000000000000e+00	80
302	1.000000000000000e+00	80
303	1.000000000000000e+00	100
304	1.000000000000000e+00	20
305	1.000000000000000e+00	20
306	1.000000000000000e+00	60
307	1.000000000000000e+00	40
308	1.000000000000000e+00	60
309	1.000000000000000e+00	20
310	1.000000000000000e+00	100
311	1.000000000000000e+00	20
312	1.000000000000000e+00	20
313	1.000000000000000e+00	20
314	1.000000000000000e+00	20
315	1.000000000000000e+00	20
316	1.000000000000000e+00	20
317	1.000000000000000e+00	20
318	1.000000000000000e+00	20
319	1.000000000000000e+00	20
320	1.000000000000000e+00	20
321	1.000000000000000e+00	20
322	1.000000000000000e+00	20
323	1.000000000000000e+00	20
324	1.000000000000000e+00	20
325	1.000000000000000e+00	20
326	1.000000000000000e+00	40
327	1.000000000000000e+00	20
328	1.000000000000000e+00	60
329	1.000000000000000e+00	20
330	1.000000000000000e+00	80
331	1.000000000000000e+00	20
332	1.000000000000000e+00	40
333	1.000000000000000e+00	40
334	1.000000000000000e+00	20
335	1.000000000000000e+00	20
336	1.000000000000000e+00	20
337	1.000000000000000e+00	20
338	1.000000000000000e+00	20
339	1.000000000000000e+00	20
340	1.000000000000000e+00	40
341	1.000000000000000e+00	60
342	1.000000000000000e+00	20
343	1.000000000000000e+00	20
344	1.000000000000000e+00	20
345	1.000000000000000e+00	20
346	1.000000000000000e+00	20
347	1.000000000000000e+00	20
348	1.000000000000000e+00	20
349	1.000000000000000e+00	40
350	1.000000000000000e+00	20
351	1.000000000000000e+00	40
352	9.500000000000001e-01	40
353	9.000000000000000e-01	100
354	8.500000000000001e-01	40
355	8.000000000000000e-01	20
356	7.500000000000000e-01	80
357	7.000000000000001e-01	20
358	6.500000000000000e-01	20
359	6.000000000000001e-01	20
360	5.500000000000000e-01	20
361	5.000000000000000e-01	20
362	5.000000000000000e-01	20
363	5.300000000000000e-01	450
364	5.500000000000000e-01	450
365	5.700000000000001e-01	450
366	5.900000000000001e-01	450
367	6.100000000000001e-01	450
368	6.300000000000000e-01	450
369	6.500000000000000e-01	450
370	6.699999999999999e-01	450
371	7.000000000000001e-01	450
372	7.200000000000000e-01	450
373	7.700000000000000e-01	450
374	8.200000000000001e-01	450
375	8.700000000000001e-01	450
376	9.199999999999999e-01	450
377	9.700000000000000e-01	450
378	9.700000000000000e-01	450
379	9.700000000000000e-01	450
380	9.700000000000000e-01	450
381	9.700000000000000e-01	450
382	9.700000000000000e-01	450
383	9.800000000000000e-01	450
384	9.800000000000000e-01	450
385	9.800000000000000e-01	450
386	9.800000000000000e-01	450
387	9.800000000000000e-01	450
388	9.800000000000000e-01	450
389	9.800000000000000e-01	450
390	9.800000000000000e-01	450
391	9.800000000000000e-01	450
392	9.800000000000000e-01	450
393	9.800000000000000e-01	450
394	9.800000000000000e-01	450
395	9.800000000000000e-01	450
396	9.800000000000000e-01	450
397	9.800000000000000e-01	450
398	9.800000000000000e-01	450
399	9.800000000000000e-01	450
400	9.800000000000000e-01	450
401	9.800000000000000e-01	450
402	9.800000000000000e-01	450
403	9.800000000000000e-01	450
404	9.800000000000000e-01	450
405	9.800000000000000e-01	450
406	9.800000000000000e-01	450
407	9.800000000000000e-01	450
408	9.800000000000000e-01	450
409	9.800000000000000e-01	450
410	9.800000000000000e-01	450
411	9.800000000000000e-01	450
412	9.800000000000000e-01	450
413	9.800000000000000e-01	450
414	9.800000000000000e-01	450
415	9.800000000000000e-01	450
416	9.800000000000000e-01	450
417	9.800000000000000e-01	450
418	9.800000000000000e-01	450
419	9.800000000000000e-01	450
420	9.800000000000000e-01	450
421	9.800000000000000e-01	450
422	9.800000000000000e-01	450
423	9.800000000000000e-01	450
424	9.800000000000000e-01	450
425	9.800000000000000e-01	450
426	9.800000000000000e-01	450
427	9.800000000000000e-01	450
428	9.800000000000000e-01	450
429	9.800000000000000e-01	450
430	9.800000000000000e-01	450
431	9.800000000000000e-01	450
432	9.800000000000000e-01	450
433	9.800000000000000e-01	450
434	9.800000000000000e-01	450
435	9.800000000000000e-01	450
436	9.800000000000000e-01	450
437	9.800000000000000e-01	450
438	9.800000000000000e-01	450
439	9.800000000000000e-01	450
440	9.800000000000000e-01	450
441	9.800000000000000e-01	450
442	9.800000000000000e-01	450
443	9.800000000000000e-01	450
444	9.800000000000000e-01	450
445	9.800000000000000e-01	450
446	9.800000000000000e-01	450
447	9.800000000000000e-01	450
448	9.800000000000000e-01	450
449	9.800000000000000e-01	450
450	9.800000000000000e-01	450
451	9.800000000000000e-01	450
452	9.800000000000000e-01	450
453	9.800000000000000e-01	450
454	9.800000000000000e-01	450
455	9.800000000000000e-01	450
456	9.800000000000000e-01	450
457	9.800000000000000e-01	450
458	9.800000000000000e-01	450
459	9.800000000000000e-01	450
460	9.800000000000000e-01	450
461	9.800000000000000e-01	450
462	9.800000000000000e-01	450
463	9.800000000000000e-01	450
464	9.800000000000000e-01	450
465	9.800000000000000e-01	450
466	9.800000000000000e-01	450
467	9.800000000000000e-01	450
468	9.800000000000000e-01	450
469	9.800000000000000e-01	450
470	9.800000000000000e-01	450
471	9.800000000000000e-01	450
472	9.800000000000000e-01	450
473	9.800000000000000e-01	450
474	9.800000000000000e-01	450
475	9.800000000000000e-01	450
476	9.800000000000000e-01	450
477	9.800000000000000e-01	450
478	9.800000000000000e-01	450
479	9.800000000000000e-01	450
480	9.800000000000000e-01	450
481	9.800000000000000e-01	450
482	9.800000000000000e-01	450
483	9.800000000000000e-01	450
484	9.800000000000000e-01	450
485	9.800000000000000e-01	450
486	9.800000000000000e-01	450
487	9.800000000000000e-01	450
488	9.800000000000000e-01	450
489	9.800000000000000e-01	450
490	9.800000000000000e-01	450
491	9.800000000000000e-01	450
492	9.800000000000000e-01	450
493	9.800000000000000e-01	450
494	9.800000000000000e-01	450
495	9.800000000000000e-01	450
496	9.800000000000000e-01	450
497	9.800000000000000e-01	450
498	9.800000000000000e-01	450
499	9.800000000000000e-01	450
500	9.800000000000000e-01	450
501	9.800000000000000e-01	450
502	9.900000000000000e-01	450
503	9.900000000000000e-01	450
504	9.900000000000000e-01	450
505	9.900000000000000e-01	450
506	9.900000000000000e-01	450
507	9.900000000000000e-01	450
508	9.900000000000000e-01	450
509	9.900000000000000e-01	450
510	9.900000000000000e-01	450
511	9.900000000000000e-01	450
512	9.900000000000000e-01	450
513	9.900000000000000e-01	450
514	9.900000000000000e-01	450
515	9.900000000000000e-01	450
516	9.900000000000000e-01	450
517	9.900000000000000e-01	450
518	9.900000000000000e-01	450
519	9.900000000000000e-01	450
520	9.900000000000000e-01	450
521	9.900000000000000e-01	450
522	9.900000000000000e-01	450
523	9.900000000000000e-01	450
524	9.900000000000000e-01	450
525	9.900000000000000e-01	450
526	9.900000000000000e-01	450
527	9.900000000000000e-01	450
528	9.900000000000000e-01	450
529	9.900000000000000e-01	450
530	9.900000000000000e-01	450
531	9.900000000000000e-01	450
532	9.900000000000000e-01	450
533	9.900000000000000e-01	450
534	9.900000000000000e-01	450
535	9.900000000000000e-01	450
536	9.900000000000000e-01	450
537	9.900000000000000e-01	450
538	9.900000000000000e-01	450
539	9.900000000000000e-01	450
540	9.900000000000000e-01	450
541	9.900000000000000e-01	450
542	9.900000000000000e-01	450
543	9.900000000000000e-01	450
544	9.900000000000000e-01	450
545	9.900000000000000e-01	450
546	9.900000000000000e-01	450
547	9.900000000000000e-01	450
548	9.900000000000000e-01	450
549	9.900000000000000e-01	450
550	9.900000000000000e-01	450
551	9.900000000000000e-01	450
552	9.900000000000000e-01	450
553	9.900000000000000e-01	450
554	1.000000000000000e+00	450
555	1.000000000000000e+00	450
556	1.000000000000000e+00	450
557	1.000000000000000e+00	450
558	1.000000000000000e+00	450
559	1.000000000000000e+00	450
560	1.000000000000000e+00	450
561	1.000000000000000e+00	450
562	1.000000000000000e+00	40
563	1.000000000000000e+00	450
564	1.000000000000000e+00	60
565	1.000000000000000e+00	450
566	1.000000000000000e+00	450
567	1.000000000000000e+00	450
568	1.000000000000000e+00	450
569	1.000000000000000e+00	450
570	1.000000000000000e+00	450
571	1.000000000000000e+00	450
572	1.000000000000000e+00	450
573	1.000000000000000e+00	450
574	1.000000000000000e+00	20
575	1.000000000000000e+00	450
576	1.000000000000000e+00	20
577	1.000000000000000e+00	450
578	1.000000000000000e+00	20
579	1.000000000000000e+00	60
580	1.000000000000000e+00	20
581	1.000000000000000e+00	20
582	1.000000000000000e+00	20
583	1.000000000000000e+00	40
584	1.000000000000000e+00	40
585	1.000000000000000e+00	60
586	1.000000000000000e+00	20
587	1.000000000000000e+00	20
588	1.000000000000000e+00	20
589	1.000000000000000e+00	20
590	1.000000000000000e+00	20
591	1.000000000000000e+00	20
592	1.000000000000000e+00	20
593	1.000000000000000e+00	20
594	1.000000000000000e+00	40
595	1.000000000000000e+00	20
596	1.000000000000000e+00	20
597	1.000000000000000e+00	20
598	1.000000000000000e+00	20
599	1.000000000000000e+00	20
600	1.000000000000000e+00	20
601	1.000000000000000e+00	20
602	1.000000000000000e+00	20
603	1.000000000000000e+00	20
604	1.000000000000000e+00	40
605	1.000000000000000e+00	20
606	1.000000000000000e+00	240
607	1.000000000000000e+00	20
608	1.000000000000000e+00	20
609	1.000000000000000e+00	20
610	1.000000000000000e+00	20
611	1.000000000000000e+00	20
612	1.000000000000000e+00	140
613	1.000000000000000e+00	20
614	1.000000000000000e+00	20
615	1.000000000000000e+00	20
616	1.000000000000000e+00	20
617	1.000000000000000e+00	20
618	1.000000000000000e+00	60
619	1.000000000000000e+00	40
620	1.000000000000000e+00	20
621	1.000000000000000e+00	20
622	1.000000000000000e+00	20
623	1.000000000000000e+00	20
624	1.000000000000000e+00	20
625	1.000000000000000e+00	20
626	1.000000000000000e+00	20
627	1.000000000000000e+00	20
628	1.000000000000000e+00	20
629	1.000000000000000e+00	40
630	1.000000000000000e+00	60
631	1.000000000000000e+00	40
632	1.000000000000000e+00	40
633	1.000000000000000e+00	40
634	1.000000000000000e+00	20
635	1.000000000000000e+00	20
636	1.000000000000000e+00	20
637	1.000000000000000e+00	20
638	1.000000000000000e+00	60
639	1.000000000000000e+00	80
640	1.000000000000000e+00	20
641	1.000000000000000e+00	20
642	1.000000000000000e+00	60
643	1.000000000000000e+00	20
644	1.000000000000000e+00	60
645	1.000000000000000e+00	20
646	1.000000000000000e+00	40
647	1.000000000000000e+00	20
648	1.000000000000000e+00	20
649	1.000000000000000e+00	20
650	1.000000000000000e+00	60
651	9.700000000000000e-01	450
652	9.400000000000001e-01	450
653	9.099999999999999e-01	450
654	8.800000000000000e-01	450
655	8.500000000000001e-01	450
656	8.200000000000001e-01	450
657	8.000000000000000e-01	450
658	7.799999999999999e-01	450
659	7.600000000000000e-01	450
660	7.400000000000000e-01	450
661	7.100000000000000e-01	450
662	6.900000000000001e-01	450
663	6.699999999999999e-01	450
664	6.500000000000000e-01	450
665	6.300000000000000e-01	450
666	6.100000000000001e-01	450
667	5.900000000000001e-01	450
668	5.800000000000001e-01	450
669	5.700000000000001e-01	450
670	5.600000000000001e-01	450
671	5.500000000000000e-01	450
672	5.400000000000000e-01	450
673	5.300000000000000e-01	450
674	5.200000000000000e-01	450
675	5.100000000000000e-01	450
676	5.100000000000000e-01	450
677	5.100000000000000e-01	450
678	5.100000000000000e-01	450
679	5.100000000000000e-01	450
680	5.100000000000000e-01	450
681	5.100000000000000e-01	450
682	5.100000000000000e-01	450
683	5.100000000000000e-01	450
684	5.200000000000000e-01	450
685	5.300000000000000e-01	450
686	5.400000000000000e-01	450
687	5.500000000000000e-01	450
688	5.600000000000001e-01	450
689	5.800000000000000e-01	450
690	5.900000000000001e-01	450
691	6.000000000000001e-01	450
692	6.200000000000001e-01	450
693	6.400000000000000e-01	450
694	6.599999999999999e-01	450
695	6.800000000000000e-01	450
696	7.000000000000001e-01	450
697	7.200000000000000e-01	450
698	7.400000000000000e-01	450
699	7.600000000000000e-01	450
700	7.900000000000000e-01	450
701	8.200000000000001e-01	450
702	8.500000000000001e-01	450
703	8.800000000000000e-01	450
704	9.099999999999999e-01	450
705	9.400000000000001e-01	450
706	9.700000000000000e-01	450
707	1.000000000000000e+00	450
708	1.000000000000000e+00	450
709	1.000000000000000e+00	450
710	1.000000000000000e+00	450
711	1.000000000000000e+00	450
712	1.000000000000000e+00	450
713	1.000000000000000e+00	450
714	1.000000000000000e+00	450
715	1.000000000000000e+00	450
716	1.000000000000000e+00	450
717	1.000000000000000e+00	450
718	1.000000000000000e+00	450
719	1.000000000000000e+00	450
720	1.000000000000000e+00	40
721	1.000000000000000e+00	450
722	1.000000000000000e+00	450
723	1.000000000000000e+00	450
724	1.000000000000000e+00	450
725	1.000000000000000e+00	450
726	1.000000000000000e+00	450
727	1.000000000000000e+00	450
728	1.000000000000000e+00	450
729	1.000000000000000e+00	450
730	1.000000000000000e+00	450
731	1.000000000000000e+00	450
732	1.000000000000000e+00	450
733	1.000000000000000e+00	450
734	1.000000000000000e+00	450
735	1.000000000000000e+00	20
736	1.000000000000000e+00	450
737	1.000000000000000e+00	450
738	1.000000000000000e+00	450
739	1.000000000000000e+00	450
740	1.000000000000000e+00	450
741	1.000000000000000e+00	450
742	1.000000000000000e+00	450
743	1.000000000000000e+00	450
744	1.000000000000000e+00	450
745	1.000000000000000e+00	450
746	1.000000000000000e+00	450
747	1.000000000000000e+00	450
748	1.000000000000000e+00	450
749	1.000000000000000e+00	450
750	1.000000000000000e+00	450
751	1.000000000000000e+00	450
752	1.000000000000000e+00	450
753	1.000000000000000e+00	450
754	1.000000000000000e+00	450
755	1.000000000000000e+00	450
756	1.000000000000000e+00	450
757	1.000000000000000e+00	450
758	1.000000000000000e+00	450
759	1.000000000000000e+00	450
760	1.000000000000000e+00	450
761	1.000000000000000e+00	20
762	1.000000000000000e+00	450
763	1.000000000000000e+00	20
764	1.000000000000000e+00	450
765	1.000000000000000e+00	60
766	1.000000000000000e+00	450
767	1.000000000000000e+00	450
768	1.000000000000000e+00	450
769	1.000000000000000e+00	450
770	1.000000000000000e+00	450
771	1.000000000000000e+00	450
772	1.000000000000000e+00	450
773	1.000000000000000e+00	450
774	1.000000000000000e+00	450
775	1.000000000000000e+00	450
776	1.000000000000000e+00	40
777	1.000000000000000e+00	40
778	1.000000000000000e+00	40
779	1.000000000000000e+00	20
780	1.000000000000000e+00	20
781	1.000000000000000e+00	20
782	1.000000000000000e+00	40
783	1.000000000000000e+00	450
784	1.000000000000000e+00	60
785	1.000000000000000e+00	450
786	1.000000000000000e+00	40
787	1.000000000000000e+00	450
788	1.000000000000000e+00	450
789	1.000000000000000e+00	450
790	1.000000000000000e+00	450
791	1.000000000000000e+00	450
792	1.000000000000000e+00	450
793	1.000000000000000e+00	450
794	1.000000000000000e+00	450
795	1.000000000000000e+00	450
796	1.000000000000000e+00	450
797	1.000000000000000e+00	450
798	1.000000000000000e+00	450
799	1.000000000000000e+00	450
800	1.000000000000000e+00	450
801	1.000000000000000e+00	20
802	1.000000000000000e+00	450
803	1.000000000000000e+00	20
804	1.000000000000000e+00	450
805	1.000000000000000e+00	20
806	1.000000000000000e+00	450
807	1.000000000000000e+00	450
808	1.000000000000000e+00	20
809	1.000000000000000e+00	450
810	1.000000000000000e+00	80
811	1.000000000000000e+00	450
812	1.000000000000000e+00	20
813	1.000000000000000e+00	450
814	1.000000000000000e+00	20
815	1.000000000000000e+00	450
816	1.000000000000000e+00	450
817	1.000000000000000e+00	450
818	1.000000000000000e+00	450
819	1.000000000000000e+00	450
820	1.000000000000000e+00	450
821	1.000000000000000e+00	450
822	1.000000000000000e+00	450
823	1.000000000000000e+00	450
824	1.000000000000000e+00	450
825	1.000000000000000e+00	450
826	1.000000000000000e+00	450
827	1.000000000000000e+00	450
828	1.000000000000000e+00	450
829	1.000000000000000e+00	450
830	1.000000000000000e+00	450
831	1.000000000000000e+00	450
832	1.000000000000000e+00	450
833	1.000000000000000e+00	20
834	1.000000000000000e+00	20
835	1.000000000000000e+00	450
836	1.000000000000000e+00	20
837	1.000000000000000e+00	450
838	1.000000000000000e+00	20
839	1.000000000000000e+00	450
840	1.000000000000000e+00	120
841	1.000000000000000e+00	450
842	1.000000000000000e+00	450
843	1.000000000000000e+00	450
844	1.000000000000000e+00	450
845	1.000000000000000e+00	450
846	1.000000000000000e+00	450
847	1.000000000000000e+00	450
848	1.000000000000000e+00	450
849	1.000000000000000e+00	450
850	1.000000000000000e+00	450
851	1.000000000000000e+00	450
852	1.000000000000000e+00	450
853	1.000000000000000e+00	450
854	1.000000000000000e+00	450
855	1.000000000000000e+00	40
856	1.000000000000000e+00	450
857	1.000000000000000e+00	20
858	1.000000000000000e+00	450
859	1.000000000000000e+00	20
860	1.000000000000000e+00	450
861	1.000000000000000e+00	450
862	1.000000000000000e+00	450
863	1.000000000000000e+00	450
864	1.000000000000000e+00	20
865	1.000000000000000e+00	450
866	1.000000000000000e+00	20
867	1.000000000000000e+00	450
868	1.000000000000000e+00	20
869	1.000000000000000e+00	450
870	1.000000000000000e+00	20
871	1.000000000000000e+00	450
872	1.000000000000000e+00	220
873	1.000000000000000e+00	450
874	1.000000000000000e+00	40
875	1.000000000000000e+00	450
876	1.000000000000000e+00	450
877	1.000000000000000e+00	450
878	1.000000000000000e+00	450
879	1.000000000000000e+00	450
880	1.000000000000000e+00	450
881	1.000000000000000e+00	450
882	1.000000000000000e+00	450
883	1.000000000000000e+00	450
884	1.000000000000000e+00	450
885	1.000000000000000e+00	450
886	1.000000000000000e+00	60
887	1.000000000000000e+00	20
888	1.000000000000000e+00	40
889	1.000000000000000e+00	20
890	1.000000000000000e+00	20
891	1.000000000000000e+00	140
892	1.000000000000000e+00	20
893	1.000000000000000e+00	450
894	1.000000000000000e+00	20
895	1.000000000000000e+00	450
896	1.000000000000000e+00	20
897	1.000000000000000e+00	450
898	1.000000000000000e+00	60
899	1.000000000000000e+00	450
900	1.000000000000000e+00	20
901	1.000000000000000e+00	450
902	1.000000000000000e+00	100
903	1.000000000000000e+00	450
904	1.000000000000000e+00	40
905	1.000000000000000e+00	450
906	1.000000000000000e+00	20
907	1.000000000000000e+00	40
908	1.000000000000000e+00	20
909	1.000000000000000e+00	20
910	1.000000000000000e+00	20
911	1.000000000000000e+00	40
912	1.000000000000000e+00	20
913	1.000000000000000e+00	20
914	1.000000000000000e+00	80
915	1.000000000000000e+00	20
916	1.000000000000000e+00	40
917	1.000000000000000e+00	60
918	1.000000000000000e+00	40
919	1.000000000000000e+00	80
920	1.000000000000000e+00	20
921	1.000000000000000e+00	20
922	1.000000000000000e+00	40
923	1.000000000000000e+00	20
924	1.000000000000000e+00	20
925	1.000000000000000e+00	80
926	1.000000000000000e+00	60
927	1.000000000000000e+00	20
928	1.000000000000000e+00	40
929	1.000000000000000e+00	160
930	1.000000000000000e+00	20
931	1.000000000000000e+00	20
932	1.000000000000000e+00	60
933	1.000000000000000e+00	100
934	1.000000000000000e+00	450
935	1.000000000000000e+00	450
936	1.000000000000000e+00	450
937	1.000000000000000e+00	450
938	1.000000000000000e+00	450
939	1.000000000000000e+00	450
940	1.000000000000000e+00	450
941	1.000000000000000e+00	450
942	1.000000000000000e+00	450
943	1.000000000000000e+00	450
944	1.000000000000000e+00	450
945	1.000000000000000e+00	450
946	1.000000000000000e+00	450
947	1.000000000000000e+00	450
948	1.000000000000000e+00	450
949	1.000000000000000e+00	450
950	1.000000000000000e+00	20
951	1.000000000000000e+00	450
952	1.000000000000000e+00	450
953	1.000000000000000e+00	450
954	1.000000000000000e+00	450
955	1.000000000000000e+00	450
956	1.000000000000000e+00	450
957	1.000000000000000e+00	450
958	1.000000000000000e+00	450
959	1.000000000000000e+00	450
960	1.000000000000000e+00	450
961	1.000000000000000e+00	450
962	1.000000000000000e+00	450
963	1.000000000000000e+00	450
964	1.000000000000000e+00	20
965	1.000000000000000e+00	450
966	1.000000000000000e+00	450
967	1.000000000000000e+00	450
968	1.000000000000000e+00	450
969	1.000000000000000e+00	20
970	1.000000000000000e+00	450
971	1.000000000000000e+00	20
972	1.000000000000000e+00	450
973	1.000000000000000e+00	20
974	1.000000000000000e+00	450
975	1.000000000000000e+00	60
976	1.000000000000000e+00	450
977	1.000000000000000e+00	450
978	1.000000000000000e+00	450
979	1.000000000000000e+00	450
980	1.000000000000000e+00	450
981	1.000000000000000e+00	450
982	1.000000000000000e+00	20
983	1.000000000000000e+00	450
984	1.000000000000000e+00	450
985	1.000000000000000e+00	450
986	1.000000000000000e+00	450
987	1.000000000000000e+00	450
988	1.000000000000000e+00	450
989	1.000000000000000e+00	450
990	1.000000000000000e+00	450
991	1.000000000000000e+00	450
992	1.000000000000000e+00	450
993	1.000000000000000e+00	450
994	1.000000000000000e+00	450
995	1.000000000000000e+00	450
996	1.000000000000000e+00	450
997	1.000000000000000e+00	450
998	1.000000000000000e+00	450
999	1.000000000000000e+00	450
1000	1.000000000000000e+00	450


Tempo gasto: 111.688345
