Método usado: ANTCOLONY OPTIMIZATION

POSIÇÃO	ÁREA(mm²)	CUSTO

1	1.000000000000000e+00	20
2	1.000000000000000e+00	100
3	1.000000000000000e+00	20
4	1.000000000000000e+00	20
5	1.000000000000000e+00	40
6	1.000000000000000e+00	20
7	1.000000000000000e+00	20
8	1.000000000000000e+00	20
9	1.000000000000000e+00	40
10	1.000000000000000e+00	20
11	1.000000000000000e+00	40
12	1.000000000000000e+00	20
13	1.000000000000000e+00	20
14	1.000000000000000e+00	20
15	1.000000000000000e+00	20
16	1.000000000000000e+00	20
17	1.000000000000000e+00	40
18	1.000000000000000e+00	40
19	1.000000000000000e+00	20
20	1.000000000000000e+00	20
21	1.000000000000000e+00	20
22	1.000000000000000e+00	40
23	1.000000000000000e+00	20
24	1.000000000000000e+00	20
25	1.000000000000000e+00	40
26	1.000000000000000e+00	20
27	1.000000000000000e+00	20
28	1.000000000000000e+00	100
29	1.000000000000000e+00	20
30	1.000000000000000e+00	20
31	1.000000000000000e+00	40
32	1.000000000000000e+00	40
33	1.000000000000000e+00	20
34	1.000000000000000e+00	80
35	1.000000000000000e+00	180
36	1.000000000000000e+00	20
37	1.000000000000000e+00	180
38	1.000000000000000e+00	20
39	1.000000000000000e+00	140
40	1.000000000000000e+00	20
41	1.000000000000000e+00	40
42	1.000000000000000e+00	20
43	1.000000000000000e+00	60
44	1.000000000000000e+00	20
45	1.000000000000000e+00	20
46	1.000000000000000e+00	20
47	1.000000000000000e+00	40
48	1.000000000000000e+00	20
49	1.000000000000000e+00	40
50	1.000000000000000e+00	20
51	1.000000000000000e+00	20
52	1.000000000000000e+00	20
53	1.000000000000000e+00	20
54	1.000000000000000e+00	20
55	1.000000000000000e+00	20
56	1.000000000000000e+00	100
57	1.000000000000000e+00	20
58	1.000000000000000e+00	20
59	1.000000000000000e+00	40
60	1.000000000000000e+00	20
61	1.000000000000000e+00	20
62	1.000000000000000e+00	20
63	1.000000000000000e+00	20
64	1.000000000000000e+00	20
65	1.000000000000000e+00	20
66	1.000000000000000e+00	20
67	1.000000000000000e+00	60
68	1.000000000000000e+00	20
69	1.000000000000000e+00	20
70	1.000000000000000e+00	20
71	1.000000000000000e+00	180
72	1.000000000000000e+00	20
73	1.000000000000000e+00	20
74	1.000000000000000e+00	20
75	1.000000000000000e+00	20
76	1.000000000000000e+00	20
77	1.000000000000000e+00	40
78	1.000000000000000e+00	20
79	1.000000000000000e+00	20
80	1.000000000000000e+00	20
81	1.000000000000000e+00	20
82	1.000000000000000e+00	20
83	1.000000000000000e+00	20
84	1.000000000000000e+00	20
85	1.000000000000000e+00	40
86	1.000000000000000e+00	40
87	1.000000000000000e+00	20
88	1.000000000000000e+00	40
89	1.000000000000000e+00	40
90	1.000000000000000e+00	20
91	1.000000000000000e+00	40
92	1.000000000000000e+00	40
93	1.000000000000000e+00	20
94	1.000000000000000e+00	20
95	1.000000000000000e+00	40
96	1.000000000000000e+00	80
97	1.000000000000000e+00	20
98	1.000000000000000e+00	20
99	1.000000000000000e+00	60
100	1.000000000000000e+00	20
101	1.000000000000000e+00	20
102	1.000000000000000e+00	20
103	1.000000000000000e+00	140
104	1.000000000000000e+00	20
105	1.000000000000000e+00	40
106	1.000000000000000e+00	20
107	1.000000000000000e+00	60
108	1.000000000000000e+00	20
109	1.000000000000000e+00	20
110	1.000000000000000e+00	140
111	1.000000000000000e+00	20
112	1.000000000000000e+00	20
113	1.000000000000000e+00	20
114	1.000000000000000e+00	40
115	1.000000000000000e+00	20
116	1.000000000000000e+00	20
117	1.000000000000000e+00	40
118	1.000000000000000e+00	20
119	1.000000000000000e+00	20
120	1.000000000000000e+00	20
121	1.000000000000000e+00	20
122	1.000000000000000e+00	20
123	1.000000000000000e+00	20
124	1.000000000000000e+00	20
125	1.000000000000000e+00	20
126	1.000000000000000e+00	40
127	1.000000000000000e+00	20
128	1.000000000000000e+00	40
129	1.000000000000000e+00	20
130	1.000000000000000e+00	20
131	1.000000000000000e+00	20
132	1.000000000000000e+00	20
133	1.000000000000000e+00	20
134	1.000000000000000e+00	20
135	1.000000000000000e+00	40
136	1.000000000000000e+00	20
137	1.000000000000000e+00	20
138	1.000000000000000e+00	20
139	1.000000000000000e+00	20
140	1.000000000000000e+00	80
141	1.000000000000000e+00	20
142	1.000000000000000e+00	40
143	1.000000000000000e+00	20
144	1.000000000000000e+00	40
145	1.000000000000000e+00	40
146	1.000000000000000e+00	20
147	1.000000000000000e+00	20
148	1.000000000000000e+00	20
149	1.000000000000000e+00	100
150	1.000000000000000e+00	20
151	1.000000000000000e+00	40
152	1.000000000000000e+00	20
153	1.000000000000000e+00	40
154	1.000000000000000e+00	20
155	1.000000000000000e+00	20
156	1.000000000000000e+00	20
157	1.000000000000000e+00	20
158	1.000000000000000e+00	40
159	1.000000000000000e+00	40
160	1.000000000000000e+00	40
161	1.000000000000000e+00	20
162	1.000000000000000e+00	100
163	1.000000000000000e+00	80
164	1.000000000000000e+00	40
165	1.000000000000000e+00	40
166	1.000000000000000e+00	20
167	1.000000000000000e+00	40
168	1.000000000000000e+00	20
169	1.000000000000000e+00	20
170	1.000000000000000e+00	20
171	1.000000000000000e+00	20
172	1.000000000000000e+00	40
173	1.000000000000000e+00	20
174	1.000000000000000e+00	20
175	1.000000000000000e+00	80
176	1.000000000000000e+00	20
177	1.000000000000000e+00	20
178	1.000000000000000e+00	20
179	1.000000000000000e+00	20
180	1.000000000000000e+00	20
181	1.000000000000000e+00	40
182	1.000000000000000e+00	20
183	1.000000000000000e+00	20
184	1.000000000000000e+00	20
185	1.000000000000000e+00	20
186	1.000000000000000e+00	20
187	1.000000000000000e+00	40
188	1.000000000000000e+00	60
189	1.000000000000000e+00	20
190	1.000000000000000e+00	20
191	1.000000000000000e+00	20
192	1.000000000000000e+00	20
193	1.000000000000000e+00	40
194	1.000000000000000e+00	20
195	1.000000000000000e+00	180
196	1.000000000000000e+00	60
197	1.000000000000000e+00	20
198	1.000000000000000e+00	20
199	1.000000000000000e+00	20
200	1.000000000000000e+00	60
201	1.000000000000000e+00	20
202	1.000000000000000e+00	100
203	1.000000000000000e+00	40
204	1.000000000000000e+00	20
205	1.000000000000000e+00	20
206	1.000000000000000e+00	40
207	1.000000000000000e+00	40
208	1.000000000000000e+00	80
209	1.000000000000000e+00	20
210	1.000000000000000e+00	20
211	1.000000000000000e+00	20
212	1.000000000000000e+00	20
213	1.000000000000000e+00	60
214	1.000000000000000e+00	60
215	1.000000000000000e+00	20
216	1.000000000000000e+00	60
217	1.000000000000000e+00	20
218	1.000000000000000e+00	20
219	1.000000000000000e+00	40
220	1.000000000000000e+00	20
221	1.000000000000000e+00	20
222	1.000000000000000e+00	20
223	1.000000000000000e+00	20
224	1.000000000000000e+00	140
225	1.000000000000000e+00	20
226	1.000000000000000e+00	20
227	1.000000000000000e+00	100
228	1.000000000000000e+00	20
229	1.000000000000000e+00	20
230	1.000000000000000e+00	20
231	1.000000000000000e+00	60
232	1.000000000000000e+00	60
233	1.000000000000000e+00	80
234	1.000000000000000e+00	60
235	1.000000000000000e+00	20
236	1.000000000000000e+00	80
237	1.000000000000000e+00	20
238	1.000000000000000e+00	20
239	1.000000000000000e+00	20
240	1.000000000000000e+00	20
241	1.000000000000000e+00	20
242	1.000000000000000e+00	20
243	1.000000000000000e+00	20
244	1.000000000000000e+00	40
245	1.000000000000000e+00	20
246	1.000000000000000e+00	20
247	1.000000000000000e+00	40
248	1.000000000000000e+00	180
249	1.000000000000000e+00	20
250	1.000000000000000e+00	20
251	1.000000000000000e+00	20
252	1.000000000000000e+00	40
253	1.000000000000000e+00	20
254	1.000000000000000e+00	20
255	1.000000000000000e+00	20
256	1.000000000000000e+00	20
257	1.000000000000000e+00	40
258	1.000000000000000e+00	20
259	1.000000000000000e+00	20
260	1.000000000000000e+00	20
261	1.000000000000000e+00	20
262	1.000000000000000e+00	20
263	1.000000000000000e+00	40
264	1.000000000000000e+00	60
265	1.000000000000000e+00	20
266	1.000000000000000e+00	20
267	1.000000000000000e+00	20
268	1.000000000000000e+00	20
269	1.000000000000000e+00	20
270	1.000000000000000e+00	40
271	1.000000000000000e+00	20
272	1.000000000000000e+00	40
273	1.000000000000000e+00	40
274	1.000000000000000e+00	20
275	1.000000000000000e+00	20
276	1.000000000000000e+00	20
277	1.000000000000000e+00	60
278	1.000000000000000e+00	20
279	1.000000000000000e+00	40
280	1.000000000000000e+00	20
281	1.000000000000000e+00	40
282	1.000000000000000e+00	20
283	1.000000000000000e+00	60
284	1.000000000000000e+00	20
285	1.000000000000000e+00	20
286	1.000000000000000e+00	20
287	1.000000000000000e+00	40
288	1.000000000000000e+00	40
289	1.000000000000000e+00	20
290	1.000000000000000e+00	20
291	1.000000000000000e+00	40
292	1.000000000000000e+00	20
293	1.000000000000000e+00	60
294	1.000000000000000e+00	20
295	1.000000000000000e+00	60
296	1.000000000000000e+00	80
297	1.000000000000000e+00	40
298	1.000000000000000e+00	60
299	1.000000000000000e+00	20
300	1.000000000000000e+00	20
301	1.000000000000000e+00	40
302	1.000000000000000e+00	20
303	1.000000000000000e+00	20
304	1.000000000000000e+00	20
305	1.000000000000000e+00	20
306	1.000000000000000e+00	20
307	1.000000000000000e+00	20
308	1.000000000000000e+00	20
309	1.000000000000000e+00	20
310	1.000000000000000e+00	20
311	1.000000000000000e+00	120
312	1.000000000000000e+00	20
313	1.000000000000000e+00	20
314	1.000000000000000e+00	20
315	1.000000000000000e+00	20
316	1.000000000000000e+00	20
317	1.000000000000000e+00	20
318	1.000000000000000e+00	20
319	1.000000000000000e+00	40
320	1.000000000000000e+00	20
321	1.000000000000000e+00	20
322	1.000000000000000e+00	20
323	1.000000000000000e+00	100
324	1.000000000000000e+00	20
325	1.000000000000000e+00	20
326	1.000000000000000e+00	20
327	1.000000000000000e+00	20
328	1.000000000000000e+00	20
329	1.000000000000000e+00	20
330	1.000000000000000e+00	20
331	1.000000000000000e+00	20
332	1.000000000000000e+00	20
333	1.000000000000000e+00	80
334	1.000000000000000e+00	20
335	1.000000000000000e+00	40
336	1.000000000000000e+00	20
337	1.000000000000000e+00	20
338	1.000000000000000e+00	20
339	1.000000000000000e+00	20
340	1.000000000000000e+00	60
341	1.000000000000000e+00	20
342	1.000000000000000e+00	20
343	1.000000000000000e+00	60
344	1.000000000000000e+00	100
345	1.000000000000000e+00	40
346	1.000000000000000e+00	20
347	1.000000000000000e+00	40
348	1.000000000000000e+00	20
349	1.000000000000000e+00	20
350	1.000000000000000e+00	20
351	1.000000000000000e+00	40
352	9.500000000000001e-01	20
353	9.000000000000000e-01	20
354	8.500000000000001e-01	20
355	8.000000000000000e-01	20
356	7.500000000000000e-01	20
357	7.000000000000001e-01	60
358	6.500000000000000e-01	20
359	6.000000000000001e-01	80
360	5.500000000000000e-01	20
361	5.000000000000000e-01	20
362	5.000000000000000e-01	20
363	5.300000000000000e-01	450
364	5.600000000000001e-01	450
365	5.900000000000001e-01	450
366	6.200000000000001e-01	450
367	6.500000000000000e-01	450
368	6.800000000000000e-01	450
369	7.100000000000000e-01	450
370	7.400000000000000e-01	450
371	7.700000000000000e-01	450
372	8.000000000000000e-01	450
373	8.500000000000001e-01	450
374	9.000000000000000e-01	450
375	9.500000000000001e-01	450
376	1.000000000000000e+00	450
377	1.000000000000000e+00	450
378	1.000000000000000e+00	450
379	1.000000000000000e+00	450
380	1.000000000000000e+00	450
381	1.000000000000000e+00	450
382	1.000000000000000e+00	450
383	1.000000000000000e+00	450
384	1.000000000000000e+00	450
385	1.000000000000000e+00	450
386	1.000000000000000e+00	450
387	1.000000000000000e+00	450
388	1.000000000000000e+00	450
389	1.000000000000000e+00	450
390	1.000000000000000e+00	450
391	1.000000000000000e+00	450
392	1.000000000000000e+00	450
393	1.000000000000000e+00	450
394	1.000000000000000e+00	450
395	1.000000000000000e+00	450
396	1.000000000000000e+00	450
397	1.000000000000000e+00	450
398	1.000000000000000e+00	450
399	1.000000000000000e+00	450
400	1.000000000000000e+00	450
401	1.000000000000000e+00	60
402	1.000000000000000e+00	450
403	1.000000000000000e+00	40
404	1.000000000000000e+00	20
405	1.000000000000000e+00	40
406	1.000000000000000e+00	40
407	1.000000000000000e+00	20
408	1.000000000000000e+00	60
409	1.000000000000000e+00	450
410	1.000000000000000e+00	20
411	1.000000000000000e+00	450
412	1.000000000000000e+00	40
413	1.000000000000000e+00	20
414	1.000000000000000e+00	20
415	1.000000000000000e+00	40
416	1.000000000000000e+00	120
417	1.000000000000000e+00	60
418	1.000000000000000e+00	20
419	1.000000000000000e+00	60
420	1.000000000000000e+00	20
421	1.000000000000000e+00	20
422	1.000000000000000e+00	40
423	1.000000000000000e+00	40
424	1.000000000000000e+00	20
425	1.000000000000000e+00	20
426	1.000000000000000e+00	20
427	1.000000000000000e+00	40
428	1.000000000000000e+00	80
429	1.000000000000000e+00	20
430	1.000000000000000e+00	40
431	1.000000000000000e+00	40
432	1.000000000000000e+00	20
433	1.000000000000000e+00	40
434	1.000000000000000e+00	40
435	1.000000000000000e+00	20
436	1.000000000000000e+00	20
437	1.000000000000000e+00	20
438	1.000000000000000e+00	20
439	1.000000000000000e+00	60
440	1.000000000000000e+00	40
441	1.000000000000000e+00	20
442	1.000000000000000e+00	40
443	1.000000000000000e+00	20
444	1.000000000000000e+00	60
445	1.000000000000000e+00	20
446	1.000000000000000e+00	20
447	1.000000000000000e+00	20
448	1.000000000000000e+00	20
449	1.000000000000000e+00	60
450	1.000000000000000e+00	20
451	1.000000000000000e+00	40
452	1.000000000000000e+00	20
453	1.000000000000000e+00	20
454	1.000000000000000e+00	20
455	1.000000000000000e+00	20
456	1.000000000000000e+00	20
457	1.000000000000000e+00	60
458	1.000000000000000e+00	40
459	1.000000000000000e+00	60
460	1.000000000000000e+00	20
461	1.000000000000000e+00	120
462	1.000000000000000e+00	20
463	1.000000000000000e+00	20
464	1.000000000000000e+00	40
465	1.000000000000000e+00	20
466	1.000000000000000e+00	60
467	1.000000000000000e+00	120
468	1.000000000000000e+00	80
469	1.000000000000000e+00	40
470	1.000000000000000e+00	20
471	1.000000000000000e+00	40
472	1.000000000000000e+00	20
473	1.000000000000000e+00	40
474	1.000000000000000e+00	120
475	1.000000000000000e+00	40
476	1.000000000000000e+00	60
477	1.000000000000000e+00	60
478	1.000000000000000e+00	20
479	1.000000000000000e+00	20
480	1.000000000000000e+00	20
481	1.000000000000000e+00	20
482	1.000000000000000e+00	40
483	1.000000000000000e+00	40
484	1.000000000000000e+00	20
485	1.000000000000000e+00	20
486	1.000000000000000e+00	20
487	1.000000000000000e+00	20
488	1.000000000000000e+00	40
489	1.000000000000000e+00	20
490	1.000000000000000e+00	20
491	1.000000000000000e+00	20
492	1.000000000000000e+00	20
493	1.000000000000000e+00	20
494	1.000000000000000e+00	120
495	1.000000000000000e+00	20
496	1.000000000000000e+00	40
497	1.000000000000000e+00	20
498	1.000000000000000e+00	40
499	1.000000000000000e+00	40
500	1.000000000000000e+00	20
501	1.000000000000000e+00	20
502	1.000000000000000e+00	20
503	1.000000000000000e+00	20
504	1.000000000000000e+00	60
505	1.000000000000000e+00	40
506	1.000000000000000e+00	20
507	1.000000000000000e+00	20
508	1.000000000000000e+00	20
509	1.000000000000000e+00	20
510	1.000000000000000e+00	20
511	1.000000000000000e+00	120
512	1.000000000000000e+00	60
513	1.000000000000000e+00	20
514	1.000000000000000e+00	40
515	1.000000000000000e+00	40
516	1.000000000000000e+00	20
517	1.000000000000000e+00	20
518	1.000000000000000e+00	60
519	1.000000000000000e+00	20
520	1.000000000000000e+00	20
521	1.000000000000000e+00	20
522	1.000000000000000e+00	20
523	1.000000000000000e+00	20
524	1.000000000000000e+00	40
525	1.000000000000000e+00	60
526	1.000000000000000e+00	20
527	1.000000000000000e+00	20
528	1.000000000000000e+00	20
529	1.000000000000000e+00	40
530	1.000000000000000e+00	60
531	1.000000000000000e+00	20
532	1.000000000000000e+00	20
533	1.000000000000000e+00	20
534	1.000000000000000e+00	60
535	1.000000000000000e+00	20
536	1.000000000000000e+00	60
537	1.000000000000000e+00	20
538	1.000000000000000e+00	20
539	1.000000000000000e+00	20
540	1.000000000000000e+00	20
541	1.000000000000000e+00	40
542	1.000000000000000e+00	40
543	1.000000000000000e+00	20
544	1.000000000000000e+00	20
545	1.000000000000000e+00	200
546	1.000000000000000e+00	40
547	1.000000000000000e+00	20
548	1.000000000000000e+00	160
549	1.000000000000000e+00	20
550	1.000000000000000e+00	20
551	1.000000000000000e+00	20
552	1.000000000000000e+00	40
553	1.000000000000000e+00	20
554	1.000000000000000e+00	20
555	1.000000000000000e+00	20
556	1.000000000000000e+00	20
557	1.000000000000000e+00	20
558	1.000000000000000e+00	20
559	1.000000000000000e+00	20
560	1.000000000000000e+00	80
561	1.000000000000000e+00	20
562	1.000000000000000e+00	20
563	1.000000000000000e+00	60
564	1.000000000000000e+00	40
565	1.000000000000000e+00	20
566	1.000000000000000e+00	20
567	1.000000000000000e+00	20
568	1.000000000000000e+00	40
569	1.000000000000000e+00	40
570	1.000000000000000e+00	20
571	1.000000000000000e+00	20
572	1.000000000000000e+00	20
573	1.000000000000000e+00	180
574	1.000000000000000e+00	40
575	1.000000000000000e+00	20
576	1.000000000000000e+00	100
577	1.000000000000000e+00	60
578	1.000000000000000e+00	20
579	1.000000000000000e+00	20
580	1.000000000000000e+00	20
581	1.000000000000000e+00	20
582	1.000000000000000e+00	20
583	1.000000000000000e+00	20
584	1.000000000000000e+00	60
585	1.000000000000000e+00	20
586	1.000000000000000e+00	20
587	1.000000000000000e+00	20
588	1.000000000000000e+00	40
589	1.000000000000000e+00	20
590	1.000000000000000e+00	140
591	1.000000000000000e+00	80
592	1.000000000000000e+00	20
593	1.000000000000000e+00	20
594	1.000000000000000e+00	20
595	1.000000000000000e+00	20
596	1.000000000000000e+00	20
597	1.000000000000000e+00	20
598	1.000000000000000e+00	20
599	1.000000000000000e+00	20
600	1.000000000000000e+00	20
601	1.000000000000000e+00	140
602	1.000000000000000e+00	20
603	1.000000000000000e+00	60
604	1.000000000000000e+00	20
605	1.000000000000000e+00	100
606	1.000000000000000e+00	20
607	1.000000000000000e+00	20
608	1.000000000000000e+00	20
609	1.000000000000000e+00	80
610	1.000000000000000e+00	20
611	1.000000000000000e+00	80
612	1.000000000000000e+00	20
613	1.000000000000000e+00	40
614	1.000000000000000e+00	180
615	1.000000000000000e+00	40
616	1.000000000000000e+00	60
617	1.000000000000000e+00	20
618	1.000000000000000e+00	20
619	1.000000000000000e+00	80
620	1.000000000000000e+00	80
621	1.000000000000000e+00	20
622	1.000000000000000e+00	20
623	1.000000000000000e+00	20
624	1.000000000000000e+00	20
625	1.000000000000000e+00	20
626	1.000000000000000e+00	20
627	1.000000000000000e+00	20
628	1.000000000000000e+00	20
629	1.000000000000000e+00	40
630	1.000000000000000e+00	20
631	1.000000000000000e+00	20
632	1.000000000000000e+00	20
633	1.000000000000000e+00	40
634	1.000000000000000e+00	20
635	1.000000000000000e+00	20
636	1.000000000000000e+00	40
637	1.000000000000000e+00	100
638	1.000000000000000e+00	20
639	1.000000000000000e+00	40
640	1.000000000000000e+00	20
641	1.000000000000000e+00	20
642	1.000000000000000e+00	60
643	1.000000000000000e+00	60
644	1.000000000000000e+00	20
645	1.000000000000000e+00	20
646	1.000000000000000e+00	20
647	1.000000000000000e+00	160
648	1.000000000000000e+00	20
649	1.000000000000000e+00	40
650	1.000000000000000e+00	40
651	9.700000000000000e-01	450
652	9.400000000000001e-01	450
653	9.099999999999999e-01	450
654	8.800000000000000e-01	450
655	8.500000000000001e-01	450
656	8.200000000000001e-01	450
657	7.900000000000000e-01	450
658	7.600000000000000e-01	450
659	7.400000000000000e-01	450
660	7.100000000000000e-01	450
661	6.900000000000001e-01	450
662	6.599999999999999e-01	450
663	6.500000000000000e-01	450
664	6.300000000000000e-01	450
665	6.100000000000001e-01	450
666	5.900000000000001e-01	450
667	5.700000000000001e-01	450
668	5.600000000000001e-01	450
669	5.500000000000000e-01	450
670	5.400000000000000e-01	450
671	5.300000000000000e-01	450
672	5.200000000000000e-01	450
673	5.100000000000000e-01	450
674	5.000000000000000e-01	450
675	4.900000000000000e-01	450
676	4.900000000000000e-01	450
677	4.800000000000000e-01	450
678	4.700000000000000e-01	450
679	4.700000000000000e-01	450
680	4.700000000000000e-01	450
681	4.700000000000000e-01	450
682	4.800000000000000e-01	450
683	4.800000000000000e-01	450
684	4.900000000000000e-01	450
685	5.000000000000000e-01	450
686	5.100000000000000e-01	450
687	5.200000000000000e-01	450
688	5.300000000000000e-01	450
689	5.400000000000000e-01	450
690	5.500000000000000e-01	450
691	5.600000000000001e-01	450
692	5.700000000000001e-01	450
693	5.900000000000001e-01	450
694	6.100000000000001e-01	450
695	6.300000000000000e-01	450
696	6.500000000000000e-01	450
697	6.699999999999999e-01	450
698	6.900000000000001e-01	450
699	7.200000000000000e-01	450
700	7.400000000000000e-01	450
701	7.600000000000000e-01	450
702	7.900000000000000e-01	450
703	8.200000000000001e-01	450
704	8.500000000000001e-01	450
705	8.900000000000000e-01	450
706	9.199999999999999e-01	450
707	9.800000000000000e-01	450
708	9.800000000000000e-01	450
709	9.800000000000000e-01	450
710	9.800000000000000e-01	450
711	9.800000000000000e-01	450
712	9.900000000000000e-01	450
713	9.900000000000000e-01	450
714	9.900000000000000e-01	450
715	9.900000000000000e-01	450
716	9.900000000000000e-01	450
717	9.900000000000000e-01	450
718	9.900000000000000e-01	450
719	9.900000000000000e-01	450
720	9.900000000000000e-01	450
721	9.900000000000000e-01	450
722	9.900000000000000e-01	450
723	9.900000000000000e-01	450
724	9.900000000000000e-01	450
725	9.900000000000000e-01	450
726	9.900000000000000e-01	450
727	9.900000000000000e-01	450
728	9.900000000000000e-01	450
729	9.900000000000000e-01	450
730	9.900000000000000e-01	450
731	9.900000000000000e-01	450
732	9.900000000000000e-01	450
733	9.900000000000000e-01	450
734	9.900000000000000e-01	450
735	9.900000000000000e-01	450
736	9.900000000000000e-01	450
737	9.900000000000000e-01	450
738	9.900000000000000e-01	450
739	9.900000000000000e-01	450
740	9.900000000000000e-01	450
741	9.900000000000000e-01	450
742	9.900000000000000e-01	450
743	9.900000000000000e-01	450
744	9.900000000000000e-01	450
745	9.900000000000000e-01	450
746	9.900000000000000e-01	450
747	9.900000000000000e-01	450
748	9.900000000000000e-01	450
749	9.900000000000000e-01	450
750	9.900000000000000e-01	450
751	9.900000000000000e-01	450
752	9.900000000000000e-01	450
753	9.900000000000000e-01	450
754	9.900000000000000e-01	450
755	9.900000000000000e-01	450
756	9.900000000000000e-01	450
757	9.900000000000000e-01	450
758	9.900000000000000e-01	450
759	9.900000000000000e-01	450
760	9.900000000000000e-01	450
761	9.900000000000000e-01	450
762	9.900000000000000e-01	450
763	9.900000000000000e-01	450
764	9.900000000000000e-01	450
765	9.900000000000000e-01	450
766	9.900000000000000e-01	450
767	9.900000000000000e-01	450
768	9.900000000000000e-01	450
769	9.900000000000000e-01	450
770	9.900000000000000e-01	450
771	9.900000000000000e-01	450
772	9.900000000000000e-01	450
773	9.900000000000000e-01	450
774	9.900000000000000e-01	450
775	9.900000000000000e-01	450
776	9.900000000000000e-01	450
777	9.900000000000000e-01	450
778	9.900000000000000e-01	450
779	9.900000000000000e-01	450
780	9.900000000000000e-01	450
781	9.900000000000000e-01	450
782	9.900000000000000e-01	450
783	9.900000000000000e-01	450
784	9.900000000000000e-01	450
785	9.900000000000000e-01	450
786	9.900000000000000e-01	450
787	9.900000000000000e-01	450
788	9.900000000000000e-01	450
789	9.900000000000000e-01	450
790	9.900000000000000e-01	450
791	9.900000000000000e-01	450
792	9.900000000000000e-01	450
793	9.900000000000000e-01	450
794	9.900000000000000e-01	450
795	9.900000000000000e-01	450
796	9.900000000000000e-01	450
797	9.900000000000000e-01	450
798	9.900000000000000e-01	450
799	9.900000000000000e-01	450
800	9.900000000000000e-01	450
801	9.900000000000000e-01	450
802	9.900000000000000e-01	450
803	9.900000000000000e-01	450
804	9.900000000000000e-01	450
805	9.900000000000000e-01	450
806	9.900000000000000e-01	450
807	9.900000000000000e-01	450
808	9.900000000000000e-01	450
809	9.900000000000000e-01	450
810	9.900000000000000e-01	450
811	9.900000000000000e-01	450
812	9.900000000000000e-01	450
813	9.900000000000000e-01	450
814	9.900000000000000e-01	450
815	9.900000000000000e-01	450
816	9.900000000000000e-01	450
817	9.900000000000000e-01	450
818	9.900000000000000e-01	450
819	9.900000000000000e-01	450
820	9.900000000000000e-01	450
821	9.900000000000000e-01	450
822	9.900000000000000e-01	450
823	9.900000000000000e-01	450
824	9.900000000000000e-01	450
825	9.900000000000000e-01	450
826	9.900000000000000e-01	450
827	9.900000000000000e-01	450
828	9.900000000000000e-01	450
829	9.900000000000000e-01	450
830	9.900000000000000e-01	450
831	9.900000000000000e-01	450
832	9.900000000000000e-01	450
833	1.000000000000000e+00	450
834	1.000000000000000e+00	450
835	1.000000000000000e+00	450
836	1.000000000000000e+00	450
837	1.000000000000000e+00	450
838	1.000000000000000e+00	450
839	1.000000000000000e+00	450
840	1.000000000000000e+00	450
841	1.000000000000000e+00	450
842	1.000000000000000e+00	450
843	1.000000000000000e+00	20
844	1.000000000000000e+00	20
845	1.000000000000000e+00	20
846	1.000000000000000e+00	450
847	1.000000000000000e+00	450
848	1.000000000000000e+00	450
849	1.000000000000000e+00	450
850	1.000000000000000e+00	450
851	1.000000000000000e+00	20
852	1.000000000000000e+00	450
853	1.000000000000000e+00	40
854	1.000000000000000e+00	450
855	1.000000000000000e+00	20
856	1.000000000000000e+00	450
857	1.000000000000000e+00	80
858	1.000000000000000e+00	450
859	1.000000000000000e+00	20
860	1.000000000000000e+00	450
861	1.000000000000000e+00	60
862	1.000000000000000e+00	450
863	1.000000000000000e+00	80
864	1.000000000000000e+00	450
865	1.000000000000000e+00	20
866	1.000000000000000e+00	450
867	1.000000000000000e+00	20
868	1.000000000000000e+00	450
869	1.000000000000000e+00	20
870	1.000000000000000e+00	450
871	1.000000000000000e+00	40
872	1.000000000000000e+00	450
873	1.000000000000000e+00	20
874	1.000000000000000e+00	450
875	1.000000000000000e+00	20
876	1.000000000000000e+00	450
877	1.000000000000000e+00	40
878	1.000000000000000e+00	450
879	1.000000000000000e+00	20
880	1.000000000000000e+00	450
881	1.000000000000000e+00	20
882	1.000000000000000e+00	450
883	1.000000000000000e+00	20
884	1.000000000000000e+00	450
885	1.000000000000000e+00	100
886	1.000000000000000e+00	450
887	1.000000000000000e+00	450
888	1.000000000000000e+00	80
889	1.000000000000000e+00	20
890	1.000000000000000e+00	20
891	1.000000000000000e+00	60
892	1.000000000000000e+00	60
893	1.000000000000000e+00	40
894	1.000000000000000e+00	20
895	1.000000000000000e+00	20
896	1.000000000000000e+00	20
897	1.000000000000000e+00	40
898	1.000000000000000e+00	100
899	1.000000000000000e+00	20
900	1.000000000000000e+00	40
901	1.000000000000000e+00	20
902	1.000000000000000e+00	20
903	1.000000000000000e+00	20
904	1.000000000000000e+00	80
905	1.000000000000000e+00	20
906	1.000000000000000e+00	20
907	1.000000000000000e+00	20
908	1.000000000000000e+00	20
909	1.000000000000000e+00	40
910	1.000000000000000e+00	20
911	1.000000000000000e+00	20
912	1.000000000000000e+00	20
913	1.000000000000000e+00	140
914	1.000000000000000e+00	80
915	1.000000000000000e+00	20
916	1.000000000000000e+00	20
917	1.000000000000000e+00	40
918	1.000000000000000e+00	20
919	1.000000000000000e+00	80
920	1.000000000000000e+00	20
921	1.000000000000000e+00	60
922	1.000000000000000e+00	20
923	1.000000000000000e+00	140
924	1.000000000000000e+00	20
925	1.000000000000000e+00	60
926	1.000000000000000e+00	20
927	1.000000000000000e+00	60
928	1.000000000000000e+00	450
929	1.000000000000000e+00	450
930	1.000000000000000e+00	450
931	1.000000000000000e+00	450
932	1.000000000000000e+00	450
933	1.000000000000000e+00	450
934	1.000000000000000e+00	450
935	1.000000000000000e+00	450
936	1.000000000000000e+00	450
937	1.000000000000000e+00	450
938	1.000000000000000e+00	450
939	1.000000000000000e+00	450
940	1.000000000000000e+00	450
941	1.000000000000000e+00	80
942	1.000000000000000e+00	450
943	1.000000000000000e+00	450
944	1.000000000000000e+00	450
945	1.000000000000000e+00	450
946	1.000000000000000e+00	450
947	1.000000000000000e+00	450
948	1.000000000000000e+00	450
949	1.000000000000000e+00	450
950	1.000000000000000e+00	450
951	1.000000000000000e+00	450
952	1.000000000000000e+00	20
953	1.000000000000000e+00	450
954	1.000000000000000e+00	450
955	1.000000000000000e+00	450
956	1.000000000000000e+00	450
957	1.000000000000000e+00	450
958	1.000000000000000e+00	450
959	1.000000000000000e+00	450
960	1.000000000000000e+00	450
961	1.000000000000000e+00	450
962	1.000000000000000e+00	450
963	1.000000000000000e+00	450
964	1.000000000000000e+00	450
965	1.000000000000000e+00	450
966	1.000000000000000e+00	450
967	1.000000000000000e+00	20
968	1.000000000000000e+00	450
969	1.000000000000000e+00	450
970	1.000000000000000e+00	450
971	1.000000000000000e+00	450
972	1.000000000000000e+00	450
973	1.000000000000000e+00	450
974	1.000000000000000e+00	450
975	1.000000000000000e+00	450
976	1.000000000000000e+00	450
977	1.000000000000000e+00	450
978	1.000000000000000e+00	450
979	1.000000000000000e+00	450
980	1.000000000000000e+00	40
981	1.000000000000000e+00	450
982	1.000000000000000e+00	450
983	1.000000000000000e+00	450
984	1.000000000000000e+00	450
985	1.000000000000000e+00	450
986	1.000000000000000e+00	450
987	1.000000000000000e+00	450
988	1.000000000000000e+00	450
989	1.000000000000000e+00	450
990	1.000000000000000e+00	450
991	1.000000000000000e+00	450
992	1.000000000000000e+00	450
993	1.000000000000000e+00	450
994	1.000000000000000e+00	450
995	1.000000000000000e+00	450
996	1.000000000000000e+00	450
997	1.000000000000000e+00	450
998	1.000000000000000e+00	450
999	1.000000000000000e+00	450
1000	1.000000000000000e+00	450


Tempo gasto: 98.997757
