Método usado: LUUS JAAKOLA

POSIÇÃO	ÁREA(mm²)	CUSTO

1	1.000000000000000e+00	8
2	1.000000000000000e+00	4
3	1.000000000000000e+00	6
4	1.000000000000000e+00	16
5	1.000000000000000e+00	10
6	1.000000000000000e+00	2
7	1.000000000000000e+00	20
8	1.000000000000000e+00	4
9	1.000000000000000e+00	4
10	1.000000000000000e+00	8
11	1.000000000000000e+00	20
12	1.000000000000000e+00	6
13	1.000000000000000e+00	6
14	1.000000000000000e+00	4
15	1.000000000000000e+00	12
16	1.000000000000000e+00	6
17	1.000000000000000e+00	8
18	1.000000000000000e+00	10
19	1.000000000000000e+00	24
20	1.000000000000000e+00	2
21	1.000000000000000e+00	22
22	1.000000000000000e+00	16
23	1.000000000000000e+00	2
24	1.000000000000000e+00	2
25	1.000000000000000e+00	20
26	1.000000000000000e+00	16
27	1.000000000000000e+00	12
28	1.000000000000000e+00	20
29	1.000000000000000e+00	12
30	1.000000000000000e+00	32
31	1.000000000000000e+00	16
32	1.000000000000000e+00	2
33	1.000000000000000e+00	2
34	1.000000000000000e+00	4
35	1.000000000000000e+00	6
36	1.000000000000000e+00	18
37	1.000000000000000e+00	2
38	1.000000000000000e+00	10
39	1.000000000000000e+00	8
40	1.000000000000000e+00	10
41	1.000000000000000e+00	10
42	1.000000000000000e+00	16
43	1.000000000000000e+00	14
44	1.000000000000000e+00	6
45	1.000000000000000e+00	6
46	1.000000000000000e+00	14
47	1.000000000000000e+00	12
48	1.000000000000000e+00	2
49	1.000000000000000e+00	2
50	1.000000000000000e+00	6
51	1.000000000000000e+00	16
52	1.000000000000000e+00	10
53	1.000000000000000e+00	12
54	1.000000000000000e+00	2
55	1.000000000000000e+00	2
56	1.000000000000000e+00	14
57	1.000000000000000e+00	4
58	1.000000000000000e+00	2
59	1.000000000000000e+00	6
60	1.000000000000000e+00	8
61	1.000000000000000e+00	10
62	1.000000000000000e+00	8
63	1.000000000000000e+00	2
64	1.000000000000000e+00	16
65	1.000000000000000e+00	2
66	1.000000000000000e+00	42
67	1.000000000000000e+00	20
68	1.000000000000000e+00	2
69	1.000000000000000e+00	12
70	1.000000000000000e+00	4
71	1.000000000000000e+00	20
72	1.000000000000000e+00	2
73	1.000000000000000e+00	32
74	1.000000000000000e+00	14
75	1.000000000000000e+00	38
76	1.000000000000000e+00	2
77	1.000000000000000e+00	4
78	1.000000000000000e+00	10
79	1.000000000000000e+00	2
80	1.000000000000000e+00	4
81	1.000000000000000e+00	18
82	1.000000000000000e+00	30
83	1.000000000000000e+00	12
84	1.000000000000000e+00	2
85	1.000000000000000e+00	70
86	1.000000000000000e+00	22
87	1.000000000000000e+00	8
88	1.000000000000000e+00	18
89	1.000000000000000e+00	4
90	1.000000000000000e+00	2
91	1.000000000000000e+00	18
92	1.000000000000000e+00	30
93	1.000000000000000e+00	10
94	1.000000000000000e+00	2
95	1.000000000000000e+00	16
96	1.000000000000000e+00	12
97	1.000000000000000e+00	6
98	1.000000000000000e+00	4
99	1.000000000000000e+00	2
100	1.000000000000000e+00	12
101	1.000000000000000e+00	8
102	1.000000000000000e+00	8
103	1.000000000000000e+00	10
104	1.000000000000000e+00	4
105	1.000000000000000e+00	28
106	1.000000000000000e+00	4
107	1.000000000000000e+00	8
108	1.000000000000000e+00	4
109	1.000000000000000e+00	2
110	1.000000000000000e+00	12
111	1.000000000000000e+00	10
112	1.000000000000000e+00	6
113	1.000000000000000e+00	10
114	1.000000000000000e+00	16
115	1.000000000000000e+00	8
116	1.000000000000000e+00	20
117	1.000000000000000e+00	4
118	1.000000000000000e+00	2
119	1.000000000000000e+00	10
120	1.000000000000000e+00	6
121	1.000000000000000e+00	24
122	1.000000000000000e+00	4
123	1.000000000000000e+00	8
124	1.000000000000000e+00	10
125	1.000000000000000e+00	6
126	1.000000000000000e+00	6
127	1.000000000000000e+00	12
128	1.000000000000000e+00	6
129	1.000000000000000e+00	12
130	1.000000000000000e+00	20
131	1.000000000000000e+00	50
132	1.000000000000000e+00	2
133	1.000000000000000e+00	18
134	1.000000000000000e+00	2
135	1.000000000000000e+00	20
136	1.000000000000000e+00	2
137	1.000000000000000e+00	8
138	1.000000000000000e+00	54
139	1.000000000000000e+00	14
140	1.000000000000000e+00	14
141	1.000000000000000e+00	8
142	1.000000000000000e+00	6
143	1.000000000000000e+00	14
144	1.000000000000000e+00	12
145	1.000000000000000e+00	6
146	1.000000000000000e+00	16
147	1.000000000000000e+00	12
148	1.000000000000000e+00	14
149	1.000000000000000e+00	4
150	1.000000000000000e+00	6
151	1.000000000000000e+00	14
152	1.000000000000000e+00	14
153	1.000000000000000e+00	6
154	1.000000000000000e+00	10
155	1.000000000000000e+00	10
156	1.000000000000000e+00	12
157	1.000000000000000e+00	22
158	1.000000000000000e+00	2
159	1.000000000000000e+00	2
160	1.000000000000000e+00	26
161	1.000000000000000e+00	4
162	1.000000000000000e+00	26
163	1.000000000000000e+00	6
164	1.000000000000000e+00	14
165	1.000000000000000e+00	2
166	1.000000000000000e+00	2
167	1.000000000000000e+00	10
168	1.000000000000000e+00	18
169	1.000000000000000e+00	4
170	1.000000000000000e+00	6
171	1.000000000000000e+00	6
172	1.000000000000000e+00	2
173	1.000000000000000e+00	6
174	1.000000000000000e+00	34
175	1.000000000000000e+00	2
176	1.000000000000000e+00	16
177	1.000000000000000e+00	24
178	1.000000000000000e+00	30
179	1.000000000000000e+00	12
180	1.000000000000000e+00	4
181	1.000000000000000e+00	32
182	1.000000000000000e+00	42
183	1.000000000000000e+00	4
184	1.000000000000000e+00	6
185	1.000000000000000e+00	4
186	1.000000000000000e+00	4
187	1.000000000000000e+00	14
188	1.000000000000000e+00	4
189	1.000000000000000e+00	4
190	1.000000000000000e+00	4
191	1.000000000000000e+00	2
192	1.000000000000000e+00	24
193	1.000000000000000e+00	24
194	1.000000000000000e+00	20
195	1.000000000000000e+00	20
196	1.000000000000000e+00	4
197	1.000000000000000e+00	12
198	1.000000000000000e+00	4
199	1.000000000000000e+00	18
200	1.000000000000000e+00	6
201	1.000000000000000e+00	12
202	1.000000000000000e+00	14
203	1.000000000000000e+00	28
204	1.000000000000000e+00	6
205	1.000000000000000e+00	6
206	1.000000000000000e+00	30
207	1.000000000000000e+00	40
208	1.000000000000000e+00	4
209	1.000000000000000e+00	6
210	1.000000000000000e+00	62
211	1.000000000000000e+00	16
212	1.000000000000000e+00	10
213	1.000000000000000e+00	12
214	1.000000000000000e+00	14
215	1.000000000000000e+00	20
216	1.000000000000000e+00	4
217	1.000000000000000e+00	26
218	1.000000000000000e+00	4
219	1.000000000000000e+00	28
220	1.000000000000000e+00	6
221	1.000000000000000e+00	22
222	1.000000000000000e+00	10
223	1.000000000000000e+00	6
224	1.000000000000000e+00	12
225	1.000000000000000e+00	22
226	1.000000000000000e+00	16
227	1.000000000000000e+00	6
228	1.000000000000000e+00	14
229	1.000000000000000e+00	114
230	1.000000000000000e+00	12
231	1.000000000000000e+00	4
232	1.000000000000000e+00	2
233	1.000000000000000e+00	16
234	1.000000000000000e+00	12
235	1.000000000000000e+00	18
236	1.000000000000000e+00	6
237	1.000000000000000e+00	2
238	1.000000000000000e+00	14
239	1.000000000000000e+00	30
240	1.000000000000000e+00	40
241	1.000000000000000e+00	2
242	1.000000000000000e+00	20
243	1.000000000000000e+00	2
244	1.000000000000000e+00	22
245	1.000000000000000e+00	24
246	1.000000000000000e+00	4
247	1.000000000000000e+00	10
248	1.000000000000000e+00	28
249	1.000000000000000e+00	4
250	1.000000000000000e+00	14
251	1.000000000000000e+00	8
252	1.000000000000000e+00	14
253	1.000000000000000e+00	6
254	1.000000000000000e+00	6
255	1.000000000000000e+00	10
256	1.000000000000000e+00	8
257	1.000000000000000e+00	16
258	1.000000000000000e+00	16
259	1.000000000000000e+00	16
260	1.000000000000000e+00	4
261	1.000000000000000e+00	14
262	1.000000000000000e+00	20
263	1.000000000000000e+00	12
264	1.000000000000000e+00	12
265	1.000000000000000e+00	8
266	1.000000000000000e+00	26
267	1.000000000000000e+00	2
268	1.000000000000000e+00	4
269	1.000000000000000e+00	20
270	1.000000000000000e+00	4
271	1.000000000000000e+00	8
272	1.000000000000000e+00	2
273	1.000000000000000e+00	16
274	1.000000000000000e+00	32
275	1.000000000000000e+00	16
276	1.000000000000000e+00	18
277	1.000000000000000e+00	16
278	1.000000000000000e+00	6
279	1.000000000000000e+00	14
280	1.000000000000000e+00	14
281	1.000000000000000e+00	20
282	1.000000000000000e+00	18
283	1.000000000000000e+00	8
284	1.000000000000000e+00	4
285	1.000000000000000e+00	26
286	1.000000000000000e+00	2
287	1.000000000000000e+00	34
288	1.000000000000000e+00	2
289	1.000000000000000e+00	6
290	1.000000000000000e+00	4
291	1.000000000000000e+00	2
292	1.000000000000000e+00	8
293	1.000000000000000e+00	18
294	1.000000000000000e+00	2
295	1.000000000000000e+00	4
296	1.000000000000000e+00	14
297	1.000000000000000e+00	10
298	1.000000000000000e+00	20
299	1.000000000000000e+00	4
300	1.000000000000000e+00	26
301	1.000000000000000e+00	10
302	1.000000000000000e+00	2
303	1.000000000000000e+00	28
304	1.000000000000000e+00	10
305	1.000000000000000e+00	36
306	1.000000000000000e+00	6
307	1.000000000000000e+00	8
308	1.000000000000000e+00	4
309	1.000000000000000e+00	12
310	1.000000000000000e+00	16
311	1.000000000000000e+00	24
312	1.000000000000000e+00	8
313	1.000000000000000e+00	10
314	1.000000000000000e+00	48
315	1.000000000000000e+00	8
316	1.000000000000000e+00	72
317	1.000000000000000e+00	10
318	1.000000000000000e+00	6
319	1.000000000000000e+00	28
320	1.000000000000000e+00	8
321	1.000000000000000e+00	2
322	1.000000000000000e+00	10
323	1.000000000000000e+00	8
324	1.000000000000000e+00	8
325	1.000000000000000e+00	4
326	1.000000000000000e+00	8
327	1.000000000000000e+00	22
328	1.000000000000000e+00	14
329	1.000000000000000e+00	14
330	1.000000000000000e+00	8
331	1.000000000000000e+00	6
332	1.000000000000000e+00	10
333	1.000000000000000e+00	18
334	1.000000000000000e+00	12
335	1.000000000000000e+00	18
336	1.000000000000000e+00	14
337	1.000000000000000e+00	8
338	1.000000000000000e+00	10
339	1.000000000000000e+00	12
340	1.000000000000000e+00	4
341	1.000000000000000e+00	4
342	1.000000000000000e+00	4
343	1.000000000000000e+00	14
344	1.000000000000000e+00	28
345	1.000000000000000e+00	22
346	1.000000000000000e+00	8
347	1.000000000000000e+00	8
348	1.000000000000000e+00	16
349	1.000000000000000e+00	16
350	1.000000000000000e+00	2
351	1.000000000000000e+00	12
352	1.000000000000000e+00	16
353	1.000000000000000e+00	30
354	1.000000000000000e+00	2
355	1.000000000000000e+00	6
356	1.000000000000000e+00	18
357	1.000000000000000e+00	42
358	1.000000000000000e+00	40
359	1.000000000000000e+00	30
360	1.000000000000000e+00	8
361	1.000000000000000e+00	4
362	1.000000000000000e+00	6
363	1.000000000000000e+00	12
364	1.000000000000000e+00	16
365	1.000000000000000e+00	10
366	1.000000000000000e+00	12
367	1.000000000000000e+00	12
368	1.000000000000000e+00	10
369	1.000000000000000e+00	18
370	1.000000000000000e+00	4
371	1.000000000000000e+00	12
372	1.000000000000000e+00	14
373	1.000000000000000e+00	8
374	1.000000000000000e+00	20
375	1.000000000000000e+00	10
376	1.000000000000000e+00	8
377	1.000000000000000e+00	2
378	1.000000000000000e+00	18
379	1.000000000000000e+00	10
380	1.000000000000000e+00	4
381	1.000000000000000e+00	34
382	1.000000000000000e+00	22
383	1.000000000000000e+00	6
384	1.000000000000000e+00	8
385	1.000000000000000e+00	20
386	1.000000000000000e+00	40
387	1.000000000000000e+00	4
388	1.000000000000000e+00	10
389	1.000000000000000e+00	48
390	1.000000000000000e+00	46
391	1.000000000000000e+00	6
392	1.000000000000000e+00	16
393	1.000000000000000e+00	4
394	1.000000000000000e+00	12
395	1.000000000000000e+00	8
396	1.000000000000000e+00	12
397	1.000000000000000e+00	4
398	1.000000000000000e+00	34
399	1.000000000000000e+00	14
400	1.000000000000000e+00	14
401	1.000000000000000e+00	2
402	1.000000000000000e+00	14
403	1.000000000000000e+00	8
404	1.000000000000000e+00	20
405	1.000000000000000e+00	18
406	1.000000000000000e+00	6
407	1.000000000000000e+00	6
408	1.000000000000000e+00	4
409	1.000000000000000e+00	12
410	1.000000000000000e+00	2
411	1.000000000000000e+00	32
412	1.000000000000000e+00	20
413	1.000000000000000e+00	12
414	1.000000000000000e+00	14
415	1.000000000000000e+00	2
416	1.000000000000000e+00	32
417	1.000000000000000e+00	24
418	1.000000000000000e+00	6
419	1.000000000000000e+00	2
420	1.000000000000000e+00	8
421	1.000000000000000e+00	8
422	1.000000000000000e+00	8
423	1.000000000000000e+00	2
424	1.000000000000000e+00	26
425	1.000000000000000e+00	6
426	1.000000000000000e+00	22
427	1.000000000000000e+00	16
428	1.000000000000000e+00	12
429	1.000000000000000e+00	8
430	1.000000000000000e+00	4
431	1.000000000000000e+00	26
432	1.000000000000000e+00	4
433	1.000000000000000e+00	2
434	1.000000000000000e+00	20
435	1.000000000000000e+00	30
436	1.000000000000000e+00	4
437	1.000000000000000e+00	16
438	1.000000000000000e+00	20
439	1.000000000000000e+00	34
440	1.000000000000000e+00	6
441	1.000000000000000e+00	16
442	1.000000000000000e+00	16
443	1.000000000000000e+00	18
444	1.000000000000000e+00	6
445	1.000000000000000e+00	4
446	1.000000000000000e+00	6
447	1.000000000000000e+00	12
448	1.000000000000000e+00	6
449	1.000000000000000e+00	6
450	1.000000000000000e+00	6
451	1.000000000000000e+00	2
452	1.000000000000000e+00	24
453	1.000000000000000e+00	16
454	1.000000000000000e+00	2
455	1.000000000000000e+00	2
456	1.000000000000000e+00	8
457	1.000000000000000e+00	20
458	1.000000000000000e+00	14
459	1.000000000000000e+00	34
460	1.000000000000000e+00	10
461	1.000000000000000e+00	14
462	1.000000000000000e+00	14
463	1.000000000000000e+00	12
464	1.000000000000000e+00	24
465	1.000000000000000e+00	4
466	1.000000000000000e+00	4
467	1.000000000000000e+00	2
468	1.000000000000000e+00	6
469	1.000000000000000e+00	26
470	1.000000000000000e+00	16
471	1.000000000000000e+00	4
472	1.000000000000000e+00	10
473	1.000000000000000e+00	20
474	1.000000000000000e+00	22
475	1.000000000000000e+00	10
476	1.000000000000000e+00	10
477	1.000000000000000e+00	28
478	1.000000000000000e+00	26
479	1.000000000000000e+00	10
480	1.000000000000000e+00	16
481	1.000000000000000e+00	8
482	1.000000000000000e+00	10
483	1.000000000000000e+00	36
484	1.000000000000000e+00	4
485	1.000000000000000e+00	2
486	1.000000000000000e+00	8
487	1.000000000000000e+00	12
488	1.000000000000000e+00	6
489	1.000000000000000e+00	6
490	1.000000000000000e+00	20
491	9.590000000440042e-01	748
492	9.000000001659860e-01	510
493	8.490000000855448e-01	698
494	8.000000001819747e-01	652
495	7.500000002428453e-01	498
496	7.000000002321191e-01	764
497	6.500000003069943e-01	692
498	6.000000002651913e-01	682
499	5.500000003356599e-01	772
500	5.000000002900381e-01	788
501	5.500000003327059e-01	770
502	6.000000002990806e-01	796
503	6.500000003829065e-01	728
504	7.000000003976844e-01	766
505	7.500000005612875e-01	728
506	8.000000006313923e-01	732
507	8.500000008168291e-01	714
508	9.000000009538722e-01	688
509	9.500000008641423e-01	694
510	9.000000008580722e-01	776
511	8.500000008563422e-01	762
512	8.000000007139486e-01	778
513	7.500000007862312e-01	726
514	8.000000007330135e-01	734
515	8.500000006079511e-01	736
516	9.000000007627130e-01	724
517	9.500000008998746e-01	776
518	1.000000000000000e+00	1000
519	1.000000000000000e+00	6
520	1.000000000000000e+00	4
521	1.000000000000000e+00	2
522	1.000000000000000e+00	6
523	1.000000000000000e+00	12
524	1.000000000000000e+00	18
525	1.000000000000000e+00	4
526	1.000000000000000e+00	2
527	1.000000000000000e+00	4
528	1.000000000000000e+00	12
529	1.000000000000000e+00	2
530	1.000000000000000e+00	8
531	1.000000000000000e+00	8
532	1.000000000000000e+00	8
533	1.000000000000000e+00	6
534	1.000000000000000e+00	22
535	1.000000000000000e+00	10
536	1.000000000000000e+00	2
537	1.000000000000000e+00	14
538	1.000000000000000e+00	8
539	1.000000000000000e+00	20
540	1.000000000000000e+00	48
541	1.000000000000000e+00	38
542	1.000000000000000e+00	10
543	1.000000000000000e+00	10
544	1.000000000000000e+00	30
545	1.000000000000000e+00	10
546	1.000000000000000e+00	12
547	1.000000000000000e+00	10
548	1.000000000000000e+00	14
549	1.000000000000000e+00	22
550	1.000000000000000e+00	18
551	1.000000000000000e+00	2
552	1.000000000000000e+00	20
553	1.000000000000000e+00	10
554	1.000000000000000e+00	10
555	1.000000000000000e+00	28
556	1.000000000000000e+00	10
557	1.000000000000000e+00	20
558	1.000000000000000e+00	4
559	1.000000000000000e+00	6
560	1.000000000000000e+00	6
561	1.000000000000000e+00	24
562	1.000000000000000e+00	2
563	1.000000000000000e+00	8
564	1.000000000000000e+00	10
565	1.000000000000000e+00	12
566	1.000000000000000e+00	8
567	1.000000000000000e+00	28
568	1.000000000000000e+00	6
569	1.000000000000000e+00	6
570	1.000000000000000e+00	12
571	1.000000000000000e+00	20
572	1.000000000000000e+00	12
573	1.000000000000000e+00	6
574	1.000000000000000e+00	18
575	1.000000000000000e+00	4
576	1.000000000000000e+00	6
577	1.000000000000000e+00	18
578	1.000000000000000e+00	26
579	1.000000000000000e+00	6
580	1.000000000000000e+00	4
581	1.000000000000000e+00	114
582	1.000000000000000e+00	12
583	1.000000000000000e+00	8
584	1.000000000000000e+00	44
585	1.000000000000000e+00	46
586	1.000000000000000e+00	18
587	1.000000000000000e+00	4
588	1.000000000000000e+00	2
589	1.000000000000000e+00	28
590	1.000000000000000e+00	2
591	1.000000000000000e+00	22
592	1.000000000000000e+00	20
593	1.000000000000000e+00	2
594	1.000000000000000e+00	14
595	1.000000000000000e+00	22
596	1.000000000000000e+00	10
597	1.000000000000000e+00	4
598	1.000000000000000e+00	22
599	1.000000000000000e+00	14
600	1.000000000000000e+00	8
601	1.000000000000000e+00	16
602	1.000000000000000e+00	2
603	1.000000000000000e+00	26
604	1.000000000000000e+00	16
605	1.000000000000000e+00	18
606	1.000000000000000e+00	10
607	1.000000000000000e+00	2
608	1.000000000000000e+00	4
609	1.000000000000000e+00	14
610	1.000000000000000e+00	6
611	1.000000000000000e+00	18
612	1.000000000000000e+00	16
613	1.000000000000000e+00	2
614	1.000000000000000e+00	8
615	1.000000000000000e+00	4
616	1.000000000000000e+00	14
617	1.000000000000000e+00	8
618	1.000000000000000e+00	8
619	1.000000000000000e+00	6
620	1.000000000000000e+00	16
621	1.000000000000000e+00	10
622	1.000000000000000e+00	14
623	1.000000000000000e+00	2
624	1.000000000000000e+00	28
625	1.000000000000000e+00	30
626	1.000000000000000e+00	4
627	1.000000000000000e+00	2
628	1.000000000000000e+00	2
629	1.000000000000000e+00	8
630	1.000000000000000e+00	12
631	1.000000000000000e+00	8
632	1.000000000000000e+00	2
633	1.000000000000000e+00	78
634	1.000000000000000e+00	8
635	1.000000000000000e+00	4
636	1.000000000000000e+00	4
637	1.000000000000000e+00	8
638	1.000000000000000e+00	10
639	1.000000000000000e+00	8
640	1.000000000000000e+00	4
641	1.000000000000000e+00	10
642	1.000000000000000e+00	2
643	1.000000000000000e+00	6
644	1.000000000000000e+00	2
645	1.000000000000000e+00	16
646	1.000000000000000e+00	34
647	1.000000000000000e+00	30
648	1.000000000000000e+00	20
649	1.000000000000000e+00	20
650	1.000000000000000e+00	4
651	1.000000000000000e+00	8
652	1.000000000000000e+00	6
653	1.000000000000000e+00	24
654	1.000000000000000e+00	2
655	1.000000000000000e+00	2
656	1.000000000000000e+00	18
657	1.000000000000000e+00	2
658	1.000000000000000e+00	18
659	1.000000000000000e+00	8
660	1.000000000000000e+00	4
661	1.000000000000000e+00	14
662	1.000000000000000e+00	18
663	1.000000000000000e+00	6
664	1.000000000000000e+00	4
665	1.000000000000000e+00	14
666	1.000000000000000e+00	36
667	1.000000000000000e+00	2
668	1.000000000000000e+00	6
669	1.000000000000000e+00	8
670	1.000000000000000e+00	30
671	1.000000000000000e+00	10
672	1.000000000000000e+00	34
673	1.000000000000000e+00	14
674	1.000000000000000e+00	8
675	1.000000000000000e+00	4
676	1.000000000000000e+00	38
677	1.000000000000000e+00	4
678	1.000000000000000e+00	2
679	1.000000000000000e+00	14
680	1.000000000000000e+00	6
681	1.000000000000000e+00	4
682	1.000000000000000e+00	14
683	1.000000000000000e+00	18
684	1.000000000000000e+00	12
685	1.000000000000000e+00	4
686	1.000000000000000e+00	6
687	1.000000000000000e+00	12
688	1.000000000000000e+00	24
689	1.000000000000000e+00	26
690	1.000000000000000e+00	28
691	1.000000000000000e+00	6
692	1.000000000000000e+00	4
693	1.000000000000000e+00	62
694	1.000000000000000e+00	8
695	1.000000000000000e+00	14
696	1.000000000000000e+00	2
697	1.000000000000000e+00	18
698	1.000000000000000e+00	4
699	1.000000000000000e+00	10
700	1.000000000000000e+00	2
701	1.000000000000000e+00	6
702	1.000000000000000e+00	26
703	1.000000000000000e+00	24
704	1.000000000000000e+00	4
705	1.000000000000000e+00	6
706	1.000000000000000e+00	48
707	1.000000000000000e+00	6
708	1.000000000000000e+00	24
709	1.000000000000000e+00	6
710	1.000000000000000e+00	14
711	1.000000000000000e+00	4
712	1.000000000000000e+00	6
713	1.000000000000000e+00	34
714	1.000000000000000e+00	14
715	1.000000000000000e+00	10
716	1.000000000000000e+00	10
717	1.000000000000000e+00	14
718	1.000000000000000e+00	4
719	1.000000000000000e+00	10
720	1.000000000000000e+00	2
721	1.000000000000000e+00	16
722	1.000000000000000e+00	8
723	1.000000000000000e+00	10
724	1.000000000000000e+00	12
725	1.000000000000000e+00	8
726	1.000000000000000e+00	6
727	1.000000000000000e+00	20
728	1.000000000000000e+00	16
729	1.000000000000000e+00	12
730	1.000000000000000e+00	12
731	1.000000000000000e+00	2
732	1.000000000000000e+00	2
733	1.000000000000000e+00	22
734	1.000000000000000e+00	4
735	1.000000000000000e+00	6
736	1.000000000000000e+00	10
737	1.000000000000000e+00	2
738	1.000000000000000e+00	6
739	1.000000000000000e+00	2
740	1.000000000000000e+00	32
741	1.000000000000000e+00	14
742	1.000000000000000e+00	20
743	1.000000000000000e+00	2
744	1.000000000000000e+00	10
745	1.000000000000000e+00	8
746	1.000000000000000e+00	10
747	1.000000000000000e+00	8
748	1.000000000000000e+00	34
749	1.000000000000000e+00	16
750	1.000000000000000e+00	8
751	1.000000000000000e+00	22
752	1.000000000000000e+00	10
753	1.000000000000000e+00	20
754	1.000000000000000e+00	2
755	1.000000000000000e+00	4
756	1.000000000000000e+00	40
757	1.000000000000000e+00	6
758	1.000000000000000e+00	26
759	1.000000000000000e+00	26
760	1.000000000000000e+00	4
761	1.000000000000000e+00	10
762	1.000000000000000e+00	12
763	1.000000000000000e+00	26
764	1.000000000000000e+00	30
765	1.000000000000000e+00	8
766	1.000000000000000e+00	18
767	1.000000000000000e+00	22
768	1.000000000000000e+00	6
769	1.000000000000000e+00	12
770	1.000000000000000e+00	2
771	1.000000000000000e+00	18
772	1.000000000000000e+00	32
773	1.000000000000000e+00	10
774	1.000000000000000e+00	22
775	1.000000000000000e+00	4
776	1.000000000000000e+00	8
777	1.000000000000000e+00	4
778	1.000000000000000e+00	32
779	1.000000000000000e+00	2
780	1.000000000000000e+00	6
781	1.000000000000000e+00	20
782	1.000000000000000e+00	24
783	1.000000000000000e+00	10
784	1.000000000000000e+00	44
785	1.000000000000000e+00	8
786	1.000000000000000e+00	14
787	1.000000000000000e+00	2
788	1.000000000000000e+00	2
789	1.000000000000000e+00	20
790	1.000000000000000e+00	18
791	1.000000000000000e+00	8
792	1.000000000000000e+00	14
793	1.000000000000000e+00	18
794	1.000000000000000e+00	12
795	1.000000000000000e+00	40
796	1.000000000000000e+00	2
797	1.000000000000000e+00	8
798	1.000000000000000e+00	6
799	1.000000000000000e+00	2
800	1.000000000000000e+00	32
801	1.000000000000000e+00	22
802	1.000000000000000e+00	22
803	1.000000000000000e+00	2
804	1.000000000000000e+00	12
805	1.000000000000000e+00	16
806	1.000000000000000e+00	8
807	1.000000000000000e+00	4
808	1.000000000000000e+00	14
809	1.000000000000000e+00	10
810	1.000000000000000e+00	12
811	1.000000000000000e+00	6
812	1.000000000000000e+00	20
813	1.000000000000000e+00	4
814	1.000000000000000e+00	6
815	1.000000000000000e+00	2
816	1.000000000000000e+00	10
817	1.000000000000000e+00	8
818	1.000000000000000e+00	12
819	1.000000000000000e+00	2
820	1.000000000000000e+00	12
821	1.000000000000000e+00	12
822	1.000000000000000e+00	8
823	1.000000000000000e+00	16
824	1.000000000000000e+00	4
825	1.000000000000000e+00	12
826	1.000000000000000e+00	26
827	1.000000000000000e+00	12
828	1.000000000000000e+00	18
829	1.000000000000000e+00	22
830	1.000000000000000e+00	2
831	1.000000000000000e+00	10
832	1.000000000000000e+00	12
833	1.000000000000000e+00	4
834	1.000000000000000e+00	20
835	1.000000000000000e+00	22
836	1.000000000000000e+00	12
837	1.000000000000000e+00	18
838	1.000000000000000e+00	10
839	1.000000000000000e+00	22
840	1.000000000000000e+00	6
841	1.000000000000000e+00	22
842	1.000000000000000e+00	4
843	1.000000000000000e+00	2
844	1.000000000000000e+00	24
845	1.000000000000000e+00	2
846	1.000000000000000e+00	40
847	1.000000000000000e+00	8
848	1.000000000000000e+00	14
849	1.000000000000000e+00	28
850	1.000000000000000e+00	10
851	1.000000000000000e+00	2
852	1.000000000000000e+00	10
853	1.000000000000000e+00	6
854	1.000000000000000e+00	46
855	1.000000000000000e+00	14
856	1.000000000000000e+00	16
857	1.000000000000000e+00	8
858	1.000000000000000e+00	12
859	1.000000000000000e+00	26
860	1.000000000000000e+00	12
861	1.000000000000000e+00	4
862	1.000000000000000e+00	8
863	1.000000000000000e+00	4
864	1.000000000000000e+00	34
865	1.000000000000000e+00	8
866	1.000000000000000e+00	18
867	1.000000000000000e+00	6
868	1.000000000000000e+00	8
869	1.000000000000000e+00	14
870	1.000000000000000e+00	16
871	1.000000000000000e+00	6
872	1.000000000000000e+00	2
873	1.000000000000000e+00	4
874	1.000000000000000e+00	12
875	1.000000000000000e+00	8
876	1.000000000000000e+00	20
877	1.000000000000000e+00	16
878	1.000000000000000e+00	22
879	1.000000000000000e+00	14
880	1.000000000000000e+00	6
881	1.000000000000000e+00	10
882	1.000000000000000e+00	12
883	1.000000000000000e+00	6
884	1.000000000000000e+00	10
885	1.000000000000000e+00	16
886	1.000000000000000e+00	4
887	1.000000000000000e+00	16
888	1.000000000000000e+00	6
889	1.000000000000000e+00	18
890	1.000000000000000e+00	6
891	1.000000000000000e+00	14
892	1.000000000000000e+00	10
893	1.000000000000000e+00	6
894	1.000000000000000e+00	14
895	1.000000000000000e+00	20
896	1.000000000000000e+00	20
897	1.000000000000000e+00	8
898	1.000000000000000e+00	32
899	1.000000000000000e+00	2
900	1.000000000000000e+00	6
901	1.000000000000000e+00	28
902	1.000000000000000e+00	2
903	1.000000000000000e+00	4
904	1.000000000000000e+00	8
905	1.000000000000000e+00	14
906	1.000000000000000e+00	22
907	1.000000000000000e+00	42
908	1.000000000000000e+00	2
909	1.000000000000000e+00	2
910	1.000000000000000e+00	2
911	1.000000000000000e+00	12
912	1.000000000000000e+00	28
913	1.000000000000000e+00	4
914	1.000000000000000e+00	22
915	1.000000000000000e+00	10
916	1.000000000000000e+00	12
917	1.000000000000000e+00	4
918	1.000000000000000e+00	38
919	1.000000000000000e+00	10
920	1.000000000000000e+00	26
921	1.000000000000000e+00	12
922	1.000000000000000e+00	16
923	1.000000000000000e+00	20
924	1.000000000000000e+00	8
925	1.000000000000000e+00	42
926	1.000000000000000e+00	4
927	1.000000000000000e+00	2
928	1.000000000000000e+00	18
929	1.000000000000000e+00	2
930	1.000000000000000e+00	2
931	1.000000000000000e+00	18
932	1.000000000000000e+00	4
933	1.000000000000000e+00	2
934	1.000000000000000e+00	4
935	1.000000000000000e+00	6
936	1.000000000000000e+00	6
937	1.000000000000000e+00	38
938	1.000000000000000e+00	2
939	1.000000000000000e+00	12
940	1.000000000000000e+00	10
941	1.000000000000000e+00	10
942	1.000000000000000e+00	6
943	1.000000000000000e+00	20
944	1.000000000000000e+00	28
945	1.000000000000000e+00	10
946	1.000000000000000e+00	12
947	1.000000000000000e+00	2
948	1.000000000000000e+00	12
949	1.000000000000000e+00	4
950	1.000000000000000e+00	4
951	1.000000000000000e+00	6
952	1.000000000000000e+00	16
953	1.000000000000000e+00	4
954	1.000000000000000e+00	6
955	1.000000000000000e+00	8
956	1.000000000000000e+00	8
957	1.000000000000000e+00	16
958	1.000000000000000e+00	28
959	1.000000000000000e+00	22
960	1.000000000000000e+00	20
961	1.000000000000000e+00	4
962	1.000000000000000e+00	50
963	1.000000000000000e+00	24
964	1.000000000000000e+00	4
965	1.000000000000000e+00	2
966	1.000000000000000e+00	14
967	1.000000000000000e+00	28
968	1.000000000000000e+00	10
969	1.000000000000000e+00	12
970	1.000000000000000e+00	12
971	1.000000000000000e+00	2
972	1.000000000000000e+00	12
973	1.000000000000000e+00	18
974	1.000000000000000e+00	4
975	1.000000000000000e+00	10
976	1.000000000000000e+00	2
977	1.000000000000000e+00	2
978	1.000000000000000e+00	8
979	1.000000000000000e+00	18
980	1.000000000000000e+00	6
981	1.000000000000000e+00	12
982	1.000000000000000e+00	18
983	1.000000000000000e+00	2
984	1.000000000000000e+00	52
985	1.000000000000000e+00	8
986	1.000000000000000e+00	16
987	1.000000000000000e+00	2
988	1.000000000000000e+00	18
989	1.000000000000000e+00	24
990	1.000000000000000e+00	22
991	1.000000000000000e+00	4
992	1.000000000000000e+00	14
993	1.000000000000000e+00	8
994	1.000000000000000e+00	6
995	1.000000000000000e+00	2
996	1.000000000000000e+00	10
997	1.000000000000000e+00	4
998	1.000000000000000e+00	18
999	1.000000000000000e+00	6
1000	1.000000000000000e+00	30


Tempo gasto: 10.329603
