Método usado: LUUS JAAKOLA

POSIÇÃO	ÁREA(mm²)	CUSTO

1	1.000000000000000e+00	2
2	1.000000000000000e+00	10
3	1.000000000000000e+00	10
4	1.000000000000000e+00	20
5	1.000000000000000e+00	16
6	1.000000000000000e+00	6
7	1.000000000000000e+00	14
8	1.000000000000000e+00	6
9	1.000000000000000e+00	6
10	1.000000000000000e+00	6
11	1.000000000000000e+00	24
12	1.000000000000000e+00	40
13	1.000000000000000e+00	6
14	1.000000000000000e+00	6
15	1.000000000000000e+00	8
16	1.000000000000000e+00	4
17	1.000000000000000e+00	8
18	1.000000000000000e+00	20
19	1.000000000000000e+00	18
20	1.000000000000000e+00	4
21	1.000000000000000e+00	4
22	1.000000000000000e+00	10
23	1.000000000000000e+00	18
24	1.000000000000000e+00	20
25	1.000000000000000e+00	18
26	1.000000000000000e+00	2
27	1.000000000000000e+00	8
28	1.000000000000000e+00	14
29	1.000000000000000e+00	6
30	1.000000000000000e+00	30
31	1.000000000000000e+00	6
32	1.000000000000000e+00	22
33	1.000000000000000e+00	6
34	1.000000000000000e+00	10
35	1.000000000000000e+00	28
36	1.000000000000000e+00	2
37	1.000000000000000e+00	32
38	1.000000000000000e+00	10
39	1.000000000000000e+00	12
40	1.000000000000000e+00	22
41	1.000000000000000e+00	22
42	1.000000000000000e+00	4
43	1.000000000000000e+00	22
44	1.000000000000000e+00	12
45	1.000000000000000e+00	22
46	1.000000000000000e+00	12
47	1.000000000000000e+00	12
48	1.000000000000000e+00	8
49	1.000000000000000e+00	18
50	1.000000000000000e+00	16
51	1.000000000000000e+00	26
52	1.000000000000000e+00	34
53	1.000000000000000e+00	28
54	1.000000000000000e+00	34
55	1.000000000000000e+00	10
56	1.000000000000000e+00	10
57	1.000000000000000e+00	6
58	1.000000000000000e+00	4
59	1.000000000000000e+00	4
60	1.000000000000000e+00	14
61	1.000000000000000e+00	10
62	1.000000000000000e+00	14
63	1.000000000000000e+00	4
64	1.000000000000000e+00	8
65	1.000000000000000e+00	6
66	1.000000000000000e+00	2
67	1.000000000000000e+00	2
68	1.000000000000000e+00	4
69	1.000000000000000e+00	2
70	1.000000000000000e+00	2
71	1.000000000000000e+00	22
72	1.000000000000000e+00	22
73	1.000000000000000e+00	2
74	1.000000000000000e+00	2
75	1.000000000000000e+00	8
76	1.000000000000000e+00	14
77	1.000000000000000e+00	10
78	1.000000000000000e+00	6
79	1.000000000000000e+00	4
80	1.000000000000000e+00	6
81	1.000000000000000e+00	16
82	1.000000000000000e+00	16
83	1.000000000000000e+00	4
84	1.000000000000000e+00	28
85	1.000000000000000e+00	14
86	1.000000000000000e+00	4
87	1.000000000000000e+00	10
88	1.000000000000000e+00	14
89	1.000000000000000e+00	12
90	1.000000000000000e+00	22
91	1.000000000000000e+00	2
92	1.000000000000000e+00	2
93	1.000000000000000e+00	4
94	1.000000000000000e+00	8
95	1.000000000000000e+00	2
96	1.000000000000000e+00	2
97	1.000000000000000e+00	10
98	1.000000000000000e+00	8
99	1.000000000000000e+00	6
100	1.000000000000000e+00	14
101	1.000000000000000e+00	2
102	1.000000000000000e+00	54
103	1.000000000000000e+00	2
104	1.000000000000000e+00	10
105	1.000000000000000e+00	18
106	1.000000000000000e+00	12
107	1.000000000000000e+00	14
108	1.000000000000000e+00	6
109	1.000000000000000e+00	4
110	1.000000000000000e+00	16
111	1.000000000000000e+00	4
112	1.000000000000000e+00	14
113	1.000000000000000e+00	14
114	1.000000000000000e+00	4
115	1.000000000000000e+00	22
116	1.000000000000000e+00	4
117	1.000000000000000e+00	2
118	1.000000000000000e+00	16
119	1.000000000000000e+00	12
120	1.000000000000000e+00	10
121	1.000000000000000e+00	52
122	1.000000000000000e+00	34
123	1.000000000000000e+00	10
124	1.000000000000000e+00	42
125	1.000000000000000e+00	22
126	1.000000000000000e+00	22
127	1.000000000000000e+00	6
128	1.000000000000000e+00	20
129	1.000000000000000e+00	18
130	1.000000000000000e+00	10
131	1.000000000000000e+00	22
132	1.000000000000000e+00	32
133	1.000000000000000e+00	16
134	1.000000000000000e+00	12
135	1.000000000000000e+00	2
136	1.000000000000000e+00	12
137	1.000000000000000e+00	8
138	1.000000000000000e+00	6
139	1.000000000000000e+00	2
140	1.000000000000000e+00	22
141	1.000000000000000e+00	22
142	1.000000000000000e+00	2
143	1.000000000000000e+00	20
144	1.000000000000000e+00	4
145	1.000000000000000e+00	10
146	1.000000000000000e+00	58
147	1.000000000000000e+00	6
148	1.000000000000000e+00	14
149	1.000000000000000e+00	8
150	1.000000000000000e+00	10
151	1.000000000000000e+00	4
152	1.000000000000000e+00	20
153	1.000000000000000e+00	6
154	1.000000000000000e+00	22
155	1.000000000000000e+00	8
156	1.000000000000000e+00	8
157	1.000000000000000e+00	8
158	1.000000000000000e+00	2
159	1.000000000000000e+00	18
160	1.000000000000000e+00	14
161	1.000000000000000e+00	12
162	1.000000000000000e+00	10
163	1.000000000000000e+00	4
164	1.000000000000000e+00	32
165	1.000000000000000e+00	36
166	1.000000000000000e+00	12
167	1.000000000000000e+00	16
168	1.000000000000000e+00	12
169	1.000000000000000e+00	4
170	1.000000000000000e+00	6
171	1.000000000000000e+00	10
172	1.000000000000000e+00	18
173	1.000000000000000e+00	22
174	1.000000000000000e+00	2
175	1.000000000000000e+00	10
176	1.000000000000000e+00	12
177	1.000000000000000e+00	8
178	1.000000000000000e+00	12
179	1.000000000000000e+00	4
180	1.000000000000000e+00	4
181	1.000000000000000e+00	16
182	1.000000000000000e+00	14
183	1.000000000000000e+00	16
184	1.000000000000000e+00	30
185	1.000000000000000e+00	4
186	1.000000000000000e+00	36
187	1.000000000000000e+00	2
188	1.000000000000000e+00	26
189	1.000000000000000e+00	18
190	1.000000000000000e+00	18
191	1.000000000000000e+00	10
192	1.000000000000000e+00	8
193	1.000000000000000e+00	10
194	1.000000000000000e+00	12
195	1.000000000000000e+00	34
196	1.000000000000000e+00	10
197	1.000000000000000e+00	8
198	1.000000000000000e+00	4
199	1.000000000000000e+00	10
200	1.000000000000000e+00	6
201	1.000000000000000e+00	6
202	1.000000000000000e+00	14
203	1.000000000000000e+00	6
204	1.000000000000000e+00	24
205	1.000000000000000e+00	2
206	1.000000000000000e+00	2
207	1.000000000000000e+00	4
208	1.000000000000000e+00	6
209	1.000000000000000e+00	12
210	1.000000000000000e+00	14
211	1.000000000000000e+00	4
212	1.000000000000000e+00	2
213	1.000000000000000e+00	2
214	1.000000000000000e+00	20
215	1.000000000000000e+00	8
216	1.000000000000000e+00	8
217	1.000000000000000e+00	10
218	1.000000000000000e+00	14
219	1.000000000000000e+00	14
220	1.000000000000000e+00	10
221	1.000000000000000e+00	8
222	1.000000000000000e+00	8
223	1.000000000000000e+00	42
224	1.000000000000000e+00	30
225	1.000000000000000e+00	8
226	1.000000000000000e+00	16
227	1.000000000000000e+00	24
228	1.000000000000000e+00	6
229	1.000000000000000e+00	22
230	1.000000000000000e+00	10
231	1.000000000000000e+00	4
232	1.000000000000000e+00	10
233	1.000000000000000e+00	4
234	1.000000000000000e+00	30
235	1.000000000000000e+00	14
236	1.000000000000000e+00	8
237	1.000000000000000e+00	26
238	1.000000000000000e+00	8
239	1.000000000000000e+00	18
240	1.000000000000000e+00	16
241	1.000000000000000e+00	22
242	1.000000000000000e+00	8
243	1.000000000000000e+00	32
244	1.000000000000000e+00	20
245	1.000000000000000e+00	4
246	1.000000000000000e+00	2
247	1.000000000000000e+00	14
248	1.000000000000000e+00	2
249	1.000000000000000e+00	6
250	1.000000000000000e+00	12
251	1.000000000000000e+00	2
252	1.000000000000000e+00	2
253	1.000000000000000e+00	4
254	1.000000000000000e+00	8
255	1.000000000000000e+00	2
256	1.000000000000000e+00	12
257	1.000000000000000e+00	4
258	1.000000000000000e+00	22
259	1.000000000000000e+00	10
260	1.000000000000000e+00	20
261	1.000000000000000e+00	14
262	1.000000000000000e+00	8
263	1.000000000000000e+00	16
264	1.000000000000000e+00	28
265	1.000000000000000e+00	10
266	1.000000000000000e+00	12
267	1.000000000000000e+00	24
268	1.000000000000000e+00	20
269	1.000000000000000e+00	2
270	1.000000000000000e+00	16
271	1.000000000000000e+00	14
272	1.000000000000000e+00	8
273	1.000000000000000e+00	14
274	1.000000000000000e+00	4
275	1.000000000000000e+00	4
276	1.000000000000000e+00	22
277	1.000000000000000e+00	2
278	1.000000000000000e+00	10
279	1.000000000000000e+00	2
280	1.000000000000000e+00	6
281	1.000000000000000e+00	14
282	1.000000000000000e+00	8
283	1.000000000000000e+00	24
284	1.000000000000000e+00	6
285	1.000000000000000e+00	14
286	1.000000000000000e+00	24
287	1.000000000000000e+00	10
288	1.000000000000000e+00	6
289	1.000000000000000e+00	24
290	1.000000000000000e+00	2
291	1.000000000000000e+00	18
292	1.000000000000000e+00	8
293	1.000000000000000e+00	2
294	1.000000000000000e+00	24
295	1.000000000000000e+00	4
296	1.000000000000000e+00	4
297	1.000000000000000e+00	24
298	1.000000000000000e+00	28
299	1.000000000000000e+00	12
300	1.000000000000000e+00	4
301	1.000000000000000e+00	2
302	1.000000000000000e+00	24
303	1.000000000000000e+00	8
304	1.000000000000000e+00	8
305	1.000000000000000e+00	4
306	1.000000000000000e+00	16
307	1.000000000000000e+00	6
308	1.000000000000000e+00	6
309	1.000000000000000e+00	12
310	1.000000000000000e+00	14
311	1.000000000000000e+00	20
312	1.000000000000000e+00	10
313	1.000000000000000e+00	32
314	1.000000000000000e+00	10
315	1.000000000000000e+00	10
316	1.000000000000000e+00	4
317	1.000000000000000e+00	2
318	1.000000000000000e+00	12
319	1.000000000000000e+00	10
320	1.000000000000000e+00	2
321	1.000000000000000e+00	2
322	1.000000000000000e+00	2
323	1.000000000000000e+00	6
324	1.000000000000000e+00	4
325	1.000000000000000e+00	18
326	1.000000000000000e+00	16
327	1.000000000000000e+00	22
328	1.000000000000000e+00	2
329	1.000000000000000e+00	6
330	1.000000000000000e+00	34
331	1.000000000000000e+00	18
332	1.000000000000000e+00	28
333	1.000000000000000e+00	20
334	1.000000000000000e+00	10
335	1.000000000000000e+00	6
336	1.000000000000000e+00	10
337	1.000000000000000e+00	10
338	1.000000000000000e+00	18
339	1.000000000000000e+00	4
340	1.000000000000000e+00	36
341	1.000000000000000e+00	30
342	1.000000000000000e+00	4
343	1.000000000000000e+00	4
344	1.000000000000000e+00	20
345	1.000000000000000e+00	6
346	1.000000000000000e+00	16
347	1.000000000000000e+00	26
348	1.000000000000000e+00	10
349	1.000000000000000e+00	2
350	1.000000000000000e+00	4
351	1.000000000000000e+00	2
352	9.499840598558027e-01	246
353	8.999956551186203e-01	270
354	8.499833391597054e-01	316
355	7.999726323851875e-01	296
356	7.499725944316339e-01	296
357	6.999789876699574e-01	286
358	6.499710655179139e-01	282
359	5.999652910863108e-01	300
360	5.499586616873892e-01	302
361	4.999672566218888e-01	306
362	4.999711555778339e-01	306
363	5.249622002067221e-01	274
364	5.499596397900560e-01	302
365	5.749589114128065e-01	196
366	5.999489137965960e-01	296
367	6.249431078208684e-01	326
368	6.499486951613556e-01	294
369	6.749409933370529e-01	298
370	6.999275444200757e-01	286
371	7.249292566801537e-01	320
372	7.499260431966308e-01	208
373	7.999100816719469e-01	310
374	8.498942649079413e-01	290
375	8.998875979852780e-01	282
376	9.498952954065114e-01	260
377	9.998843195486138e-01	272
378	9.998997484249929e-01	320
379	9.999198927279076e-01	280
380	9.999068576927994e-01	218
381	9.998910245608629e-01	284
382	9.998994138256535e-01	274
383	9.998828880081413e-01	272
384	9.998832244774852e-01	180
385	9.998818563919298e-01	206
386	9.998790511955586e-01	266
387	9.998885736958041e-01	322
388	9.998875358556546e-01	312
389	9.998852522639644e-01	226
390	9.998742099991095e-01	234
391	9.998598355334378e-01	320
392	9.998754372748858e-01	296
393	9.998559958080169e-01	284
394	9.998633246016705e-01	210
395	9.998666271461190e-01	190
396	9.998814949604973e-01	272
397	9.998652456563127e-01	320
398	9.998617076093155e-01	242
399	9.998593404379620e-01	284
400	9.998552319221869e-01	316
401	9.998502871414907e-01	306
402	9.998397775119133e-01	228
403	9.998521720165675e-01	248
404	9.998624412908399e-01	254
405	9.998488260831574e-01	268
406	9.998586463518410e-01	226
407	9.998611303064222e-01	264
408	9.998651758587326e-01	162
409	9.998550739404514e-01	258
410	9.998609992163031e-01	280
411	9.998413782286243e-01	300
412	9.998477767834976e-01	184
413	9.998565263135134e-01	282
414	9.998641695427967e-01	290
415	9.998538689516340e-01	198
416	9.998577462971763e-01	206
417	9.998517637772245e-01	270
418	9.998336403814478e-01	232
419	9.998256526435291e-01	298
420	9.998072077886578e-01	192
421	9.997873206546474e-01	274
422	9.997706286262129e-01	252
423	9.997878560340903e-01	252
424	9.997695089199345e-01	298
425	9.997510675580663e-01	248
426	9.997509039349212e-01	264
427	9.997503328425078e-01	298
428	9.997594549378631e-01	250
429	9.997488645099960e-01	338
430	9.997553601409350e-01	216
431	9.997520665746104e-01	304
432	9.997431752492831e-01	194
433	9.997371826879903e-01	292
434	9.997376050242375e-01	104
435	9.997221908605477e-01	230
436	9.997391970482886e-01	310
437	9.997301740571770e-01	252
438	9.997116618936277e-01	256
439	9.996989606735719e-01	304
440	9.996825904295009e-01	302
441	9.996943759726347e-01	274
442	9.996782117057779e-01	192
443	9.996707131036915e-01	286
444	9.996583801246475e-01	194
445	9.996509040560929e-01	270
446	9.996520743911140e-01	256
447	9.996371092068231e-01	280
448	9.996187604636552e-01	250
449	9.996195165934797e-01	260
450	9.996289159397588e-01	200
451	9.996186215459103e-01	256
452	9.996097953472813e-01	328
453	9.996025982878100e-01	240
454	9.995857206212228e-01	250
455	9.995819287550075e-01	126
456	9.995945296321684e-01	284
457	9.995799373325105e-01	206
458	9.995736003999895e-01	322
459	9.995753191291725e-01	276
460	9.995601893712084e-01	230
461	9.995458160338687e-01	308
462	9.995256896489118e-01	240
463	9.995350170011397e-01	288
464	9.995347116120447e-01	210
465	9.995303211380485e-01	282
466	9.995435047962141e-01	224
467	9.995472894113651e-01	262
468	9.995467547131601e-01	278
469	9.995545591279575e-01	260
470	9.995407178415102e-01	118
471	9.995591478710600e-01	250
472	9.995718366229628e-01	264
473	9.995669603831350e-01	280
474	9.995588411311193e-01	278
475	9.995652905878906e-01	244
476	9.995850979532679e-01	286
477	9.995685039229525e-01	274
478	9.995701815575767e-01	272
479	9.995652276679694e-01	306
480	9.995529745904509e-01	274
481	9.995562273959875e-01	236
482	9.995628607591645e-01	336
483	9.995821426648521e-01	290
484	9.996019331636942e-01	298
485	9.995838606439903e-01	326
486	9.995827184470873e-01	302
487	9.995920140086528e-01	242
488	9.995925130757757e-01	246
489	9.996083758085568e-01	284
490	9.996185697626133e-01	278
491	9.996379154771965e-01	280
492	9.996381865347349e-01	174
493	9.996436339075845e-01	276
494	9.996266158645067e-01	210
495	9.996064395032844e-01	318
496	9.996143462186690e-01	182
497	9.996166525870510e-01	256
498	9.996098018377515e-01	284
499	9.996082611690293e-01	288
500	9.996011070873645e-01	264
501	9.996147692579179e-01	198
502	9.996138840394752e-01	152
503	9.996155651124730e-01	330
504	9.996105611503761e-01	292
505	9.996277567094864e-01	314
506	9.996448892645279e-01	244
507	9.996521635945648e-01	306
508	9.996445454177076e-01	254
509	9.996265486279016e-01	264
510	9.996129415024010e-01	254
511	9.996012772391557e-01	278
512	9.995918664950794e-01	122
513	9.995717716563007e-01	306
514	9.995619811476001e-01	274
515	9.995648716946898e-01	284
516	9.995713599801043e-01	170
517	9.995685858409110e-01	320
518	9.995743987558214e-01	280
519	9.995657638053022e-01	298
520	9.995577450652520e-01	222
521	9.995432175302650e-01	316
522	9.995402928209021e-01	214
523	9.995256277241487e-01	292
524	9.995352306670878e-01	204
525	9.995394359241956e-01	154
526	9.995251257686101e-01	310
527	9.995156923263471e-01	198
528	9.995210381192092e-01	252
529	9.995161158832511e-01	302
530	9.995031871991421e-01	236
531	9.995119782000729e-01	152
532	9.995180520751074e-01	174
533	9.994993910512104e-01	214
534	9.995087824707219e-01	314
535	9.994991966905353e-01	300
536	9.994911464066444e-01	300
537	9.994785886347101e-01	254
538	9.994820125953534e-01	274
539	9.994740481453492e-01	298
540	9.994931449684432e-01	284
541	9.994973373344761e-01	302
542	9.994978956317107e-01	252
543	9.995172771689838e-01	352
544	9.995233416724161e-01	244
545	9.995180104784250e-01	270
546	9.995331089314038e-01	272
547	9.995246535540053e-01	282
548	9.995364066920872e-01	252
549	9.995482321630150e-01	292
550	9.995548590273672e-01	318
551	9.995666850038261e-01	308
552	9.995550694491215e-01	292
553	9.995438858537533e-01	280
554	9.995500145397697e-01	270
555	9.995525012751698e-01	290
556	9.995538862049288e-01	226
557	9.995679972193293e-01	312
558	9.995721763029837e-01	258
559	9.995804171466970e-01	226
560	9.995905954161058e-01	244
561	9.996060607934453e-01	230
562	9.995999184071424e-01	226
563	9.995866470686788e-01	280
564	9.996022374454669e-01	212
565	9.995934439912173e-01	256
566	9.996058215905168e-01	144
567	9.996192021159465e-01	308
568	9.996242953391905e-01	322
569	9.996075261862564e-01	118
570	9.996073091799618e-01	204
571	9.996127421834532e-01	300
572	9.996059108017077e-01	322
573	9.995988892761479e-01	316
574	9.995807309329511e-01	318
575	9.995729040595343e-01	244
576	9.995520400005700e-01	186
577	9.995388212869791e-01	274
578	9.995428810371171e-01	298
579	9.995362152239388e-01	230
580	9.995427191799394e-01	324
581	9.995561117763806e-01	232
582	9.995440087807952e-01	278
583	9.995598093710114e-01	280
584	9.995508615147694e-01	320
585	9.995630419145822e-01	296
586	9.995641711237530e-01	184
587	9.995494657233670e-01	236
588	9.995601388932642e-01	290
589	9.995677537117172e-01	140
590	9.995542137357236e-01	270
591	9.995457111930383e-01	306
592	9.995547918475191e-01	96
593	9.995530735859284e-01	294
594	9.995653486267128e-01	222
595	9.995582437871822e-01	264
596	9.995586206880691e-01	206
597	9.995468922948729e-01	244
598	9.995624076954901e-01	282
599	9.995586155875313e-01	250
600	9.995769850892180e-01	356
601	9.995824045944995e-01	312
602	9.995651490845398e-01	182
603	9.995478800055443e-01	278
604	9.995356662436756e-01	258
605	9.995403396944862e-01	246
606	9.995457162905331e-01	244
607	9.995332093866044e-01	250
608	9.995422095782848e-01	232
609	9.995404767631524e-01	280
610	9.995230422626401e-01	290
611	9.995390170469205e-01	246
612	9.995375175867924e-01	206
613	9.995322642727124e-01	302
614	9.995500602496549e-01	268
615	9.995589211134928e-01	300
616	9.995595862112333e-01	218
617	9.995699149671952e-01	194
618	9.995604066078378e-01	224
619	9.995528636274126e-01	286
620	9.995703256484821e-01	228
621	9.995527334948477e-01	282
622	9.995400489363685e-01	258
623	9.995443622543352e-01	220
624	9.995345804154354e-01	258
625	9.995213422011657e-01	272
626	9.995371162655692e-01	214
627	9.995346687606075e-01	314
628	9.995158272392233e-01	190
629	9.994964589114708e-01	256
630	9.994872716690248e-01	270
631	9.994995495119762e-01	278
632	9.995134313894857e-01	246
633	9.995203204186582e-01	254
634	9.995232445453899e-01	214
635	9.995061135910159e-01	210
636	9.995139397664556e-01	324
637	9.995033687246770e-01	258
638	9.995081664936275e-01	290
639	9.995255328399557e-01	266
640	9.995134514682363e-01	220
641	9.995158873055586e-01	216
642	9.995017620164964e-01	182
643	9.994830285392489e-01	334
644	9.994915642014858e-01	326
645	9.994923044312526e-01	300
646	9.994768245976605e-01	206
647	9.994634943822651e-01	276
648	9.994802360940407e-01	276
649	9.994788972439478e-01	268
650	9.994668162489915e-01	284
651	9.698819264251118e-01	268
652	9.369123123540790e-01	298
653	9.051385102721891e-01	260
654	8.745691104828663e-01	242
655	8.451785399672601e-01	290
656	8.170047635937909e-01	304
657	7.900238397928507e-01	290
658	7.642389895434678e-01	290
659	7.396611559200241e-01	244
660	7.162702379533551e-01	310
661	6.940782939463852e-01	222
662	6.730860948746884e-01	300
663	6.533062140094529e-01	306
664	6.347270466469702e-01	338
665	6.173424831662506e-01	284
666	6.011418621485511e-01	298
667	5.861573646684052e-01	256
668	5.723582306911724e-01	306
669	5.597718129712140e-01	338
670	5.483684813549186e-01	324
671	5.381717603636470e-01	206
672	5.291764072244768e-01	200
673	5.213867816600504e-01	308
674	5.147894775332837e-01	274
675	5.093941396927480e-01	264
676	5.051894591394577e-01	330
677	5.021946351990059e-01	324
678	5.003999904239838e-01	286
679	4.997923736665487e-01	240
680	5.003998109127763e-01	300
681	5.021983731971118e-01	276
682	5.052029849696829e-01	108
683	5.094032391917395e-01	206
684	5.148080723964620e-01	322
685	5.214011357407110e-01	214
686	5.291874436040379e-01	312
687	5.381830343454838e-01	362
688	5.483734831128811e-01	262
689	5.597591312655019e-01	290
690	5.723587707792619e-01	316
691	5.861513761255722e-01	292
692	6.011506632262457e-01	102
693	6.173426577451299e-01	266
694	6.347317708719221e-01	304
695	6.533207892459965e-01	274
696	6.731223771043020e-01	276
697	6.941061216867160e-01	260
698	7.162867453243347e-01	258
699	7.396743986175833e-01	182
700	7.642501189554052e-01	304
701	7.900349618372979e-01	248
702	8.170210310852051e-01	242
703	8.452193307102686e-01	334
704	8.745922977596324e-01	312
705	9.051618187309001e-01	284
706	9.369439418132891e-01	292
707	9.995282046265729e-01	256
708	9.995297074118473e-01	208
709	9.995272562940870e-01	112
710	9.995204848850955e-01	312
711	9.995079256021923e-01	282
712	9.994908507216991e-01	274
713	9.995089308385116e-01	290
714	9.995253214362171e-01	304
715	9.995080553771269e-01	252
716	9.995218695753971e-01	252
717	9.995041328872118e-01	218
718	9.995060741394622e-01	242
719	9.995219031366368e-01	272
720	9.995268763676669e-01	274
721	9.995179754378026e-01	242
722	9.994997579527418e-01	250
723	9.994854564925453e-01	228
724	9.994703365159702e-01	306
725	9.994688478842436e-01	280
726	9.994818350840130e-01	280
727	9.994847531093402e-01	294
728	9.994768060390057e-01	320
729	9.994746416256197e-01	260
730	9.994758642680168e-01	154
731	9.994847848520138e-01	226
732	9.994984197733536e-01	244
733	9.994964951023217e-01	288
734	9.995147486862175e-01	214
735	9.995166404376825e-01	256
736	9.995216662427702e-01	264
737	9.995326215649832e-01	336
738	9.995232927113532e-01	278
739	9.995337650088030e-01	294
740	9.995249902726162e-01	314
741	9.995447547337002e-01	304
742	9.995302222420638e-01	250
743	9.995185636080889e-01	310
744	9.995325128101582e-01	260
745	9.995161170761588e-01	284
746	9.995008803036592e-01	338
747	9.995031868943894e-01	206
748	9.995005775156517e-01	300
749	9.994833826038377e-01	256
750	9.994822404176953e-01	280
751	9.994997668292730e-01	310
752	9.994851580164663e-01	262
753	9.994779090871905e-01	296
754	9.994572406335632e-01	238
755	9.994351931520208e-01	284
756	9.994313208110207e-01	280
757	9.994194181665680e-01	302
758	9.994119275454045e-01	246
759	9.993988061507237e-01	312
760	9.994103705976574e-01	190
761	9.994176216440742e-01	316
762	9.994100687435959e-01	316
763	9.994142269465386e-01	248
764	9.994256145778724e-01	302
765	9.994414940864813e-01	310
766	9.994390123984896e-01	290
767	9.994330399225821e-01	304
768	9.994427527810310e-01	298
769	9.994365065665500e-01	284
770	9.994281661258130e-01	250
771	9.994171041233662e-01	258
772	9.994227541293390e-01	308
773	9.994264432149741e-01	246
774	9.994461794665624e-01	286
775	9.994411683066680e-01	296
776	9.994333081879549e-01	276
777	9.994284118415575e-01	258
778	9.994227574023323e-01	258
779	9.994112857840938e-01	324
780	9.994166727389825e-01	272
781	9.994146995316026e-01	254
782	9.994144904608072e-01	296
783	9.994291904124054e-01	258
784	9.994300134232627e-01	284
785	9.994507049361672e-01	218
786	9.994499949456869e-01	316
787	9.994434382798654e-01	274
788	9.994484281873292e-01	208
789	9.994628818736438e-01	298
790	9.994702492065396e-01	114
791	9.994888062670306e-01	190
792	9.994791269020388e-01	282
793	9.994782381299201e-01	212
794	9.994883723752164e-01	240
795	9.995075703932366e-01	338
796	9.994978049246654e-01	194
797	9.995056406089724e-01	278
798	9.995155561069654e-01	192
799	9.995132872536406e-01	178
800	9.995319806430671e-01	132
801	9.995159292124417e-01	222
802	9.995053482183205e-01	258
803	9.995255108629701e-01	316
804	9.995296330786524e-01	238
805	9.995252432360273e-01	298
806	9.995428621695746e-01	276
807	9.995472166047654e-01	240
808	9.995543360048049e-01	318
809	9.995492130282612e-01	194
810	9.995496520173796e-01	272
811	9.995652312246255e-01	324
812	9.995571821522883e-01	174
813	9.995565075707126e-01	206
814	9.995428556752307e-01	278
815	9.995230523498337e-01	288
816	9.995026966211409e-01	244
817	9.995018785376975e-01	286
818	9.995061382592343e-01	360
819	9.995005932182459e-01	284
820	9.994849056059110e-01	282
821	9.994703220849547e-01	278
822	9.994644055435730e-01	244
823	9.994800554142098e-01	274
824	9.994694103065997e-01	142
825	9.994829213965382e-01	316
826	9.994829679174279e-01	196
827	9.994933841322773e-01	196
828	9.995065383916893e-01	344
829	9.995240473944685e-01	282
830	9.995416500047452e-01	208
831	9.995332193725320e-01	314
832	9.995356124578638e-01	274
833	9.995327718567286e-01	248
834	9.995343869567325e-01	270
835	9.995150442918419e-01	210
836	9.995112564984499e-01	208
837	9.995262849065955e-01	316
838	9.995367254565458e-01	242
839	9.995286909834307e-01	264
840	9.995294514184083e-01	238
841	9.995161550097026e-01	274
842	9.995295445495816e-01	234
843	9.995356431161159e-01	266
844	9.995238162636169e-01	258
845	9.995259450331885e-01	280
846	9.995434444132234e-01	288
847	9.995424991124809e-01	166
848	9.995299388064049e-01	168
849	9.995464453367890e-01	320
850	9.995506990440026e-01	180
851	9.995469745502759e-01	196
852	9.995505085445420e-01	302
853	9.995642961932688e-01	268
854	9.995501187519177e-01	274
855	9.995555127566030e-01	284
856	9.995485962484516e-01	190
857	9.995443548170676e-01	98
858	9.995347334602944e-01	218
859	9.995487676783874e-01	316
860	9.995658976225429e-01	184
861	9.995672026591687e-01	264
862	9.995526153505371e-01	304
863	9.995582236237599e-01	268
864	9.995503772389950e-01	154
865	9.995657143310540e-01	346
866	9.995835265125445e-01	298
867	9.996038770578347e-01	296
868	9.996252537101875e-01	312
869	9.996242435957469e-01	240
870	9.996355641180681e-01	174
871	9.996216047675466e-01	250
872	9.996150681556957e-01	288
873	9.996175817002358e-01	280
874	9.995999761694890e-01	290
875	9.995981014590494e-01	298
876	9.995785637558532e-01	192
877	9.995752761386243e-01	298
878	9.995826805607619e-01	284
879	9.995687112062476e-01	254
880	9.995596749438349e-01	274
881	9.995458213042575e-01	262
882	9.995434598531181e-01	284
883	9.995368291072203e-01	266
884	9.995164907920912e-01	266
885	9.995306198702621e-01	262
886	9.995364040056578e-01	220
887	9.995366308531390e-01	288
888	9.995246521841089e-01	284
889	9.995408344553633e-01	224
890	9.995362302337913e-01	318
891	9.995341232736307e-01	262
892	9.995469236956055e-01	316
893	9.995632363929943e-01	234
894	9.995807988699004e-01	272
895	9.995806527386942e-01	228
896	9.995684388090562e-01	272
897	9.995683753762495e-01	262
898	9.995600449490076e-01	268
899	9.995453227161089e-01	240
900	9.995458824110766e-01	188
901	9.995561812028492e-01	282
902	9.995658951754858e-01	220
903	9.995558646557791e-01	344
904	9.995433179378597e-01	174
905	9.995246455656113e-01	154
906	9.995237752470842e-01	306
907	9.995243774216805e-01	254
908	9.995357682410266e-01	312
909	9.995281589850661e-01	134
910	9.995261101374961e-01	274
911	9.995329129027615e-01	224
912	9.995298777405297e-01	304
913	9.995504529447033e-01	204
914	9.995517212609560e-01	262
915	9.995398128864900e-01	26
916	9.995379291534175e-01	316
917	9.995303865773036e-01	262
918	9.995165167405979e-01	274
919	9.995372060506608e-01	258
920	9.995444838532415e-01	330
921	9.995423515617419e-01	272
922	9.995397737606763e-01	114
923	9.995416427759637e-01	288
924	9.995275311277408e-01	226
925	9.995229599623542e-01	264
926	9.995064609924039e-01	306
927	9.995106529888662e-01	318
928	9.995053284916714e-01	320
929	9.994972894173578e-01	260
930	9.995007925468117e-01	232
931	9.994945179325402e-01	270
932	9.995100582750077e-01	286
933	9.995258088764716e-01	290
934	9.995365028243548e-01	246
935	9.995211791696557e-01	302
936	9.995100075229344e-01	328
937	9.995111514441778e-01	324
938	9.994949930917691e-01	286
939	9.994851170944082e-01	286
940	9.994890951521302e-01	256
941	9.994820176242211e-01	224
942	9.994830065892450e-01	266
943	9.994744522382965e-01	314
944	9.994616710687572e-01	174
945	9.994647260447931e-01	248
946	9.994783487709343e-01	274
947	9.994761223552734e-01	286
948	9.994867100184091e-01	256
949	9.994748680876158e-01	308
950	9.994683565380819e-01	282
951	9.994875448650528e-01	282
952	9.995060446756953e-01	268
953	9.995000329383165e-01	306
954	9.995056080521687e-01	246
955	9.995263968408316e-01	150
956	9.995181271927981e-01	272
957	9.995349489774235e-01	252
958	9.995186128225465e-01	298
959	9.995181966739648e-01	328
960	9.995044003757869e-01	234
961	9.995234496233012e-01	298
962	9.995140618486651e-01	278
963	9.995226813196206e-01	270
964	9.995305899919982e-01	278
965	9.995177818223066e-01	310
966	9.995166337431906e-01	266
967	9.995211577007097e-01	274
968	9.995389372065393e-01	260
969	9.995301779569850e-01	278
970	9.995454118470729e-01	250
971	9.995374783393257e-01	194
972	9.995424282600259e-01	278
973	9.995276126321760e-01	300
974	9.995131224621810e-01	340
975	9.995010993172860e-01	276
976	9.994837760181422e-01	276
977	9.994715395257717e-01	134
978	9.994627454980233e-01	268
979	9.994630276066846e-01	328
980	9.994530965611581e-01	220
981	9.994546326544075e-01	180
982	9.994621970112184e-01	258
983	9.994535375624277e-01	238
984	9.994514564796829e-01	334
985	9.994711956711175e-01	282
986	9.994680237595261e-01	224
987	9.994863339387519e-01	312
988	9.994875991681256e-01	244
989	9.995016288875523e-01	232
990	9.995161246920943e-01	276
991	9.995258074452327e-01	20
992	9.995209367680561e-01	308
993	9.995293965166159e-01	228
994	9.995161478597842e-01	266
995	9.995302418800740e-01	276
996	9.995362130208036e-01	272
997	9.995358093721350e-01	250
998	9.995282350266111e-01	314
999	9.995168202832312e-01	222
1000	9.995190664775775e-01	266


Tempo gasto: 88.247700
