Método usado: LUUS JAAKOLA

POSIÇÃO	ÁREA(mm²)	CUSTO

1	1.000000000000000e+00	8
2	1.000000000000000e+00	16
3	1.000000000000000e+00	2
4	1.000000000000000e+00	6
5	1.000000000000000e+00	2
6	1.000000000000000e+00	2
7	1.000000000000000e+00	6
8	1.000000000000000e+00	4
9	1.000000000000000e+00	16
10	1.000000000000000e+00	6
11	1.000000000000000e+00	4
12	1.000000000000000e+00	6
13	1.000000000000000e+00	60
14	1.000000000000000e+00	8
15	1.000000000000000e+00	20
16	1.000000000000000e+00	4
17	1.000000000000000e+00	8
18	1.000000000000000e+00	28
19	1.000000000000000e+00	10
20	1.000000000000000e+00	6
21	1.000000000000000e+00	6
22	1.000000000000000e+00	6
23	1.000000000000000e+00	20
24	1.000000000000000e+00	10
25	1.000000000000000e+00	4
26	1.000000000000000e+00	8
27	1.000000000000000e+00	6
28	1.000000000000000e+00	6
29	1.000000000000000e+00	2
30	1.000000000000000e+00	2
31	1.000000000000000e+00	30
32	1.000000000000000e+00	10
33	1.000000000000000e+00	10
34	1.000000000000000e+00	2
35	1.000000000000000e+00	6
36	1.000000000000000e+00	4
37	1.000000000000000e+00	16
38	1.000000000000000e+00	24
39	1.000000000000000e+00	36
40	1.000000000000000e+00	10
41	1.000000000000000e+00	4
42	1.000000000000000e+00	2
43	1.000000000000000e+00	6
44	1.000000000000000e+00	28
45	1.000000000000000e+00	6
46	1.000000000000000e+00	8
47	1.000000000000000e+00	10
48	1.000000000000000e+00	2
49	1.000000000000000e+00	12
50	1.000000000000000e+00	4
51	1.000000000000000e+00	6
52	1.000000000000000e+00	40
53	1.000000000000000e+00	2
54	1.000000000000000e+00	14
55	1.000000000000000e+00	10
56	1.000000000000000e+00	18
57	1.000000000000000e+00	34
58	1.000000000000000e+00	2
59	1.000000000000000e+00	4
60	1.000000000000000e+00	2
61	1.000000000000000e+00	6
62	1.000000000000000e+00	10
63	1.000000000000000e+00	8
64	1.000000000000000e+00	6
65	1.000000000000000e+00	2
66	1.000000000000000e+00	36
67	1.000000000000000e+00	14
68	1.000000000000000e+00	4
69	1.000000000000000e+00	10
70	1.000000000000000e+00	6
71	1.000000000000000e+00	4
72	1.000000000000000e+00	20
73	1.000000000000000e+00	2
74	1.000000000000000e+00	14
75	1.000000000000000e+00	6
76	1.000000000000000e+00	12
77	1.000000000000000e+00	4
78	1.000000000000000e+00	12
79	1.000000000000000e+00	12
80	1.000000000000000e+00	4
81	1.000000000000000e+00	12
82	1.000000000000000e+00	30
83	1.000000000000000e+00	2
84	1.000000000000000e+00	2
85	1.000000000000000e+00	2
86	1.000000000000000e+00	42
87	1.000000000000000e+00	10
88	1.000000000000000e+00	4
89	1.000000000000000e+00	2
90	1.000000000000000e+00	2
91	1.000000000000000e+00	34
92	1.000000000000000e+00	2
93	1.000000000000000e+00	4
94	1.000000000000000e+00	44
95	1.000000000000000e+00	10
96	1.000000000000000e+00	12
97	1.000000000000000e+00	4
98	1.000000000000000e+00	6
99	1.000000000000000e+00	2
100	1.000000000000000e+00	2
101	1.000000000000000e+00	4
102	1.000000000000000e+00	8
103	1.000000000000000e+00	8
104	1.000000000000000e+00	10
105	1.000000000000000e+00	12
106	1.000000000000000e+00	4
107	1.000000000000000e+00	8
108	1.000000000000000e+00	38
109	1.000000000000000e+00	22
110	1.000000000000000e+00	30
111	1.000000000000000e+00	8
112	1.000000000000000e+00	12
113	1.000000000000000e+00	24
114	1.000000000000000e+00	18
115	1.000000000000000e+00	12
116	1.000000000000000e+00	14
117	1.000000000000000e+00	4
118	1.000000000000000e+00	10
119	1.000000000000000e+00	16
120	1.000000000000000e+00	2
121	1.000000000000000e+00	4
122	1.000000000000000e+00	12
123	1.000000000000000e+00	8
124	1.000000000000000e+00	10
125	1.000000000000000e+00	10
126	1.000000000000000e+00	4
127	1.000000000000000e+00	2
128	1.000000000000000e+00	24
129	1.000000000000000e+00	18
130	1.000000000000000e+00	10
131	1.000000000000000e+00	2
132	1.000000000000000e+00	4
133	1.000000000000000e+00	28
134	1.000000000000000e+00	28
135	1.000000000000000e+00	6
136	1.000000000000000e+00	2
137	1.000000000000000e+00	6
138	1.000000000000000e+00	22
139	1.000000000000000e+00	12
140	1.000000000000000e+00	12
141	1.000000000000000e+00	8
142	1.000000000000000e+00	4
143	1.000000000000000e+00	16
144	1.000000000000000e+00	10
145	1.000000000000000e+00	24
146	1.000000000000000e+00	24
147	1.000000000000000e+00	12
148	1.000000000000000e+00	4
149	1.000000000000000e+00	22
150	1.000000000000000e+00	10
151	1.000000000000000e+00	4
152	1.000000000000000e+00	18
153	1.000000000000000e+00	16
154	1.000000000000000e+00	2
155	1.000000000000000e+00	14
156	1.000000000000000e+00	16
157	1.000000000000000e+00	10
158	1.000000000000000e+00	4
159	1.000000000000000e+00	6
160	1.000000000000000e+00	6
161	1.000000000000000e+00	24
162	1.000000000000000e+00	6
163	1.000000000000000e+00	40
164	1.000000000000000e+00	2
165	1.000000000000000e+00	4
166	1.000000000000000e+00	6
167	1.000000000000000e+00	2
168	1.000000000000000e+00	52
169	1.000000000000000e+00	14
170	1.000000000000000e+00	4
171	1.000000000000000e+00	32
172	1.000000000000000e+00	32
173	1.000000000000000e+00	4
174	1.000000000000000e+00	10
175	1.000000000000000e+00	28
176	1.000000000000000e+00	48
177	1.000000000000000e+00	28
178	1.000000000000000e+00	18
179	1.000000000000000e+00	8
180	1.000000000000000e+00	8
181	1.000000000000000e+00	14
182	1.000000000000000e+00	12
183	1.000000000000000e+00	14
184	1.000000000000000e+00	14
185	1.000000000000000e+00	16
186	1.000000000000000e+00	2
187	1.000000000000000e+00	12
188	1.000000000000000e+00	14
189	1.000000000000000e+00	14
190	1.000000000000000e+00	6
191	1.000000000000000e+00	8
192	1.000000000000000e+00	22
193	1.000000000000000e+00	8
194	1.000000000000000e+00	2
195	1.000000000000000e+00	20
196	1.000000000000000e+00	20
197	1.000000000000000e+00	2
198	1.000000000000000e+00	12
199	1.000000000000000e+00	2
200	1.000000000000000e+00	12
201	1.000000000000000e+00	16
202	1.000000000000000e+00	24
203	1.000000000000000e+00	2
204	1.000000000000000e+00	6
205	1.000000000000000e+00	20
206	1.000000000000000e+00	8
207	1.000000000000000e+00	2
208	1.000000000000000e+00	12
209	1.000000000000000e+00	4
210	1.000000000000000e+00	8
211	1.000000000000000e+00	18
212	1.000000000000000e+00	36
213	1.000000000000000e+00	16
214	1.000000000000000e+00	2
215	1.000000000000000e+00	14
216	1.000000000000000e+00	10
217	1.000000000000000e+00	24
218	1.000000000000000e+00	14
219	1.000000000000000e+00	8
220	1.000000000000000e+00	22
221	1.000000000000000e+00	8
222	1.000000000000000e+00	34
223	1.000000000000000e+00	42
224	1.000000000000000e+00	8
225	1.000000000000000e+00	8
226	1.000000000000000e+00	18
227	1.000000000000000e+00	24
228	1.000000000000000e+00	4
229	1.000000000000000e+00	18
230	1.000000000000000e+00	10
231	1.000000000000000e+00	8
232	1.000000000000000e+00	16
233	1.000000000000000e+00	6
234	1.000000000000000e+00	18
235	1.000000000000000e+00	6
236	1.000000000000000e+00	12
237	1.000000000000000e+00	6
238	1.000000000000000e+00	18
239	1.000000000000000e+00	18
240	1.000000000000000e+00	10
241	1.000000000000000e+00	8
242	1.000000000000000e+00	12
243	1.000000000000000e+00	6
244	1.000000000000000e+00	6
245	1.000000000000000e+00	2
246	1.000000000000000e+00	10
247	1.000000000000000e+00	30
248	1.000000000000000e+00	42
249	1.000000000000000e+00	2
250	1.000000000000000e+00	6
251	1.000000000000000e+00	6
252	1.000000000000000e+00	20
253	1.000000000000000e+00	14
254	1.000000000000000e+00	8
255	1.000000000000000e+00	30
256	1.000000000000000e+00	8
257	1.000000000000000e+00	14
258	1.000000000000000e+00	4
259	1.000000000000000e+00	14
260	1.000000000000000e+00	6
261	1.000000000000000e+00	32
262	1.000000000000000e+00	4
263	1.000000000000000e+00	4
264	1.000000000000000e+00	22
265	1.000000000000000e+00	16
266	1.000000000000000e+00	8
267	1.000000000000000e+00	6
268	1.000000000000000e+00	8
269	1.000000000000000e+00	4
270	1.000000000000000e+00	28
271	1.000000000000000e+00	18
272	1.000000000000000e+00	10
273	1.000000000000000e+00	12
274	1.000000000000000e+00	24
275	1.000000000000000e+00	42
276	1.000000000000000e+00	26
277	1.000000000000000e+00	2
278	1.000000000000000e+00	2
279	1.000000000000000e+00	8
280	1.000000000000000e+00	6
281	1.000000000000000e+00	10
282	1.000000000000000e+00	10
283	1.000000000000000e+00	12
284	1.000000000000000e+00	6
285	1.000000000000000e+00	12
286	1.000000000000000e+00	6
287	1.000000000000000e+00	18
288	1.000000000000000e+00	20
289	1.000000000000000e+00	12
290	1.000000000000000e+00	4
291	1.000000000000000e+00	16
292	1.000000000000000e+00	10
293	1.000000000000000e+00	28
294	1.000000000000000e+00	16
295	1.000000000000000e+00	6
296	1.000000000000000e+00	10
297	1.000000000000000e+00	18
298	1.000000000000000e+00	20
299	1.000000000000000e+00	4
300	1.000000000000000e+00	12
301	1.000000000000000e+00	22
302	1.000000000000000e+00	14
303	1.000000000000000e+00	14
304	1.000000000000000e+00	6
305	1.000000000000000e+00	18
306	1.000000000000000e+00	10
307	1.000000000000000e+00	4
308	1.000000000000000e+00	2
309	1.000000000000000e+00	2
310	1.000000000000000e+00	20
311	1.000000000000000e+00	18
312	1.000000000000000e+00	32
313	1.000000000000000e+00	10
314	1.000000000000000e+00	6
315	1.000000000000000e+00	8
316	1.000000000000000e+00	16
317	1.000000000000000e+00	4
318	1.000000000000000e+00	20
319	1.000000000000000e+00	10
320	1.000000000000000e+00	2
321	1.000000000000000e+00	2
322	1.000000000000000e+00	14
323	1.000000000000000e+00	2
324	1.000000000000000e+00	34
325	1.000000000000000e+00	8
326	1.000000000000000e+00	20
327	1.000000000000000e+00	8
328	1.000000000000000e+00	2
329	1.000000000000000e+00	6
330	1.000000000000000e+00	2
331	1.000000000000000e+00	16
332	1.000000000000000e+00	12
333	1.000000000000000e+00	10
334	1.000000000000000e+00	6
335	1.000000000000000e+00	8
336	1.000000000000000e+00	14
337	1.000000000000000e+00	14
338	1.000000000000000e+00	4
339	1.000000000000000e+00	2
340	1.000000000000000e+00	10
341	1.000000000000000e+00	8
342	1.000000000000000e+00	18
343	1.000000000000000e+00	4
344	1.000000000000000e+00	4
345	1.000000000000000e+00	24
346	1.000000000000000e+00	12
347	1.000000000000000e+00	20
348	1.000000000000000e+00	2
349	1.000000000000000e+00	4
350	1.000000000000000e+00	2
351	1.000000000000000e+00	14
352	9.500188422570297e-01	280
353	9.000172900527842e-01	220
354	8.500285025949852e-01	292
355	8.000230993829924e-01	294
356	7.500207315919160e-01	298
357	7.000098566692584e-01	284
358	6.500210296501627e-01	244
359	6.000296116308855e-01	300
360	5.500374640739389e-01	348
361	5.000269498073955e-01	332
362	5.000312347031465e-01	296
363	5.250280993156488e-01	240
364	5.500319132770063e-01	190
365	5.750256946168808e-01	324
366	6.000359373780119e-01	326
367	6.250468791856097e-01	292
368	6.500556396301540e-01	290
369	6.750500100917244e-01	238
370	7.000453126519804e-01	308
371	7.250554988147965e-01	310
372	7.500542374458090e-01	268
373	8.000718895727210e-01	238
374	8.500772638446538e-01	316
375	9.000936046745130e-01	240
376	9.501010647760392e-01	258
377	1.000000000000000e+00	1000
378	1.000000000000000e+00	36
379	1.000000000000000e+00	16
380	1.000000000000000e+00	14
381	1.000000000000000e+00	8
382	1.000000000000000e+00	46
383	1.000000000000000e+00	2
384	1.000000000000000e+00	2
385	1.000000000000000e+00	4
386	1.000000000000000e+00	6
387	1.000000000000000e+00	8
388	1.000000000000000e+00	4
389	1.000000000000000e+00	2
390	1.000000000000000e+00	14
391	1.000000000000000e+00	12
392	1.000000000000000e+00	6
393	1.000000000000000e+00	6
394	1.000000000000000e+00	2
395	1.000000000000000e+00	4
396	1.000000000000000e+00	6
397	1.000000000000000e+00	2
398	1.000000000000000e+00	2
399	1.000000000000000e+00	8
400	1.000000000000000e+00	14
401	1.000000000000000e+00	12
402	1.000000000000000e+00	4
403	1.000000000000000e+00	40
404	1.000000000000000e+00	4
405	1.000000000000000e+00	16
406	1.000000000000000e+00	10
407	1.000000000000000e+00	2
408	1.000000000000000e+00	16
409	1.000000000000000e+00	32
410	1.000000000000000e+00	12
411	1.000000000000000e+00	14
412	1.000000000000000e+00	18
413	1.000000000000000e+00	14
414	1.000000000000000e+00	4
415	1.000000000000000e+00	4
416	1.000000000000000e+00	16
417	1.000000000000000e+00	10
418	1.000000000000000e+00	18
419	1.000000000000000e+00	8
420	1.000000000000000e+00	12
421	1.000000000000000e+00	6
422	1.000000000000000e+00	20
423	1.000000000000000e+00	22
424	1.000000000000000e+00	2
425	1.000000000000000e+00	22
426	1.000000000000000e+00	26
427	1.000000000000000e+00	4
428	1.000000000000000e+00	12
429	1.000000000000000e+00	4
430	1.000000000000000e+00	8
431	1.000000000000000e+00	8
432	1.000000000000000e+00	4
433	1.000000000000000e+00	26
434	1.000000000000000e+00	2
435	1.000000000000000e+00	14
436	1.000000000000000e+00	4
437	1.000000000000000e+00	6
438	1.000000000000000e+00	16
439	1.000000000000000e+00	4
440	1.000000000000000e+00	4
441	1.000000000000000e+00	2
442	1.000000000000000e+00	6
443	1.000000000000000e+00	14
444	1.000000000000000e+00	20
445	1.000000000000000e+00	4
446	1.000000000000000e+00	12
447	1.000000000000000e+00	10
448	1.000000000000000e+00	10
449	1.000000000000000e+00	34
450	1.000000000000000e+00	14
451	1.000000000000000e+00	16
452	1.000000000000000e+00	6
453	1.000000000000000e+00	2
454	1.000000000000000e+00	6
455	1.000000000000000e+00	4
456	1.000000000000000e+00	14
457	1.000000000000000e+00	46
458	1.000000000000000e+00	4
459	1.000000000000000e+00	10
460	1.000000000000000e+00	26
461	1.000000000000000e+00	12
462	1.000000000000000e+00	10
463	1.000000000000000e+00	18
464	1.000000000000000e+00	8
465	1.000000000000000e+00	26
466	1.000000000000000e+00	16
467	1.000000000000000e+00	4
468	1.000000000000000e+00	36
469	1.000000000000000e+00	6
470	1.000000000000000e+00	26
471	1.000000000000000e+00	22
472	1.000000000000000e+00	6
473	1.000000000000000e+00	12
474	1.000000000000000e+00	8
475	1.000000000000000e+00	4
476	1.000000000000000e+00	6
477	1.000000000000000e+00	8
478	1.000000000000000e+00	8
479	1.000000000000000e+00	22
480	1.000000000000000e+00	30
481	1.000000000000000e+00	22
482	1.000000000000000e+00	4
483	1.000000000000000e+00	6
484	1.000000000000000e+00	12
485	1.000000000000000e+00	16
486	1.000000000000000e+00	2
487	1.000000000000000e+00	6
488	1.000000000000000e+00	20
489	1.000000000000000e+00	10
490	1.000000000000000e+00	6
491	1.000000000000000e+00	8
492	1.000000000000000e+00	8
493	1.000000000000000e+00	62
494	1.000000000000000e+00	14
495	1.000000000000000e+00	6
496	1.000000000000000e+00	6
497	1.000000000000000e+00	10
498	1.000000000000000e+00	24
499	1.000000000000000e+00	4
500	1.000000000000000e+00	8
501	1.000000000000000e+00	20
502	1.000000000000000e+00	20
503	1.000000000000000e+00	22
504	1.000000000000000e+00	6
505	1.000000000000000e+00	14
506	1.000000000000000e+00	16
507	1.000000000000000e+00	12
508	1.000000000000000e+00	18
509	1.000000000000000e+00	20
510	1.000000000000000e+00	2
511	1.000000000000000e+00	8
512	1.000000000000000e+00	18
513	1.000000000000000e+00	12
514	1.000000000000000e+00	10
515	1.000000000000000e+00	8
516	1.000000000000000e+00	4
517	1.000000000000000e+00	8
518	1.000000000000000e+00	28
519	1.000000000000000e+00	6
520	1.000000000000000e+00	6
521	1.000000000000000e+00	6
522	1.000000000000000e+00	6
523	1.000000000000000e+00	22
524	1.000000000000000e+00	18
525	1.000000000000000e+00	16
526	1.000000000000000e+00	8
527	1.000000000000000e+00	2
528	1.000000000000000e+00	6
529	1.000000000000000e+00	8
530	1.000000000000000e+00	6
531	1.000000000000000e+00	24
532	1.000000000000000e+00	2
533	1.000000000000000e+00	14
534	1.000000000000000e+00	16
535	1.000000000000000e+00	16
536	1.000000000000000e+00	10
537	1.000000000000000e+00	16
538	1.000000000000000e+00	6
539	1.000000000000000e+00	6
540	1.000000000000000e+00	2
541	1.000000000000000e+00	2
542	1.000000000000000e+00	18
543	1.000000000000000e+00	6
544	1.000000000000000e+00	14
545	1.000000000000000e+00	24
546	1.000000000000000e+00	12
547	1.000000000000000e+00	24
548	1.000000000000000e+00	12
549	1.000000000000000e+00	2
550	1.000000000000000e+00	20
551	1.000000000000000e+00	10
552	1.000000000000000e+00	2
553	1.000000000000000e+00	2
554	1.000000000000000e+00	24
555	1.000000000000000e+00	26
556	1.000000000000000e+00	4
557	1.000000000000000e+00	4
558	1.000000000000000e+00	12
559	1.000000000000000e+00	28
560	1.000000000000000e+00	4
561	1.000000000000000e+00	14
562	1.000000000000000e+00	2
563	1.000000000000000e+00	2
564	1.000000000000000e+00	2
565	1.000000000000000e+00	20
566	1.000000000000000e+00	6
567	1.000000000000000e+00	24
568	1.000000000000000e+00	18
569	1.000000000000000e+00	10
570	1.000000000000000e+00	6
571	1.000000000000000e+00	8
572	1.000000000000000e+00	30
573	1.000000000000000e+00	52
574	1.000000000000000e+00	4
575	1.000000000000000e+00	14
576	1.000000000000000e+00	6
577	1.000000000000000e+00	2
578	1.000000000000000e+00	26
579	1.000000000000000e+00	10
580	1.000000000000000e+00	12
581	1.000000000000000e+00	14
582	1.000000000000000e+00	2
583	1.000000000000000e+00	40
584	1.000000000000000e+00	2
585	1.000000000000000e+00	6
586	1.000000000000000e+00	4
587	1.000000000000000e+00	4
588	1.000000000000000e+00	28
589	1.000000000000000e+00	2
590	1.000000000000000e+00	10
591	1.000000000000000e+00	14
592	1.000000000000000e+00	22
593	1.000000000000000e+00	6
594	1.000000000000000e+00	10
595	1.000000000000000e+00	12
596	1.000000000000000e+00	24
597	1.000000000000000e+00	14
598	1.000000000000000e+00	2
599	1.000000000000000e+00	4
600	1.000000000000000e+00	14
601	1.000000000000000e+00	8
602	1.000000000000000e+00	16
603	1.000000000000000e+00	22
604	1.000000000000000e+00	10
605	1.000000000000000e+00	2
606	1.000000000000000e+00	8
607	1.000000000000000e+00	22
608	1.000000000000000e+00	4
609	1.000000000000000e+00	12
610	1.000000000000000e+00	4
611	1.000000000000000e+00	2
612	1.000000000000000e+00	4
613	1.000000000000000e+00	12
614	1.000000000000000e+00	10
615	1.000000000000000e+00	10
616	1.000000000000000e+00	14
617	1.000000000000000e+00	16
618	1.000000000000000e+00	12
619	1.000000000000000e+00	8
620	1.000000000000000e+00	20
621	1.000000000000000e+00	2
622	1.000000000000000e+00	8
623	1.000000000000000e+00	6
624	1.000000000000000e+00	4
625	1.000000000000000e+00	12
626	1.000000000000000e+00	12
627	1.000000000000000e+00	14
628	1.000000000000000e+00	20
629	1.000000000000000e+00	16
630	1.000000000000000e+00	4
631	1.000000000000000e+00	2
632	1.000000000000000e+00	16
633	1.000000000000000e+00	2
634	1.000000000000000e+00	14
635	1.000000000000000e+00	4
636	1.000000000000000e+00	26
637	1.000000000000000e+00	6
638	1.000000000000000e+00	22
639	1.000000000000000e+00	16
640	1.000000000000000e+00	12
641	1.000000000000000e+00	4
642	1.000000000000000e+00	2
643	1.000000000000000e+00	18
644	1.000000000000000e+00	6
645	1.000000000000000e+00	8
646	1.000000000000000e+00	14
647	1.000000000000000e+00	22
648	1.000000000000000e+00	4
649	1.000000000000000e+00	10
650	1.000000000000000e+00	10
651	9.704039193440329e-01	276
652	9.373882089882047e-01	256
653	9.055962221935298e-01	248
654	8.750095061707559e-01	272
655	8.456166489746129e-01	214
656	8.174119216182906e-01	308
657	7.904119380304325e-01	230
658	7.646231667137277e-01	244
659	7.400279115554471e-01	242
660	7.166200675173888e-01	222
661	6.944209870881015e-01	248
662	6.734165289757845e-01	342
663	6.536112770008901e-01	252
664	6.350087739186457e-01	314
665	6.176083824664057e-01	226
666	6.013975913787460e-01	336
667	5.863878541628483e-01	338
668	5.725885179243411e-01	292
669	5.599824837382005e-01	302
670	5.485900107524153e-01	178
671	5.383794953920826e-01	296
672	5.293852936882202e-01	258
673	5.215769656180498e-01	314
674	5.149777655062323e-01	90
675	5.095853743288442e-01	312
676	5.053925369768205e-01	312
677	5.024007291661884e-01	294
678	5.005989123602762e-01	306
679	5.000036102573843e-01	330
680	5.006119829093684e-01	320
681	5.024057261286157e-01	312
682	5.053998321452854e-01	238
683	5.095957022711661e-01	324
684	5.149995694836474e-01	298
685	5.215930380351618e-01	276
686	5.293911231800802e-01	210
687	5.383900902450223e-01	358
688	5.485974978178846e-01	308
689	5.599893347626924e-01	254
690	5.725872871017723e-01	328
691	5.863836334553971e-01	302
692	6.013942048088959e-01	190
693	6.176024376199024e-01	222
694	6.350127972742428e-01	278
695	6.536257047614318e-01	222
696	6.734258849008175e-01	266
697	6.944252356348709e-01	324
698	7.166377127121244e-01	270
699	7.400324005740468e-01	274
700	7.646189482008002e-01	230
701	7.904127591885390e-01	262
702	8.174051962421875e-01	240
703	8.455889047408384e-01	286
704	8.749983155631817e-01	284
705	9.055899233093140e-01	252
706	9.374024159481980e-01	292
707	1.000000000000000e+00	6
708	1.000000000000000e+00	12
709	1.000000000000000e+00	10
710	1.000000000000000e+00	24
711	1.000000000000000e+00	6
712	1.000000000000000e+00	24
713	1.000000000000000e+00	20
714	1.000000000000000e+00	10
715	1.000000000000000e+00	24
716	1.000000000000000e+00	24
717	1.000000000000000e+00	40
718	1.000000000000000e+00	8
719	1.000000000000000e+00	22
720	1.000000000000000e+00	6
721	1.000000000000000e+00	18
722	1.000000000000000e+00	2
723	1.000000000000000e+00	4
724	1.000000000000000e+00	12
725	1.000000000000000e+00	10
726	1.000000000000000e+00	2
727	1.000000000000000e+00	10
728	1.000000000000000e+00	16
729	1.000000000000000e+00	12
730	1.000000000000000e+00	8
731	1.000000000000000e+00	18
732	1.000000000000000e+00	4
733	1.000000000000000e+00	8
734	1.000000000000000e+00	6
735	1.000000000000000e+00	4
736	1.000000000000000e+00	6
737	1.000000000000000e+00	6
738	1.000000000000000e+00	18
739	1.000000000000000e+00	8
740	1.000000000000000e+00	18
741	1.000000000000000e+00	14
742	1.000000000000000e+00	16
743	1.000000000000000e+00	4
744	1.000000000000000e+00	12
745	1.000000000000000e+00	20
746	1.000000000000000e+00	8
747	1.000000000000000e+00	6
748	1.000000000000000e+00	28
749	1.000000000000000e+00	4
750	1.000000000000000e+00	20
751	1.000000000000000e+00	2
752	1.000000000000000e+00	2
753	1.000000000000000e+00	20
754	1.000000000000000e+00	28
755	1.000000000000000e+00	16
756	1.000000000000000e+00	14
757	1.000000000000000e+00	12
758	1.000000000000000e+00	4
759	1.000000000000000e+00	2
760	1.000000000000000e+00	8
761	1.000000000000000e+00	16
762	1.000000000000000e+00	20
763	1.000000000000000e+00	28
764	1.000000000000000e+00	8
765	1.000000000000000e+00	16
766	1.000000000000000e+00	8
767	1.000000000000000e+00	14
768	1.000000000000000e+00	18
769	1.000000000000000e+00	8
770	1.000000000000000e+00	20
771	1.000000000000000e+00	8
772	1.000000000000000e+00	10
773	1.000000000000000e+00	14
774	1.000000000000000e+00	14
775	1.000000000000000e+00	10
776	1.000000000000000e+00	14
777	1.000000000000000e+00	20
778	1.000000000000000e+00	18
779	1.000000000000000e+00	24
780	1.000000000000000e+00	16
781	1.000000000000000e+00	20
782	1.000000000000000e+00	32
783	1.000000000000000e+00	16
784	1.000000000000000e+00	6
785	1.000000000000000e+00	2
786	1.000000000000000e+00	6
787	1.000000000000000e+00	28
788	1.000000000000000e+00	28
789	1.000000000000000e+00	4
790	1.000000000000000e+00	12
791	1.000000000000000e+00	4
792	1.000000000000000e+00	8
793	1.000000000000000e+00	4
794	1.000000000000000e+00	32
795	1.000000000000000e+00	58
796	1.000000000000000e+00	4
797	1.000000000000000e+00	4
798	1.000000000000000e+00	6
799	1.000000000000000e+00	4
800	1.000000000000000e+00	16
801	1.000000000000000e+00	20
802	1.000000000000000e+00	4
803	1.000000000000000e+00	20
804	1.000000000000000e+00	14
805	1.000000000000000e+00	8
806	1.000000000000000e+00	10
807	1.000000000000000e+00	12
808	1.000000000000000e+00	8
809	1.000000000000000e+00	14
810	1.000000000000000e+00	8
811	1.000000000000000e+00	2
812	1.000000000000000e+00	4
813	1.000000000000000e+00	10
814	1.000000000000000e+00	28
815	1.000000000000000e+00	18
816	1.000000000000000e+00	6
817	1.000000000000000e+00	2
818	1.000000000000000e+00	8
819	1.000000000000000e+00	16
820	1.000000000000000e+00	6
821	1.000000000000000e+00	6
822	1.000000000000000e+00	8
823	1.000000000000000e+00	6
824	1.000000000000000e+00	14
825	1.000000000000000e+00	14
826	1.000000000000000e+00	10
827	1.000000000000000e+00	6
828	1.000000000000000e+00	16
829	1.000000000000000e+00	4
830	1.000000000000000e+00	2
831	1.000000000000000e+00	12
832	1.000000000000000e+00	14
833	1.000000000000000e+00	14
834	1.000000000000000e+00	14
835	1.000000000000000e+00	14
836	1.000000000000000e+00	10
837	1.000000000000000e+00	18
838	1.000000000000000e+00	32
839	1.000000000000000e+00	2
840	1.000000000000000e+00	4
841	1.000000000000000e+00	18
842	1.000000000000000e+00	8
843	1.000000000000000e+00	16
844	1.000000000000000e+00	2
845	1.000000000000000e+00	10
846	1.000000000000000e+00	4
847	1.000000000000000e+00	10
848	1.000000000000000e+00	14
849	1.000000000000000e+00	12
850	1.000000000000000e+00	48
851	1.000000000000000e+00	2
852	1.000000000000000e+00	26
853	1.000000000000000e+00	2
854	1.000000000000000e+00	4
855	1.000000000000000e+00	14
856	1.000000000000000e+00	4
857	1.000000000000000e+00	18
858	1.000000000000000e+00	16
859	1.000000000000000e+00	16
860	1.000000000000000e+00	2
861	1.000000000000000e+00	2
862	1.000000000000000e+00	26
863	1.000000000000000e+00	18
864	1.000000000000000e+00	10
865	1.000000000000000e+00	10
866	1.000000000000000e+00	24
867	1.000000000000000e+00	4
868	1.000000000000000e+00	22
869	1.000000000000000e+00	32
870	1.000000000000000e+00	12
871	1.000000000000000e+00	6
872	1.000000000000000e+00	14
873	1.000000000000000e+00	2
874	1.000000000000000e+00	2
875	1.000000000000000e+00	4
876	1.000000000000000e+00	6
877	1.000000000000000e+00	16
878	1.000000000000000e+00	6
879	1.000000000000000e+00	10
880	1.000000000000000e+00	12
881	1.000000000000000e+00	6
882	1.000000000000000e+00	6
883	1.000000000000000e+00	12
884	1.000000000000000e+00	14
885	1.000000000000000e+00	4
886	1.000000000000000e+00	12
887	1.000000000000000e+00	8
888	1.000000000000000e+00	4
889	1.000000000000000e+00	30
890	1.000000000000000e+00	4
891	1.000000000000000e+00	4
892	1.000000000000000e+00	6
893	1.000000000000000e+00	12
894	1.000000000000000e+00	34
895	1.000000000000000e+00	10
896	1.000000000000000e+00	8
897	1.000000000000000e+00	32
898	1.000000000000000e+00	42
899	1.000000000000000e+00	4
900	1.000000000000000e+00	46
901	1.000000000000000e+00	8
902	1.000000000000000e+00	32
903	1.000000000000000e+00	12
904	1.000000000000000e+00	10
905	1.000000000000000e+00	40
906	1.000000000000000e+00	2
907	1.000000000000000e+00	4
908	1.000000000000000e+00	4
909	1.000000000000000e+00	16
910	1.000000000000000e+00	2
911	1.000000000000000e+00	12
912	1.000000000000000e+00	12
913	1.000000000000000e+00	24
914	1.000000000000000e+00	20
915	1.000000000000000e+00	2
916	1.000000000000000e+00	26
917	1.000000000000000e+00	6
918	1.000000000000000e+00	16
919	1.000000000000000e+00	4
920	1.000000000000000e+00	16
921	1.000000000000000e+00	36
922	1.000000000000000e+00	10
923	1.000000000000000e+00	8
924	1.000000000000000e+00	8
925	1.000000000000000e+00	14
926	1.000000000000000e+00	2
927	1.000000000000000e+00	14
928	1.000000000000000e+00	14
929	1.000000000000000e+00	6
930	1.000000000000000e+00	8
931	1.000000000000000e+00	6
932	1.000000000000000e+00	12
933	1.000000000000000e+00	22
934	1.000000000000000e+00	10
935	1.000000000000000e+00	16
936	1.000000000000000e+00	14
937	1.000000000000000e+00	16
938	1.000000000000000e+00	6
939	1.000000000000000e+00	20
940	1.000000000000000e+00	8
941	1.000000000000000e+00	26
942	1.000000000000000e+00	30
943	1.000000000000000e+00	8
944	1.000000000000000e+00	4
945	1.000000000000000e+00	10
946	1.000000000000000e+00	18
947	1.000000000000000e+00	14
948	1.000000000000000e+00	16
949	1.000000000000000e+00	4
950	1.000000000000000e+00	14
951	1.000000000000000e+00	6
952	1.000000000000000e+00	16
953	1.000000000000000e+00	4
954	1.000000000000000e+00	8
955	1.000000000000000e+00	14
956	1.000000000000000e+00	2
957	1.000000000000000e+00	10
958	1.000000000000000e+00	8
959	1.000000000000000e+00	16
960	1.000000000000000e+00	60
961	1.000000000000000e+00	2
962	1.000000000000000e+00	10
963	1.000000000000000e+00	24
964	1.000000000000000e+00	2
965	1.000000000000000e+00	6
966	1.000000000000000e+00	46
967	1.000000000000000e+00	4
968	1.000000000000000e+00	2
969	1.000000000000000e+00	30
970	1.000000000000000e+00	2
971	1.000000000000000e+00	10
972	1.000000000000000e+00	6
973	1.000000000000000e+00	6
974	1.000000000000000e+00	22
975	1.000000000000000e+00	6
976	1.000000000000000e+00	2
977	1.000000000000000e+00	26
978	1.000000000000000e+00	6
979	1.000000000000000e+00	2
980	1.000000000000000e+00	10
981	1.000000000000000e+00	8
982	1.000000000000000e+00	14
983	1.000000000000000e+00	2
984	1.000000000000000e+00	2
985	1.000000000000000e+00	4
986	1.000000000000000e+00	2
987	1.000000000000000e+00	2
988	1.000000000000000e+00	8
989	1.000000000000000e+00	4
990	1.000000000000000e+00	4
991	1.000000000000000e+00	6
992	1.000000000000000e+00	30
993	1.000000000000000e+00	12
994	1.000000000000000e+00	12
995	1.000000000000000e+00	14
996	1.000000000000000e+00	4
997	1.000000000000000e+00	4
998	1.000000000000000e+00	8
999	1.000000000000000e+00	10
1000	1.000000000000000e+00	8


Tempo gasto: 12.854806
