Método usado: LUUS JAAKOLA

POSIÇÃO	ÁREA(mm²)	CUSTO

1	1.000000000000000e+00	26
2	1.000000000000000e+00	24
3	1.000000000000000e+00	22
4	1.000000000000000e+00	8
5	1.000000000000000e+00	6
6	1.000000000000000e+00	8
7	1.000000000000000e+00	24
8	1.000000000000000e+00	22
9	1.000000000000000e+00	6
10	1.000000000000000e+00	10
11	1.000000000000000e+00	10
12	1.000000000000000e+00	4
13	1.000000000000000e+00	16
14	1.000000000000000e+00	8
15	1.000000000000000e+00	74
16	1.000000000000000e+00	10
17	1.000000000000000e+00	4
18	1.000000000000000e+00	2
19	1.000000000000000e+00	24
20	1.000000000000000e+00	16
21	1.000000000000000e+00	36
22	1.000000000000000e+00	6
23	1.000000000000000e+00	38
24	1.000000000000000e+00	22
25	1.000000000000000e+00	30
26	1.000000000000000e+00	24
27	1.000000000000000e+00	10
28	1.000000000000000e+00	10
29	1.000000000000000e+00	4
30	1.000000000000000e+00	38
31	1.000000000000000e+00	12
32	1.000000000000000e+00	6
33	1.000000000000000e+00	14
34	1.000000000000000e+00	18
35	1.000000000000000e+00	8
36	1.000000000000000e+00	18
37	1.000000000000000e+00	8
38	1.000000000000000e+00	4
39	1.000000000000000e+00	34
40	1.000000000000000e+00	2
41	1.000000000000000e+00	20
42	1.000000000000000e+00	12
43	1.000000000000000e+00	2
44	1.000000000000000e+00	20
45	1.000000000000000e+00	12
46	1.000000000000000e+00	4
47	1.000000000000000e+00	2
48	1.000000000000000e+00	8
49	1.000000000000000e+00	44
50	1.000000000000000e+00	4
51	1.000000000000000e+00	30
52	1.000000000000000e+00	20
53	1.000000000000000e+00	6
54	1.000000000000000e+00	12
55	1.000000000000000e+00	10
56	1.000000000000000e+00	18
57	1.000000000000000e+00	22
58	1.000000000000000e+00	14
59	1.000000000000000e+00	2
60	1.000000000000000e+00	26
61	1.000000000000000e+00	10
62	1.000000000000000e+00	12
63	1.000000000000000e+00	20
64	1.000000000000000e+00	24
65	1.000000000000000e+00	16
66	1.000000000000000e+00	14
67	1.000000000000000e+00	6
68	1.000000000000000e+00	34
69	1.000000000000000e+00	4
70	1.000000000000000e+00	16
71	1.000000000000000e+00	22
72	1.000000000000000e+00	16
73	1.000000000000000e+00	2
74	1.000000000000000e+00	6
75	1.000000000000000e+00	54
76	1.000000000000000e+00	2
77	1.000000000000000e+00	4
78	1.000000000000000e+00	12
79	1.000000000000000e+00	6
80	1.000000000000000e+00	20
81	1.000000000000000e+00	12
82	1.000000000000000e+00	16
83	1.000000000000000e+00	8
84	1.000000000000000e+00	10
85	1.000000000000000e+00	6
86	1.000000000000000e+00	24
87	1.000000000000000e+00	2
88	1.000000000000000e+00	12
89	1.000000000000000e+00	4
90	1.000000000000000e+00	12
91	1.000000000000000e+00	8
92	1.000000000000000e+00	32
93	1.000000000000000e+00	10
94	1.000000000000000e+00	16
95	1.000000000000000e+00	24
96	1.000000000000000e+00	24
97	1.000000000000000e+00	10
98	1.000000000000000e+00	14
99	1.000000000000000e+00	4
100	1.000000000000000e+00	42
101	1.000000000000000e+00	18
102	1.000000000000000e+00	18
103	1.000000000000000e+00	6
104	1.000000000000000e+00	2
105	1.000000000000000e+00	28
106	1.000000000000000e+00	8
107	1.000000000000000e+00	16
108	1.000000000000000e+00	22
109	1.000000000000000e+00	8
110	1.000000000000000e+00	4
111	1.000000000000000e+00	24
112	1.000000000000000e+00	58
113	1.000000000000000e+00	4
114	1.000000000000000e+00	2
115	1.000000000000000e+00	24
116	1.000000000000000e+00	4
117	1.000000000000000e+00	8
118	1.000000000000000e+00	6
119	1.000000000000000e+00	6
120	1.000000000000000e+00	50
121	1.000000000000000e+00	4
122	1.000000000000000e+00	6
123	1.000000000000000e+00	4
124	1.000000000000000e+00	30
125	1.000000000000000e+00	10
126	1.000000000000000e+00	6
127	1.000000000000000e+00	8
128	1.000000000000000e+00	2
129	1.000000000000000e+00	6
130	1.000000000000000e+00	8
131	1.000000000000000e+00	52
132	1.000000000000000e+00	14
133	1.000000000000000e+00	14
134	1.000000000000000e+00	8
135	1.000000000000000e+00	16
136	1.000000000000000e+00	2
137	1.000000000000000e+00	8
138	1.000000000000000e+00	20
139	1.000000000000000e+00	4
140	1.000000000000000e+00	40
141	1.000000000000000e+00	8
142	1.000000000000000e+00	2
143	1.000000000000000e+00	6
144	1.000000000000000e+00	6
145	1.000000000000000e+00	20
146	1.000000000000000e+00	2
147	1.000000000000000e+00	8
148	1.000000000000000e+00	8
149	1.000000000000000e+00	2
150	1.000000000000000e+00	24
151	1.000000000000000e+00	14
152	1.000000000000000e+00	2
153	1.000000000000000e+00	6
154	1.000000000000000e+00	54
155	1.000000000000000e+00	16
156	1.000000000000000e+00	10
157	1.000000000000000e+00	14
158	1.000000000000000e+00	18
159	1.000000000000000e+00	20
160	1.000000000000000e+00	2
161	1.000000000000000e+00	6
162	1.000000000000000e+00	8
163	1.000000000000000e+00	24
164	1.000000000000000e+00	2
165	1.000000000000000e+00	28
166	1.000000000000000e+00	58
167	1.000000000000000e+00	4
168	1.000000000000000e+00	24
169	1.000000000000000e+00	32
170	1.000000000000000e+00	4
171	1.000000000000000e+00	12
172	1.000000000000000e+00	18
173	1.000000000000000e+00	8
174	1.000000000000000e+00	2
175	1.000000000000000e+00	30
176	1.000000000000000e+00	2
177	1.000000000000000e+00	10
178	1.000000000000000e+00	6
179	1.000000000000000e+00	8
180	1.000000000000000e+00	32
181	1.000000000000000e+00	2
182	1.000000000000000e+00	8
183	1.000000000000000e+00	2
184	1.000000000000000e+00	16
185	1.000000000000000e+00	30
186	1.000000000000000e+00	54
187	1.000000000000000e+00	8
188	1.000000000000000e+00	36
189	1.000000000000000e+00	30
190	1.000000000000000e+00	12
191	1.000000000000000e+00	16
192	1.000000000000000e+00	14
193	1.000000000000000e+00	22
194	1.000000000000000e+00	2
195	1.000000000000000e+00	4
196	1.000000000000000e+00	18
197	1.000000000000000e+00	2
198	1.000000000000000e+00	8
199	1.000000000000000e+00	2
200	1.000000000000000e+00	12
201	1.000000000000000e+00	8
202	1.000000000000000e+00	18
203	1.000000000000000e+00	32
204	1.000000000000000e+00	10
205	1.000000000000000e+00	24
206	1.000000000000000e+00	30
207	1.000000000000000e+00	24
208	1.000000000000000e+00	8
209	1.000000000000000e+00	8
210	1.000000000000000e+00	2
211	1.000000000000000e+00	2
212	1.000000000000000e+00	20
213	1.000000000000000e+00	14
214	1.000000000000000e+00	4
215	1.000000000000000e+00	6
216	1.000000000000000e+00	22
217	1.000000000000000e+00	12
218	1.000000000000000e+00	10
219	1.000000000000000e+00	6
220	1.000000000000000e+00	2
221	1.000000000000000e+00	6
222	1.000000000000000e+00	4
223	1.000000000000000e+00	32
224	1.000000000000000e+00	2
225	1.000000000000000e+00	6
226	1.000000000000000e+00	24
227	1.000000000000000e+00	6
228	1.000000000000000e+00	2
229	1.000000000000000e+00	16
230	1.000000000000000e+00	20
231	1.000000000000000e+00	8
232	1.000000000000000e+00	20
233	1.000000000000000e+00	10
234	1.000000000000000e+00	4
235	1.000000000000000e+00	46
236	1.000000000000000e+00	10
237	1.000000000000000e+00	10
238	1.000000000000000e+00	6
239	1.000000000000000e+00	10
240	1.000000000000000e+00	10
241	1.000000000000000e+00	4
242	1.000000000000000e+00	6
243	1.000000000000000e+00	6
244	1.000000000000000e+00	10
245	1.000000000000000e+00	12
246	1.000000000000000e+00	2
247	1.000000000000000e+00	14
248	1.000000000000000e+00	22
249	1.000000000000000e+00	14
250	1.000000000000000e+00	18
251	1.000000000000000e+00	4
252	1.000000000000000e+00	14
253	1.000000000000000e+00	8
254	1.000000000000000e+00	10
255	1.000000000000000e+00	8
256	1.000000000000000e+00	2
257	1.000000000000000e+00	16
258	1.000000000000000e+00	4
259	1.000000000000000e+00	2
260	1.000000000000000e+00	12
261	1.000000000000000e+00	20
262	1.000000000000000e+00	10
263	1.000000000000000e+00	6
264	1.000000000000000e+00	8
265	1.000000000000000e+00	4
266	1.000000000000000e+00	2
267	1.000000000000000e+00	14
268	1.000000000000000e+00	4
269	1.000000000000000e+00	28
270	1.000000000000000e+00	4
271	1.000000000000000e+00	2
272	1.000000000000000e+00	26
273	1.000000000000000e+00	16
274	1.000000000000000e+00	2
275	1.000000000000000e+00	2
276	1.000000000000000e+00	18
277	1.000000000000000e+00	10
278	1.000000000000000e+00	8
279	1.000000000000000e+00	8
280	1.000000000000000e+00	8
281	1.000000000000000e+00	2
282	1.000000000000000e+00	10
283	1.000000000000000e+00	10
284	1.000000000000000e+00	8
285	1.000000000000000e+00	4
286	1.000000000000000e+00	4
287	1.000000000000000e+00	10
288	1.000000000000000e+00	2
289	1.000000000000000e+00	10
290	1.000000000000000e+00	28
291	1.000000000000000e+00	10
292	1.000000000000000e+00	12
293	1.000000000000000e+00	6
294	1.000000000000000e+00	16
295	1.000000000000000e+00	10
296	1.000000000000000e+00	20
297	1.000000000000000e+00	10
298	1.000000000000000e+00	2
299	1.000000000000000e+00	28
300	1.000000000000000e+00	2
301	1.000000000000000e+00	12
302	1.000000000000000e+00	6
303	1.000000000000000e+00	16
304	1.000000000000000e+00	12
305	1.000000000000000e+00	20
306	1.000000000000000e+00	4
307	1.000000000000000e+00	2
308	1.000000000000000e+00	14
309	1.000000000000000e+00	20
310	1.000000000000000e+00	10
311	1.000000000000000e+00	16
312	1.000000000000000e+00	6
313	1.000000000000000e+00	26
314	1.000000000000000e+00	2
315	1.000000000000000e+00	8
316	1.000000000000000e+00	8
317	1.000000000000000e+00	26
318	1.000000000000000e+00	14
319	1.000000000000000e+00	22
320	1.000000000000000e+00	12
321	1.000000000000000e+00	10
322	1.000000000000000e+00	8
323	1.000000000000000e+00	24
324	1.000000000000000e+00	8
325	1.000000000000000e+00	22
326	1.000000000000000e+00	10
327	1.000000000000000e+00	38
328	1.000000000000000e+00	12
329	1.000000000000000e+00	24
330	1.000000000000000e+00	10
331	1.000000000000000e+00	10
332	1.000000000000000e+00	12
333	1.000000000000000e+00	26
334	1.000000000000000e+00	6
335	1.000000000000000e+00	10
336	1.000000000000000e+00	2
337	1.000000000000000e+00	12
338	1.000000000000000e+00	10
339	1.000000000000000e+00	56
340	1.000000000000000e+00	6
341	1.000000000000000e+00	26
342	1.000000000000000e+00	10
343	1.000000000000000e+00	18
344	1.000000000000000e+00	12
345	1.000000000000000e+00	16
346	1.000000000000000e+00	12
347	1.000000000000000e+00	26
348	1.000000000000000e+00	24
349	1.000000000000000e+00	10
350	1.000000000000000e+00	4
351	1.000000000000000e+00	4
352	9.500142423993930e-01	308
353	8.999983978919159e-01	284
354	8.500152771760482e-01	240
355	8.000164425533856e-01	304
356	7.500223301406113e-01	264
357	7.000127986319137e-01	242
358	6.500120839495827e-01	268
359	6.000215530216356e-01	230
360	5.500132432849999e-01	226
361	5.000114125864066e-01	308
362	5.000052404391723e-01	334
363	5.250077238252986e-01	306
364	5.500058025899911e-01	308
365	5.750038822318807e-01	184
366	6.000055752397366e-01	300
367	6.250082807798495e-01	250
368	6.500079549284898e-01	204
369	6.750087949806521e-01	172
370	7.000056522440069e-01	266
371	7.250099454657123e-01	322
372	7.500059324219602e-01	214
373	7.999933557097162e-01	244
374	8.499844910400161e-01	330
375	8.999766823548374e-01	176
376	9.499832595343080e-01	294
377	1.000000000000000e+00	54
378	1.000000000000000e+00	2
379	1.000000000000000e+00	28
380	1.000000000000000e+00	4
381	1.000000000000000e+00	8
382	1.000000000000000e+00	8
383	1.000000000000000e+00	4
384	1.000000000000000e+00	8
385	1.000000000000000e+00	6
386	1.000000000000000e+00	16
387	1.000000000000000e+00	10
388	1.000000000000000e+00	6
389	1.000000000000000e+00	20
390	1.000000000000000e+00	14
391	1.000000000000000e+00	6
392	1.000000000000000e+00	2
393	1.000000000000000e+00	8
394	1.000000000000000e+00	12
395	1.000000000000000e+00	16
396	1.000000000000000e+00	4
397	1.000000000000000e+00	34
398	1.000000000000000e+00	14
399	1.000000000000000e+00	8
400	1.000000000000000e+00	12
401	1.000000000000000e+00	4
402	1.000000000000000e+00	8
403	1.000000000000000e+00	24
404	1.000000000000000e+00	10
405	1.000000000000000e+00	10
406	1.000000000000000e+00	6
407	1.000000000000000e+00	34
408	1.000000000000000e+00	2
409	1.000000000000000e+00	32
410	1.000000000000000e+00	12
411	1.000000000000000e+00	18
412	1.000000000000000e+00	12
413	1.000000000000000e+00	12
414	1.000000000000000e+00	4
415	1.000000000000000e+00	4
416	1.000000000000000e+00	6
417	1.000000000000000e+00	6
418	1.000000000000000e+00	4
419	1.000000000000000e+00	24
420	1.000000000000000e+00	6
421	1.000000000000000e+00	10
422	1.000000000000000e+00	6
423	1.000000000000000e+00	12
424	1.000000000000000e+00	14
425	1.000000000000000e+00	16
426	1.000000000000000e+00	26
427	1.000000000000000e+00	14
428	1.000000000000000e+00	2
429	1.000000000000000e+00	6
430	1.000000000000000e+00	4
431	1.000000000000000e+00	12
432	1.000000000000000e+00	14
433	1.000000000000000e+00	18
434	1.000000000000000e+00	18
435	1.000000000000000e+00	44
436	1.000000000000000e+00	30
437	1.000000000000000e+00	32
438	1.000000000000000e+00	8
439	1.000000000000000e+00	12
440	1.000000000000000e+00	40
441	1.000000000000000e+00	12
442	1.000000000000000e+00	22
443	1.000000000000000e+00	2
444	1.000000000000000e+00	14
445	1.000000000000000e+00	10
446	1.000000000000000e+00	6
447	1.000000000000000e+00	10
448	1.000000000000000e+00	34
449	1.000000000000000e+00	4
450	1.000000000000000e+00	24
451	1.000000000000000e+00	6
452	1.000000000000000e+00	14
453	1.000000000000000e+00	4
454	1.000000000000000e+00	16
455	1.000000000000000e+00	6
456	1.000000000000000e+00	10
457	1.000000000000000e+00	18
458	1.000000000000000e+00	14
459	1.000000000000000e+00	16
460	1.000000000000000e+00	6
461	1.000000000000000e+00	2
462	1.000000000000000e+00	4
463	1.000000000000000e+00	6
464	1.000000000000000e+00	24
465	1.000000000000000e+00	6
466	1.000000000000000e+00	2
467	1.000000000000000e+00	12
468	1.000000000000000e+00	12
469	1.000000000000000e+00	28
470	1.000000000000000e+00	8
471	1.000000000000000e+00	4
472	1.000000000000000e+00	14
473	1.000000000000000e+00	22
474	1.000000000000000e+00	6
475	1.000000000000000e+00	2
476	1.000000000000000e+00	22
477	1.000000000000000e+00	18
478	1.000000000000000e+00	2
479	1.000000000000000e+00	8
480	1.000000000000000e+00	10
481	1.000000000000000e+00	4
482	1.000000000000000e+00	2
483	1.000000000000000e+00	2
484	1.000000000000000e+00	2
485	1.000000000000000e+00	26
486	1.000000000000000e+00	2
487	1.000000000000000e+00	12
488	1.000000000000000e+00	2
489	1.000000000000000e+00	4
490	1.000000000000000e+00	8
491	1.000000000000000e+00	18
492	1.000000000000000e+00	2
493	1.000000000000000e+00	10
494	1.000000000000000e+00	2
495	1.000000000000000e+00	4
496	1.000000000000000e+00	18
497	1.000000000000000e+00	12
498	1.000000000000000e+00	2
499	1.000000000000000e+00	14
500	1.000000000000000e+00	2
501	1.000000000000000e+00	4
502	1.000000000000000e+00	62
503	1.000000000000000e+00	6
504	1.000000000000000e+00	8
505	1.000000000000000e+00	8
506	1.000000000000000e+00	16
507	1.000000000000000e+00	26
508	1.000000000000000e+00	4
509	1.000000000000000e+00	2
510	1.000000000000000e+00	14
511	1.000000000000000e+00	20
512	1.000000000000000e+00	4
513	1.000000000000000e+00	18
514	1.000000000000000e+00	20
515	1.000000000000000e+00	4
516	1.000000000000000e+00	12
517	1.000000000000000e+00	2
518	1.000000000000000e+00	40
519	1.000000000000000e+00	10
520	1.000000000000000e+00	20
521	1.000000000000000e+00	4
522	1.000000000000000e+00	22
523	1.000000000000000e+00	2
524	1.000000000000000e+00	14
525	1.000000000000000e+00	18
526	1.000000000000000e+00	14
527	1.000000000000000e+00	12
528	1.000000000000000e+00	10
529	1.000000000000000e+00	4
530	1.000000000000000e+00	14
531	1.000000000000000e+00	14
532	1.000000000000000e+00	28
533	1.000000000000000e+00	6
534	1.000000000000000e+00	4
535	1.000000000000000e+00	6
536	1.000000000000000e+00	2
537	1.000000000000000e+00	2
538	1.000000000000000e+00	14
539	1.000000000000000e+00	30
540	1.000000000000000e+00	18
541	1.000000000000000e+00	12
542	1.000000000000000e+00	2
543	1.000000000000000e+00	18
544	1.000000000000000e+00	4
545	1.000000000000000e+00	10
546	1.000000000000000e+00	4
547	1.000000000000000e+00	16
548	1.000000000000000e+00	4
549	1.000000000000000e+00	10
550	1.000000000000000e+00	10
551	1.000000000000000e+00	4
552	1.000000000000000e+00	12
553	1.000000000000000e+00	4
554	1.000000000000000e+00	4
555	1.000000000000000e+00	18
556	1.000000000000000e+00	8
557	1.000000000000000e+00	16
558	1.000000000000000e+00	4
559	1.000000000000000e+00	18
560	1.000000000000000e+00	10
561	1.000000000000000e+00	8
562	1.000000000000000e+00	6
563	1.000000000000000e+00	18
564	1.000000000000000e+00	36
565	1.000000000000000e+00	6
566	1.000000000000000e+00	20
567	1.000000000000000e+00	4
568	1.000000000000000e+00	18
569	1.000000000000000e+00	24
570	1.000000000000000e+00	2
571	1.000000000000000e+00	16
572	1.000000000000000e+00	44
573	1.000000000000000e+00	4
574	1.000000000000000e+00	20
575	1.000000000000000e+00	2
576	1.000000000000000e+00	14
577	1.000000000000000e+00	4
578	1.000000000000000e+00	38
579	1.000000000000000e+00	28
580	1.000000000000000e+00	6
581	1.000000000000000e+00	8
582	1.000000000000000e+00	8
583	1.000000000000000e+00	8
584	1.000000000000000e+00	26
585	1.000000000000000e+00	6
586	1.000000000000000e+00	14
587	1.000000000000000e+00	12
588	1.000000000000000e+00	16
589	1.000000000000000e+00	22
590	1.000000000000000e+00	10
591	1.000000000000000e+00	2
592	1.000000000000000e+00	4
593	1.000000000000000e+00	16
594	1.000000000000000e+00	10
595	1.000000000000000e+00	2
596	1.000000000000000e+00	8
597	1.000000000000000e+00	24
598	1.000000000000000e+00	8
599	1.000000000000000e+00	34
600	1.000000000000000e+00	4
601	1.000000000000000e+00	10
602	1.000000000000000e+00	2
603	1.000000000000000e+00	20
604	1.000000000000000e+00	4
605	1.000000000000000e+00	16
606	1.000000000000000e+00	20
607	1.000000000000000e+00	14
608	1.000000000000000e+00	4
609	1.000000000000000e+00	6
610	1.000000000000000e+00	10
611	1.000000000000000e+00	12
612	1.000000000000000e+00	14
613	1.000000000000000e+00	2
614	1.000000000000000e+00	12
615	1.000000000000000e+00	14
616	1.000000000000000e+00	4
617	1.000000000000000e+00	12
618	1.000000000000000e+00	2
619	1.000000000000000e+00	2
620	1.000000000000000e+00	4
621	1.000000000000000e+00	26
622	1.000000000000000e+00	4
623	1.000000000000000e+00	32
624	1.000000000000000e+00	36
625	1.000000000000000e+00	10
626	1.000000000000000e+00	26
627	1.000000000000000e+00	22
628	1.000000000000000e+00	4
629	1.000000000000000e+00	24
630	1.000000000000000e+00	14
631	1.000000000000000e+00	20
632	1.000000000000000e+00	28
633	1.000000000000000e+00	6
634	1.000000000000000e+00	34
635	1.000000000000000e+00	6
636	1.000000000000000e+00	2
637	1.000000000000000e+00	20
638	1.000000000000000e+00	14
639	1.000000000000000e+00	12
640	1.000000000000000e+00	4
641	1.000000000000000e+00	16
642	1.000000000000000e+00	20
643	1.000000000000000e+00	16
644	1.000000000000000e+00	4
645	1.000000000000000e+00	12
646	1.000000000000000e+00	10
647	1.000000000000000e+00	8
648	1.000000000000000e+00	2
649	1.000000000000000e+00	12
650	1.000000000000000e+00	4
651	9.704157888045650e-01	318
652	9.374268924684728e-01	296
653	9.056191592533679e-01	226
654	8.750344422478162e-01	254
655	8.456172005187198e-01	280
656	8.174320902740762e-01	288
657	7.904355164423049e-01	304
658	7.646232215829454e-01	184
659	7.400085497122613e-01	286
660	7.166045740406946e-01	284
661	6.943993844977980e-01	290
662	6.733951605600973e-01	88
663	6.535828335138747e-01	244
664	6.349874395505816e-01	254
665	6.175802202821851e-01	328
666	6.013919235101131e-01	264
667	5.863847350016504e-01	302
668	5.725873880102593e-01	352
669	5.599845786815070e-01	250
670	5.485916096293437e-01	292
671	5.383984769301764e-01	320
672	5.294080674801177e-01	342
673	5.216081908433613e-01	364
674	5.150071050677054e-01	250
675	5.095980048375347e-01	292
676	5.054040241435258e-01	338
677	5.024053811629497e-01	266
678	5.005987820735933e-01	306
679	5.000071212483450e-01	276
680	5.006050217389723e-01	356
681	5.023997919414468e-01	298
682	5.054010940067909e-01	290
683	5.095962954952942e-01	328
684	5.149928213737700e-01	262
685	5.215989367303181e-01	196
686	5.293925675009635e-01	310
687	5.383953713617636e-01	284
688	5.486044285232193e-01	304
689	5.600095741006733e-01	288
690	5.726179400386969e-01	202
691	5.864148136821205e-01	176
692	6.014176151078019e-01	166
693	6.176142368767410e-01	298
694	6.350063623851361e-01	316
695	6.536170586454887e-01	194
696	6.734186768402204e-01	336
697	6.944323105662418e-01	286
698	7.166373336797227e-01	242
699	7.400367382055804e-01	240
700	7.646405520422979e-01	288
701	7.904530276703157e-01	280
702	8.174634268150877e-01	228
703	8.456788343510581e-01	320
704	8.750794022449904e-01	278
705	9.057005632452676e-01	272
706	9.374919098345282e-01	282
707	1.000000000000000e+00	1000
708	1.000000000000000e+00	8
709	1.000000000000000e+00	12
710	1.000000000000000e+00	6
711	1.000000000000000e+00	18
712	1.000000000000000e+00	4
713	1.000000000000000e+00	12
714	1.000000000000000e+00	6
715	1.000000000000000e+00	4
716	1.000000000000000e+00	8
717	1.000000000000000e+00	2
718	1.000000000000000e+00	2
719	1.000000000000000e+00	8
720	1.000000000000000e+00	2
721	1.000000000000000e+00	8
722	1.000000000000000e+00	12
723	1.000000000000000e+00	16
724	1.000000000000000e+00	12
725	1.000000000000000e+00	18
726	1.000000000000000e+00	2
727	1.000000000000000e+00	20
728	1.000000000000000e+00	18
729	1.000000000000000e+00	22
730	1.000000000000000e+00	2
731	1.000000000000000e+00	12
732	1.000000000000000e+00	12
733	1.000000000000000e+00	6
734	1.000000000000000e+00	8
735	1.000000000000000e+00	2
736	1.000000000000000e+00	2
737	1.000000000000000e+00	10
738	1.000000000000000e+00	16
739	1.000000000000000e+00	12
740	1.000000000000000e+00	2
741	1.000000000000000e+00	16
742	1.000000000000000e+00	18
743	1.000000000000000e+00	6
744	1.000000000000000e+00	20
745	1.000000000000000e+00	8
746	1.000000000000000e+00	8
747	1.000000000000000e+00	6
748	1.000000000000000e+00	8
749	1.000000000000000e+00	2
750	1.000000000000000e+00	26
751	1.000000000000000e+00	8
752	1.000000000000000e+00	2
753	1.000000000000000e+00	4
754	1.000000000000000e+00	44
755	1.000000000000000e+00	2
756	1.000000000000000e+00	6
757	1.000000000000000e+00	4
758	1.000000000000000e+00	2
759	1.000000000000000e+00	10
760	1.000000000000000e+00	4
761	1.000000000000000e+00	8
762	1.000000000000000e+00	6
763	1.000000000000000e+00	14
764	1.000000000000000e+00	4
765	1.000000000000000e+00	10
766	1.000000000000000e+00	8
767	1.000000000000000e+00	12
768	1.000000000000000e+00	8
769	1.000000000000000e+00	10
770	1.000000000000000e+00	28
771	1.000000000000000e+00	6
772	1.000000000000000e+00	8
773	1.000000000000000e+00	58
774	1.000000000000000e+00	10
775	1.000000000000000e+00	36
776	1.000000000000000e+00	6
777	1.000000000000000e+00	10
778	1.000000000000000e+00	14
779	1.000000000000000e+00	2
780	1.000000000000000e+00	6
781	1.000000000000000e+00	14
782	1.000000000000000e+00	20
783	1.000000000000000e+00	8
784	1.000000000000000e+00	2
785	1.000000000000000e+00	14
786	1.000000000000000e+00	24
787	1.000000000000000e+00	10
788	1.000000000000000e+00	14
789	1.000000000000000e+00	20
790	1.000000000000000e+00	10
791	1.000000000000000e+00	28
792	1.000000000000000e+00	4
793	1.000000000000000e+00	2
794	1.000000000000000e+00	26
795	1.000000000000000e+00	2
796	1.000000000000000e+00	6
797	1.000000000000000e+00	2
798	1.000000000000000e+00	4
799	1.000000000000000e+00	8
800	1.000000000000000e+00	22
801	1.000000000000000e+00	22
802	1.000000000000000e+00	8
803	1.000000000000000e+00	24
804	1.000000000000000e+00	26
805	1.000000000000000e+00	2
806	1.000000000000000e+00	4
807	1.000000000000000e+00	20
808	1.000000000000000e+00	12
809	1.000000000000000e+00	6
810	1.000000000000000e+00	6
811	1.000000000000000e+00	14
812	1.000000000000000e+00	18
813	1.000000000000000e+00	14
814	1.000000000000000e+00	10
815	1.000000000000000e+00	12
816	1.000000000000000e+00	18
817	1.000000000000000e+00	8
818	1.000000000000000e+00	4
819	1.000000000000000e+00	16
820	1.000000000000000e+00	26
821	1.000000000000000e+00	2
822	1.000000000000000e+00	2
823	1.000000000000000e+00	2
824	1.000000000000000e+00	6
825	1.000000000000000e+00	16
826	1.000000000000000e+00	58
827	1.000000000000000e+00	24
828	1.000000000000000e+00	16
829	1.000000000000000e+00	2
830	1.000000000000000e+00	18
831	1.000000000000000e+00	24
832	1.000000000000000e+00	10
833	1.000000000000000e+00	4
834	1.000000000000000e+00	16
835	1.000000000000000e+00	18
836	1.000000000000000e+00	4
837	1.000000000000000e+00	2
838	1.000000000000000e+00	6
839	1.000000000000000e+00	10
840	1.000000000000000e+00	8
841	1.000000000000000e+00	28
842	1.000000000000000e+00	10
843	1.000000000000000e+00	20
844	1.000000000000000e+00	14
845	1.000000000000000e+00	6
846	1.000000000000000e+00	18
847	1.000000000000000e+00	2
848	1.000000000000000e+00	16
849	1.000000000000000e+00	12
850	1.000000000000000e+00	8
851	1.000000000000000e+00	10
852	1.000000000000000e+00	6
853	1.000000000000000e+00	2
854	1.000000000000000e+00	10
855	1.000000000000000e+00	14
856	1.000000000000000e+00	22
857	1.000000000000000e+00	42
858	1.000000000000000e+00	8
859	1.000000000000000e+00	14
860	1.000000000000000e+00	6
861	1.000000000000000e+00	6
862	1.000000000000000e+00	8
863	1.000000000000000e+00	22
864	1.000000000000000e+00	10
865	1.000000000000000e+00	4
866	1.000000000000000e+00	2
867	1.000000000000000e+00	6
868	1.000000000000000e+00	8
869	1.000000000000000e+00	12
870	1.000000000000000e+00	12
871	1.000000000000000e+00	14
872	1.000000000000000e+00	4
873	1.000000000000000e+00	2
874	1.000000000000000e+00	6
875	1.000000000000000e+00	6
876	1.000000000000000e+00	6
877	1.000000000000000e+00	8
878	1.000000000000000e+00	32
879	1.000000000000000e+00	16
880	1.000000000000000e+00	14
881	1.000000000000000e+00	6
882	1.000000000000000e+00	6
883	1.000000000000000e+00	2
884	1.000000000000000e+00	6
885	1.000000000000000e+00	10
886	1.000000000000000e+00	16
887	1.000000000000000e+00	4
888	1.000000000000000e+00	22
889	1.000000000000000e+00	12
890	1.000000000000000e+00	22
891	1.000000000000000e+00	8
892	1.000000000000000e+00	12
893	1.000000000000000e+00	14
894	1.000000000000000e+00	2
895	1.000000000000000e+00	12
896	1.000000000000000e+00	16
897	1.000000000000000e+00	10
898	1.000000000000000e+00	24
899	1.000000000000000e+00	16
900	1.000000000000000e+00	12
901	1.000000000000000e+00	16
902	1.000000000000000e+00	12
903	1.000000000000000e+00	44
904	1.000000000000000e+00	10
905	1.000000000000000e+00	2
906	1.000000000000000e+00	2
907	1.000000000000000e+00	10
908	1.000000000000000e+00	16
909	1.000000000000000e+00	4
910	1.000000000000000e+00	18
911	1.000000000000000e+00	18
912	1.000000000000000e+00	8
913	1.000000000000000e+00	42
914	1.000000000000000e+00	16
915	1.000000000000000e+00	10
916	1.000000000000000e+00	76
917	1.000000000000000e+00	20
918	1.000000000000000e+00	10
919	1.000000000000000e+00	2
920	1.000000000000000e+00	14
921	1.000000000000000e+00	2
922	1.000000000000000e+00	30
923	1.000000000000000e+00	4
924	1.000000000000000e+00	16
925	1.000000000000000e+00	14
926	1.000000000000000e+00	18
927	1.000000000000000e+00	30
928	1.000000000000000e+00	12
929	1.000000000000000e+00	6
930	1.000000000000000e+00	8
931	1.000000000000000e+00	14
932	1.000000000000000e+00	8
933	1.000000000000000e+00	30
934	1.000000000000000e+00	12
935	1.000000000000000e+00	6
936	1.000000000000000e+00	2
937	1.000000000000000e+00	2
938	1.000000000000000e+00	28
939	1.000000000000000e+00	22
940	1.000000000000000e+00	6
941	1.000000000000000e+00	10
942	1.000000000000000e+00	10
943	1.000000000000000e+00	8
944	1.000000000000000e+00	4
945	1.000000000000000e+00	6
946	1.000000000000000e+00	4
947	1.000000000000000e+00	4
948	1.000000000000000e+00	2
949	1.000000000000000e+00	12
950	1.000000000000000e+00	24
951	1.000000000000000e+00	2
952	1.000000000000000e+00	24
953	1.000000000000000e+00	14
954	1.000000000000000e+00	2
955	1.000000000000000e+00	4
956	1.000000000000000e+00	16
957	1.000000000000000e+00	12
958	1.000000000000000e+00	6
959	1.000000000000000e+00	34
960	1.000000000000000e+00	12
961	1.000000000000000e+00	14
962	1.000000000000000e+00	22
963	1.000000000000000e+00	6
964	1.000000000000000e+00	8
965	1.000000000000000e+00	2
966	1.000000000000000e+00	6
967	1.000000000000000e+00	50
968	1.000000000000000e+00	24
969	1.000000000000000e+00	10
970	1.000000000000000e+00	2
971	1.000000000000000e+00	12
972	1.000000000000000e+00	2
973	1.000000000000000e+00	10
974	1.000000000000000e+00	10
975	1.000000000000000e+00	10
976	1.000000000000000e+00	2
977	1.000000000000000e+00	12
978	1.000000000000000e+00	22
979	1.000000000000000e+00	10
980	1.000000000000000e+00	2
981	1.000000000000000e+00	4
982	1.000000000000000e+00	32
983	1.000000000000000e+00	4
984	1.000000000000000e+00	26
985	1.000000000000000e+00	8
986	1.000000000000000e+00	12
987	1.000000000000000e+00	10
988	1.000000000000000e+00	12
989	1.000000000000000e+00	12
990	1.000000000000000e+00	22
991	1.000000000000000e+00	52
992	1.000000000000000e+00	20
993	1.000000000000000e+00	2
994	1.000000000000000e+00	14
995	1.000000000000000e+00	10
996	1.000000000000000e+00	8
997	1.000000000000000e+00	2
998	1.000000000000000e+00	2
999	1.000000000000000e+00	2
1000	1.000000000000000e+00	32


Tempo gasto: 13.307506
