Método usado: LUUS JAAKOLA

POSIÇÃO	ÁREA(mm²)	CUSTO

1	1.000000000000000e+00	24
2	1.000000000000000e+00	20
3	1.000000000000000e+00	10
4	1.000000000000000e+00	2
5	1.000000000000000e+00	10
6	1.000000000000000e+00	30
7	1.000000000000000e+00	6
8	1.000000000000000e+00	4
9	1.000000000000000e+00	44
10	1.000000000000000e+00	6
11	1.000000000000000e+00	4
12	1.000000000000000e+00	6
13	1.000000000000000e+00	10
14	1.000000000000000e+00	18
15	1.000000000000000e+00	14
16	1.000000000000000e+00	8
17	1.000000000000000e+00	18
18	1.000000000000000e+00	28
19	1.000000000000000e+00	20
20	1.000000000000000e+00	4
21	1.000000000000000e+00	4
22	1.000000000000000e+00	12
23	1.000000000000000e+00	16
24	1.000000000000000e+00	26
25	1.000000000000000e+00	2
26	1.000000000000000e+00	6
27	1.000000000000000e+00	16
28	1.000000000000000e+00	4
29	1.000000000000000e+00	26
30	1.000000000000000e+00	10
31	1.000000000000000e+00	16
32	1.000000000000000e+00	18
33	1.000000000000000e+00	2
34	1.000000000000000e+00	2
35	1.000000000000000e+00	4
36	1.000000000000000e+00	32
37	1.000000000000000e+00	26
38	1.000000000000000e+00	2
39	1.000000000000000e+00	14
40	1.000000000000000e+00	16
41	1.000000000000000e+00	4
42	1.000000000000000e+00	10
43	1.000000000000000e+00	4
44	1.000000000000000e+00	32
45	1.000000000000000e+00	18
46	1.000000000000000e+00	4
47	1.000000000000000e+00	12
48	1.000000000000000e+00	4
49	1.000000000000000e+00	26
50	1.000000000000000e+00	6
51	1.000000000000000e+00	2
52	1.000000000000000e+00	4
53	1.000000000000000e+00	24
54	1.000000000000000e+00	12
55	1.000000000000000e+00	6
56	1.000000000000000e+00	14
57	1.000000000000000e+00	10
58	1.000000000000000e+00	16
59	1.000000000000000e+00	2
60	1.000000000000000e+00	16
61	1.000000000000000e+00	4
62	1.000000000000000e+00	22
63	1.000000000000000e+00	8
64	1.000000000000000e+00	2
65	1.000000000000000e+00	2
66	1.000000000000000e+00	50
67	1.000000000000000e+00	28
68	1.000000000000000e+00	2
69	1.000000000000000e+00	4
70	1.000000000000000e+00	4
71	1.000000000000000e+00	20
72	1.000000000000000e+00	14
73	1.000000000000000e+00	2
74	1.000000000000000e+00	10
75	1.000000000000000e+00	2
76	1.000000000000000e+00	18
77	1.000000000000000e+00	16
78	1.000000000000000e+00	18
79	1.000000000000000e+00	20
80	1.000000000000000e+00	10
81	1.000000000000000e+00	12
82	1.000000000000000e+00	14
83	1.000000000000000e+00	4
84	1.000000000000000e+00	14
85	1.000000000000000e+00	28
86	1.000000000000000e+00	6
87	1.000000000000000e+00	6
88	1.000000000000000e+00	6
89	1.000000000000000e+00	4
90	1.000000000000000e+00	26
91	1.000000000000000e+00	24
92	1.000000000000000e+00	4
93	1.000000000000000e+00	4
94	1.000000000000000e+00	12
95	1.000000000000000e+00	28
96	1.000000000000000e+00	26
97	1.000000000000000e+00	18
98	1.000000000000000e+00	14
99	1.000000000000000e+00	22
100	1.000000000000000e+00	22
101	1.000000000000000e+00	6
102	1.000000000000000e+00	8
103	1.000000000000000e+00	36
104	1.000000000000000e+00	30
105	1.000000000000000e+00	20
106	1.000000000000000e+00	8
107	1.000000000000000e+00	2
108	1.000000000000000e+00	6
109	1.000000000000000e+00	10
110	1.000000000000000e+00	2
111	1.000000000000000e+00	6
112	1.000000000000000e+00	8
113	1.000000000000000e+00	12
114	1.000000000000000e+00	22
115	1.000000000000000e+00	2
116	1.000000000000000e+00	6
117	1.000000000000000e+00	22
118	1.000000000000000e+00	12
119	1.000000000000000e+00	12
120	1.000000000000000e+00	2
121	1.000000000000000e+00	2
122	1.000000000000000e+00	12
123	1.000000000000000e+00	14
124	1.000000000000000e+00	12
125	1.000000000000000e+00	14
126	1.000000000000000e+00	8
127	1.000000000000000e+00	2
128	1.000000000000000e+00	14
129	1.000000000000000e+00	12
130	1.000000000000000e+00	8
131	1.000000000000000e+00	10
132	1.000000000000000e+00	24
133	1.000000000000000e+00	24
134	1.000000000000000e+00	6
135	1.000000000000000e+00	24
136	1.000000000000000e+00	22
137	1.000000000000000e+00	4
138	1.000000000000000e+00	12
139	1.000000000000000e+00	8
140	1.000000000000000e+00	16
141	1.000000000000000e+00	12
142	1.000000000000000e+00	4
143	1.000000000000000e+00	28
144	1.000000000000000e+00	12
145	1.000000000000000e+00	2
146	1.000000000000000e+00	6
147	1.000000000000000e+00	22
148	1.000000000000000e+00	2
149	1.000000000000000e+00	24
150	1.000000000000000e+00	26
151	1.000000000000000e+00	18
152	1.000000000000000e+00	4
153	1.000000000000000e+00	24
154	1.000000000000000e+00	6
155	1.000000000000000e+00	8
156	1.000000000000000e+00	18
157	1.000000000000000e+00	10
158	1.000000000000000e+00	10
159	1.000000000000000e+00	12
160	1.000000000000000e+00	38
161	1.000000000000000e+00	2
162	1.000000000000000e+00	2
163	1.000000000000000e+00	6
164	1.000000000000000e+00	4
165	1.000000000000000e+00	4
166	1.000000000000000e+00	2
167	1.000000000000000e+00	2
168	1.000000000000000e+00	18
169	1.000000000000000e+00	4
170	1.000000000000000e+00	12
171	1.000000000000000e+00	4
172	1.000000000000000e+00	4
173	1.000000000000000e+00	10
174	1.000000000000000e+00	4
175	1.000000000000000e+00	32
176	1.000000000000000e+00	10
177	1.000000000000000e+00	14
178	1.000000000000000e+00	8
179	1.000000000000000e+00	16
180	1.000000000000000e+00	8
181	1.000000000000000e+00	32
182	1.000000000000000e+00	6
183	1.000000000000000e+00	16
184	1.000000000000000e+00	8
185	1.000000000000000e+00	20
186	1.000000000000000e+00	20
187	1.000000000000000e+00	6
188	1.000000000000000e+00	8
189	1.000000000000000e+00	6
190	1.000000000000000e+00	26
191	1.000000000000000e+00	8
192	1.000000000000000e+00	2
193	1.000000000000000e+00	6
194	1.000000000000000e+00	2
195	1.000000000000000e+00	4
196	1.000000000000000e+00	14
197	1.000000000000000e+00	14
198	1.000000000000000e+00	12
199	1.000000000000000e+00	2
200	1.000000000000000e+00	12
201	1.000000000000000e+00	6
202	1.000000000000000e+00	8
203	1.000000000000000e+00	14
204	1.000000000000000e+00	8
205	1.000000000000000e+00	10
206	1.000000000000000e+00	22
207	1.000000000000000e+00	24
208	1.000000000000000e+00	6
209	1.000000000000000e+00	4
210	1.000000000000000e+00	30
211	1.000000000000000e+00	6
212	1.000000000000000e+00	10
213	1.000000000000000e+00	2
214	1.000000000000000e+00	6
215	1.000000000000000e+00	10
216	1.000000000000000e+00	2
217	1.000000000000000e+00	14
218	1.000000000000000e+00	12
219	1.000000000000000e+00	12
220	1.000000000000000e+00	2
221	1.000000000000000e+00	30
222	1.000000000000000e+00	16
223	1.000000000000000e+00	4
224	1.000000000000000e+00	6
225	1.000000000000000e+00	28
226	1.000000000000000e+00	4
227	1.000000000000000e+00	2
228	1.000000000000000e+00	6
229	1.000000000000000e+00	14
230	1.000000000000000e+00	6
231	1.000000000000000e+00	24
232	1.000000000000000e+00	10
233	1.000000000000000e+00	10
234	1.000000000000000e+00	6
235	1.000000000000000e+00	20
236	1.000000000000000e+00	18
237	1.000000000000000e+00	10
238	1.000000000000000e+00	2
239	1.000000000000000e+00	14
240	1.000000000000000e+00	12
241	1.000000000000000e+00	20
242	1.000000000000000e+00	10
243	1.000000000000000e+00	6
244	1.000000000000000e+00	26
245	1.000000000000000e+00	6
246	1.000000000000000e+00	18
247	1.000000000000000e+00	2
248	1.000000000000000e+00	10
249	1.000000000000000e+00	30
250	1.000000000000000e+00	36
251	1.000000000000000e+00	30
252	1.000000000000000e+00	8
253	1.000000000000000e+00	32
254	1.000000000000000e+00	8
255	1.000000000000000e+00	2
256	1.000000000000000e+00	16
257	1.000000000000000e+00	30
258	1.000000000000000e+00	12
259	1.000000000000000e+00	6
260	1.000000000000000e+00	2
261	1.000000000000000e+00	20
262	1.000000000000000e+00	50
263	1.000000000000000e+00	6
264	1.000000000000000e+00	6
265	1.000000000000000e+00	4
266	1.000000000000000e+00	38
267	1.000000000000000e+00	10
268	1.000000000000000e+00	6
269	1.000000000000000e+00	16
270	1.000000000000000e+00	18
271	1.000000000000000e+00	24
272	1.000000000000000e+00	18
273	1.000000000000000e+00	30
274	1.000000000000000e+00	4
275	1.000000000000000e+00	2
276	1.000000000000000e+00	32
277	1.000000000000000e+00	10
278	1.000000000000000e+00	24
279	1.000000000000000e+00	22
280	1.000000000000000e+00	20
281	1.000000000000000e+00	16
282	1.000000000000000e+00	24
283	1.000000000000000e+00	14
284	1.000000000000000e+00	10
285	1.000000000000000e+00	22
286	1.000000000000000e+00	4
287	1.000000000000000e+00	4
288	1.000000000000000e+00	12
289	1.000000000000000e+00	30
290	1.000000000000000e+00	2
291	1.000000000000000e+00	6
292	1.000000000000000e+00	8
293	1.000000000000000e+00	8
294	1.000000000000000e+00	4
295	1.000000000000000e+00	40
296	1.000000000000000e+00	8
297	1.000000000000000e+00	8
298	1.000000000000000e+00	8
299	1.000000000000000e+00	6
300	1.000000000000000e+00	12
301	1.000000000000000e+00	2
302	1.000000000000000e+00	2
303	1.000000000000000e+00	20
304	1.000000000000000e+00	6
305	1.000000000000000e+00	10
306	1.000000000000000e+00	32
307	1.000000000000000e+00	4
308	1.000000000000000e+00	6
309	1.000000000000000e+00	8
310	1.000000000000000e+00	24
311	1.000000000000000e+00	8
312	1.000000000000000e+00	2
313	1.000000000000000e+00	26
314	1.000000000000000e+00	8
315	1.000000000000000e+00	38
316	1.000000000000000e+00	26
317	1.000000000000000e+00	2
318	1.000000000000000e+00	8
319	1.000000000000000e+00	22
320	1.000000000000000e+00	6
321	1.000000000000000e+00	10
322	1.000000000000000e+00	4
323	1.000000000000000e+00	8
324	1.000000000000000e+00	8
325	1.000000000000000e+00	16
326	1.000000000000000e+00	2
327	1.000000000000000e+00	4
328	1.000000000000000e+00	2
329	1.000000000000000e+00	10
330	1.000000000000000e+00	6
331	1.000000000000000e+00	16
332	1.000000000000000e+00	18
333	1.000000000000000e+00	2
334	1.000000000000000e+00	18
335	1.000000000000000e+00	8
336	1.000000000000000e+00	2
337	1.000000000000000e+00	12
338	1.000000000000000e+00	22
339	1.000000000000000e+00	2
340	1.000000000000000e+00	6
341	1.000000000000000e+00	6
342	1.000000000000000e+00	16
343	1.000000000000000e+00	40
344	1.000000000000000e+00	2
345	1.000000000000000e+00	10
346	1.000000000000000e+00	28
347	1.000000000000000e+00	14
348	1.000000000000000e+00	10
349	1.000000000000000e+00	28
350	1.000000000000000e+00	10
351	1.000000000000000e+00	12
352	9.500154162466840e-01	250
353	8.999975353689645e-01	252
354	8.500108845851545e-01	312
355	8.000062779235709e-01	202
356	7.500026053270062e-01	268
357	6.999980035052150e-01	124
358	6.499872358679679e-01	232
359	5.999799047897645e-01	298
360	5.499710754997988e-01	274
361	4.999818704152799e-01	362
362	4.999731217315229e-01	250
363	5.249627703128495e-01	270
364	5.499511803881905e-01	266
365	5.749462771104134e-01	324
366	5.999549934762477e-01	278
367	6.249623768921817e-01	250
368	6.499520275233746e-01	222
369	6.749594071031839e-01	298
370	6.999456991679774e-01	310
371	7.249580198300887e-01	328
372	7.499464417287375e-01	280
373	7.999273860333131e-01	198
374	8.499099288376462e-01	344
375	8.999016210619694e-01	262
376	9.499119063856367e-01	300
377	9.999208370112562e-01	266
378	9.999027850042491e-01	246
379	9.999169010854735e-01	296
380	9.999037281023144e-01	234
381	9.999078636457003e-01	226
382	9.998982819854288e-01	200
383	9.998866561096731e-01	308
384	9.998680225435864e-01	206
385	9.998702675841674e-01	294
386	9.998645755799407e-01	306
387	9.998551714920336e-01	172
388	9.998460561798718e-01	198
389	9.998534438201816e-01	290
390	9.998572507650335e-01	286
391	9.998762553328192e-01	318
392	9.998864998550351e-01	284
393	9.998821361705948e-01	220
394	9.998872316724059e-01	234
395	9.998999592276653e-01	264
396	9.999009553139475e-01	316
397	9.999208329463839e-01	248
398	9.999096435206919e-01	238
399	9.999221487709450e-01	298
400	9.999390492836041e-01	218
401	9.999213143860173e-01	334
402	9.999109591518984e-01	204
403	9.999110177304774e-01	330
404	9.999036735139740e-01	260
405	9.999080101442148e-01	248
406	9.999100392979804e-01	308
407	9.999027053814302e-01	328
408	9.999127606654064e-01	226
409	9.998953691078194e-01	250
410	9.999110207957795e-01	350
411	9.999148873327718e-01	278
412	9.999110334665909e-01	264
413	9.999302102618031e-01	210
414	9.999182050864445e-01	274
415	9.999373880867286e-01	336
416	9.999322064090046e-01	320
417	9.999505593760115e-01	306
418	9.999436803231923e-01	208
419	9.999541505098596e-01	238
420	9.999472301756025e-01	220
421	9.999574398755769e-01	270
422	9.999693530381343e-01	258
423	9.999551799459363e-01	310
424	9.999749619152443e-01	80
425	9.999870673589570e-01	276
426	1.000000000000000e+00	22
427	1.000000000000000e+00	26
428	1.000000000000000e+00	8
429	1.000000000000000e+00	18
430	1.000000000000000e+00	14
431	1.000000000000000e+00	4
432	1.000000000000000e+00	16
433	1.000000000000000e+00	4
434	1.000000000000000e+00	4
435	1.000000000000000e+00	34
436	1.000000000000000e+00	6
437	1.000000000000000e+00	16
438	1.000000000000000e+00	6
439	1.000000000000000e+00	6
440	1.000000000000000e+00	10
441	1.000000000000000e+00	8
442	1.000000000000000e+00	18
443	1.000000000000000e+00	18
444	1.000000000000000e+00	10
445	1.000000000000000e+00	16
446	1.000000000000000e+00	20
447	1.000000000000000e+00	12
448	1.000000000000000e+00	12
449	1.000000000000000e+00	30
450	1.000000000000000e+00	36
451	1.000000000000000e+00	22
452	1.000000000000000e+00	20
453	1.000000000000000e+00	12
454	1.000000000000000e+00	36
455	1.000000000000000e+00	26
456	1.000000000000000e+00	8
457	1.000000000000000e+00	8
458	1.000000000000000e+00	28
459	1.000000000000000e+00	8
460	1.000000000000000e+00	10
461	1.000000000000000e+00	12
462	1.000000000000000e+00	4
463	1.000000000000000e+00	16
464	1.000000000000000e+00	32
465	1.000000000000000e+00	12
466	1.000000000000000e+00	28
467	1.000000000000000e+00	6
468	1.000000000000000e+00	26
469	1.000000000000000e+00	4
470	1.000000000000000e+00	12
471	1.000000000000000e+00	4
472	1.000000000000000e+00	6
473	1.000000000000000e+00	18
474	1.000000000000000e+00	20
475	1.000000000000000e+00	28
476	1.000000000000000e+00	4
477	1.000000000000000e+00	16
478	1.000000000000000e+00	20
479	1.000000000000000e+00	8
480	1.000000000000000e+00	20
481	1.000000000000000e+00	4
482	1.000000000000000e+00	10
483	1.000000000000000e+00	16
484	1.000000000000000e+00	14
485	1.000000000000000e+00	6
486	1.000000000000000e+00	12
487	1.000000000000000e+00	4
488	1.000000000000000e+00	2
489	1.000000000000000e+00	14
490	1.000000000000000e+00	2
491	1.000000000000000e+00	14
492	1.000000000000000e+00	4
493	1.000000000000000e+00	12
494	1.000000000000000e+00	6
495	1.000000000000000e+00	6
496	1.000000000000000e+00	2
497	1.000000000000000e+00	6
498	1.000000000000000e+00	2
499	1.000000000000000e+00	2
500	1.000000000000000e+00	22
501	1.000000000000000e+00	16
502	1.000000000000000e+00	4
503	1.000000000000000e+00	42
504	1.000000000000000e+00	6
505	1.000000000000000e+00	14
506	1.000000000000000e+00	68
507	1.000000000000000e+00	2
508	1.000000000000000e+00	2
509	1.000000000000000e+00	2
510	1.000000000000000e+00	6
511	1.000000000000000e+00	14
512	1.000000000000000e+00	8
513	1.000000000000000e+00	12
514	1.000000000000000e+00	8
515	1.000000000000000e+00	12
516	1.000000000000000e+00	10
517	1.000000000000000e+00	12
518	1.000000000000000e+00	8
519	1.000000000000000e+00	28
520	1.000000000000000e+00	8
521	1.000000000000000e+00	16
522	1.000000000000000e+00	4
523	1.000000000000000e+00	8
524	1.000000000000000e+00	8
525	1.000000000000000e+00	10
526	1.000000000000000e+00	32
527	1.000000000000000e+00	4
528	1.000000000000000e+00	4
529	1.000000000000000e+00	10
530	1.000000000000000e+00	12
531	1.000000000000000e+00	4
532	1.000000000000000e+00	6
533	1.000000000000000e+00	18
534	1.000000000000000e+00	12
535	1.000000000000000e+00	10
536	1.000000000000000e+00	16
537	1.000000000000000e+00	22
538	1.000000000000000e+00	18
539	1.000000000000000e+00	6
540	1.000000000000000e+00	16
541	1.000000000000000e+00	12
542	1.000000000000000e+00	30
543	1.000000000000000e+00	2
544	1.000000000000000e+00	32
545	1.000000000000000e+00	12
546	1.000000000000000e+00	14
547	1.000000000000000e+00	8
548	1.000000000000000e+00	6
549	1.000000000000000e+00	12
550	1.000000000000000e+00	12
551	1.000000000000000e+00	8
552	1.000000000000000e+00	8
553	1.000000000000000e+00	16
554	1.000000000000000e+00	18
555	1.000000000000000e+00	10
556	1.000000000000000e+00	6
557	1.000000000000000e+00	10
558	1.000000000000000e+00	40
559	1.000000000000000e+00	6
560	1.000000000000000e+00	14
561	1.000000000000000e+00	2
562	1.000000000000000e+00	4
563	1.000000000000000e+00	12
564	1.000000000000000e+00	2
565	1.000000000000000e+00	14
566	1.000000000000000e+00	18
567	1.000000000000000e+00	20
568	1.000000000000000e+00	4
569	1.000000000000000e+00	2
570	1.000000000000000e+00	8
571	1.000000000000000e+00	2
572	1.000000000000000e+00	10
573	1.000000000000000e+00	16
574	1.000000000000000e+00	4
575	1.000000000000000e+00	2
576	1.000000000000000e+00	10
577	1.000000000000000e+00	4
578	1.000000000000000e+00	10
579	1.000000000000000e+00	12
580	1.000000000000000e+00	14
581	1.000000000000000e+00	10
582	1.000000000000000e+00	22
583	1.000000000000000e+00	16
584	1.000000000000000e+00	10
585	1.000000000000000e+00	16
586	1.000000000000000e+00	2
587	1.000000000000000e+00	12
588	1.000000000000000e+00	4
589	1.000000000000000e+00	16
590	1.000000000000000e+00	20
591	1.000000000000000e+00	22
592	1.000000000000000e+00	12
593	1.000000000000000e+00	24
594	1.000000000000000e+00	44
595	1.000000000000000e+00	4
596	1.000000000000000e+00	24
597	1.000000000000000e+00	28
598	1.000000000000000e+00	24
599	1.000000000000000e+00	12
600	1.000000000000000e+00	22
601	1.000000000000000e+00	16
602	1.000000000000000e+00	14
603	1.000000000000000e+00	12
604	1.000000000000000e+00	14
605	1.000000000000000e+00	22
606	1.000000000000000e+00	2
607	1.000000000000000e+00	2
608	1.000000000000000e+00	30
609	1.000000000000000e+00	6
610	1.000000000000000e+00	2
611	1.000000000000000e+00	4
612	1.000000000000000e+00	2
613	1.000000000000000e+00	2
614	1.000000000000000e+00	4
615	1.000000000000000e+00	30
616	1.000000000000000e+00	10
617	1.000000000000000e+00	4
618	1.000000000000000e+00	18
619	1.000000000000000e+00	20
620	1.000000000000000e+00	30
621	1.000000000000000e+00	2
622	1.000000000000000e+00	2
623	1.000000000000000e+00	10
624	1.000000000000000e+00	28
625	1.000000000000000e+00	16
626	1.000000000000000e+00	4
627	1.000000000000000e+00	12
628	1.000000000000000e+00	12
629	1.000000000000000e+00	26
630	1.000000000000000e+00	8
631	1.000000000000000e+00	6
632	1.000000000000000e+00	42
633	1.000000000000000e+00	40
634	1.000000000000000e+00	14
635	1.000000000000000e+00	4
636	1.000000000000000e+00	4
637	1.000000000000000e+00	32
638	1.000000000000000e+00	2
639	1.000000000000000e+00	18
640	1.000000000000000e+00	2
641	1.000000000000000e+00	2
642	1.000000000000000e+00	4
643	1.000000000000000e+00	2
644	1.000000000000000e+00	30
645	1.000000000000000e+00	4
646	1.000000000000000e+00	18
647	1.000000000000000e+00	8
648	1.000000000000000e+00	2
649	1.000000000000000e+00	26
650	1.000000000000000e+00	24
651	9.704145638432541e-01	272
652	9.374328524524117e-01	322
653	9.056230055055794e-01	258
654	8.750147836385600e-01	242
655	8.456017652570736e-01	186
656	8.174160281116658e-01	318
657	7.904042947737280e-01	292
658	7.646032927694801e-01	278
659	7.399916144237455e-01	252
660	7.166030426632896e-01	202
661	6.944132159282226e-01	266
662	6.734023891820500e-01	268
663	6.536041924726596e-01	314
664	6.349945427293376e-01	232
665	6.175821539495887e-01	304
666	6.013845758870022e-01	320
667	5.863788501945407e-01	220
668	5.725692226009096e-01	298
669	5.599607823892219e-01	342
670	5.485535955339437e-01	350
671	5.383571042591493e-01	296
672	5.293599214090570e-01	296
673	5.215687621116153e-01	242
674	5.149657981206003e-01	270
675	5.095620314983976e-01	356
676	5.053655213062122e-01	342
677	5.023650233534903e-01	208
678	5.005619048502600e-01	316
679	4.999626123678023e-01	294
680	5.005589486051395e-01	336
681	5.023563800652362e-01	248
682	5.053581010740689e-01	264
683	5.095549004252408e-01	342
684	5.149529615931107e-01	282
685	5.215522789932833e-01	214
686	5.293609536322771e-01	160
687	5.383683237731096e-01	254
688	5.485633049259820e-01	292
689	5.599625435048341e-01	236
690	5.725707319379576e-01	244
691	5.863612149527013e-01	268
692	6.013545916119204e-01	266
693	6.175414372429299e-01	240
694	6.349437690909630e-01	306
695	6.535376645504384e-01	308
696	6.733432716328794e-01	324
697	6.943299802426829e-01	324
698	7.165410764276563e-01	268
699	7.399399172245655e-01	258
700	7.645481246329896e-01	274
701	7.903344143036678e-01	274
702	8.173154344716581e-01	168
703	8.455069080291384e-01	288
704	8.748887799014959e-01	304
705	9.054701958474441e-01	240
706	9.372667282061209e-01	270
707	9.998756063701372e-01	234
708	9.998712773828261e-01	256
709	9.998757901605235e-01	296
710	9.998901235986262e-01	234
711	9.999043781071265e-01	96
712	9.998962015679520e-01	200
713	9.998964402871497e-01	278
714	9.998985638054971e-01	330
715	9.999153682477090e-01	262
716	9.999228981867789e-01	278
717	9.999427711772680e-01	254
718	9.999470996788512e-01	256
719	9.999634767121434e-01	298
720	9.999736148468237e-01	276
721	9.999785491873336e-01	234
722	1.000000000000000e+00	2
723	1.000000000000000e+00	12
724	1.000000000000000e+00	2
725	1.000000000000000e+00	14
726	1.000000000000000e+00	4
727	1.000000000000000e+00	2
728	1.000000000000000e+00	4
729	1.000000000000000e+00	18
730	1.000000000000000e+00	8
731	1.000000000000000e+00	6
732	1.000000000000000e+00	18
733	1.000000000000000e+00	2
734	1.000000000000000e+00	10
735	1.000000000000000e+00	2
736	1.000000000000000e+00	16
737	1.000000000000000e+00	8
738	1.000000000000000e+00	36
739	1.000000000000000e+00	16
740	1.000000000000000e+00	6
741	1.000000000000000e+00	4
742	1.000000000000000e+00	6
743	1.000000000000000e+00	16
744	1.000000000000000e+00	4
745	1.000000000000000e+00	12
746	1.000000000000000e+00	10
747	1.000000000000000e+00	2
748	1.000000000000000e+00	4
749	1.000000000000000e+00	2
750	1.000000000000000e+00	2
751	1.000000000000000e+00	16
752	1.000000000000000e+00	8
753	1.000000000000000e+00	8
754	1.000000000000000e+00	20
755	1.000000000000000e+00	2
756	1.000000000000000e+00	4
757	1.000000000000000e+00	18
758	1.000000000000000e+00	4
759	1.000000000000000e+00	30
760	1.000000000000000e+00	24
761	1.000000000000000e+00	30
762	1.000000000000000e+00	10
763	1.000000000000000e+00	12
764	1.000000000000000e+00	4
765	1.000000000000000e+00	8
766	1.000000000000000e+00	12
767	1.000000000000000e+00	4
768	1.000000000000000e+00	4
769	1.000000000000000e+00	14
770	1.000000000000000e+00	2
771	1.000000000000000e+00	12
772	1.000000000000000e+00	12
773	1.000000000000000e+00	20
774	1.000000000000000e+00	6
775	1.000000000000000e+00	2
776	1.000000000000000e+00	10
777	1.000000000000000e+00	6
778	1.000000000000000e+00	6
779	1.000000000000000e+00	4
780	1.000000000000000e+00	6
781	1.000000000000000e+00	10
782	1.000000000000000e+00	12
783	1.000000000000000e+00	12
784	1.000000000000000e+00	2
785	1.000000000000000e+00	18
786	1.000000000000000e+00	14
787	1.000000000000000e+00	20
788	1.000000000000000e+00	22
789	1.000000000000000e+00	16
790	1.000000000000000e+00	26
791	1.000000000000000e+00	48
792	1.000000000000000e+00	16
793	1.000000000000000e+00	38
794	1.000000000000000e+00	58
795	1.000000000000000e+00	8
796	1.000000000000000e+00	10
797	1.000000000000000e+00	14
798	1.000000000000000e+00	8
799	1.000000000000000e+00	28
800	1.000000000000000e+00	22
801	1.000000000000000e+00	10
802	1.000000000000000e+00	10
803	1.000000000000000e+00	14
804	1.000000000000000e+00	8
805	1.000000000000000e+00	24
806	1.000000000000000e+00	30
807	1.000000000000000e+00	4
808	1.000000000000000e+00	10
809	1.000000000000000e+00	4
810	1.000000000000000e+00	6
811	1.000000000000000e+00	20
812	1.000000000000000e+00	12
813	1.000000000000000e+00	10
814	1.000000000000000e+00	2
815	1.000000000000000e+00	12
816	1.000000000000000e+00	14
817	1.000000000000000e+00	20
818	1.000000000000000e+00	14
819	1.000000000000000e+00	14
820	1.000000000000000e+00	6
821	1.000000000000000e+00	8
822	1.000000000000000e+00	4
823	1.000000000000000e+00	4
824	1.000000000000000e+00	2
825	1.000000000000000e+00	4
826	1.000000000000000e+00	14
827	1.000000000000000e+00	2
828	1.000000000000000e+00	6
829	1.000000000000000e+00	6
830	1.000000000000000e+00	6
831	1.000000000000000e+00	8
832	1.000000000000000e+00	2
833	1.000000000000000e+00	12
834	1.000000000000000e+00	12
835	1.000000000000000e+00	8
836	1.000000000000000e+00	24
837	1.000000000000000e+00	16
838	1.000000000000000e+00	10
839	1.000000000000000e+00	10
840	1.000000000000000e+00	4
841	1.000000000000000e+00	2
842	1.000000000000000e+00	2
843	1.000000000000000e+00	2
844	1.000000000000000e+00	2
845	1.000000000000000e+00	24
846	1.000000000000000e+00	22
847	1.000000000000000e+00	10
848	1.000000000000000e+00	10
849	1.000000000000000e+00	10
850	1.000000000000000e+00	6
851	1.000000000000000e+00	6
852	1.000000000000000e+00	6
853	1.000000000000000e+00	14
854	1.000000000000000e+00	6
855	1.000000000000000e+00	6
856	1.000000000000000e+00	22
857	1.000000000000000e+00	4
858	1.000000000000000e+00	16
859	1.000000000000000e+00	32
860	1.000000000000000e+00	10
861	1.000000000000000e+00	8
862	1.000000000000000e+00	18
863	1.000000000000000e+00	6
864	1.000000000000000e+00	16
865	1.000000000000000e+00	2
866	1.000000000000000e+00	4
867	1.000000000000000e+00	8
868	1.000000000000000e+00	8
869	1.000000000000000e+00	4
870	1.000000000000000e+00	6
871	1.000000000000000e+00	12
872	1.000000000000000e+00	2
873	1.000000000000000e+00	6
874	1.000000000000000e+00	2
875	1.000000000000000e+00	2
876	1.000000000000000e+00	6
877	1.000000000000000e+00	4
878	1.000000000000000e+00	10
879	1.000000000000000e+00	10
880	1.000000000000000e+00	4
881	1.000000000000000e+00	8
882	1.000000000000000e+00	4
883	1.000000000000000e+00	10
884	1.000000000000000e+00	28
885	1.000000000000000e+00	10
886	1.000000000000000e+00	18
887	1.000000000000000e+00	8
888	1.000000000000000e+00	12
889	1.000000000000000e+00	6
890	1.000000000000000e+00	20
891	1.000000000000000e+00	14
892	1.000000000000000e+00	24
893	1.000000000000000e+00	8
894	1.000000000000000e+00	10
895	1.000000000000000e+00	14
896	1.000000000000000e+00	34
897	1.000000000000000e+00	24
898	1.000000000000000e+00	20
899	1.000000000000000e+00	4
900	1.000000000000000e+00	24
901	1.000000000000000e+00	4
902	1.000000000000000e+00	6
903	1.000000000000000e+00	16
904	1.000000000000000e+00	28
905	1.000000000000000e+00	4
906	1.000000000000000e+00	14
907	1.000000000000000e+00	4
908	1.000000000000000e+00	2
909	1.000000000000000e+00	2
910	1.000000000000000e+00	6
911	1.000000000000000e+00	6
912	1.000000000000000e+00	50
913	1.000000000000000e+00	16
914	1.000000000000000e+00	6
915	1.000000000000000e+00	8
916	1.000000000000000e+00	2
917	1.000000000000000e+00	18
918	1.000000000000000e+00	2
919	1.000000000000000e+00	38
920	1.000000000000000e+00	4
921	1.000000000000000e+00	10
922	1.000000000000000e+00	6
923	1.000000000000000e+00	8
924	1.000000000000000e+00	14
925	1.000000000000000e+00	8
926	1.000000000000000e+00	8
927	1.000000000000000e+00	44
928	1.000000000000000e+00	2
929	1.000000000000000e+00	2
930	1.000000000000000e+00	2
931	1.000000000000000e+00	4
932	1.000000000000000e+00	8
933	1.000000000000000e+00	28
934	1.000000000000000e+00	6
935	1.000000000000000e+00	30
936	1.000000000000000e+00	8
937	1.000000000000000e+00	26
938	1.000000000000000e+00	14
939	1.000000000000000e+00	2
940	1.000000000000000e+00	2
941	1.000000000000000e+00	4
942	1.000000000000000e+00	22
943	1.000000000000000e+00	14
944	1.000000000000000e+00	4
945	1.000000000000000e+00	16
946	1.000000000000000e+00	22
947	1.000000000000000e+00	2
948	1.000000000000000e+00	28
949	1.000000000000000e+00	10
950	1.000000000000000e+00	18
951	1.000000000000000e+00	8
952	1.000000000000000e+00	4
953	1.000000000000000e+00	22
954	1.000000000000000e+00	16
955	1.000000000000000e+00	14
956	1.000000000000000e+00	20
957	1.000000000000000e+00	10
958	1.000000000000000e+00	16
959	1.000000000000000e+00	24
960	1.000000000000000e+00	12
961	1.000000000000000e+00	10
962	1.000000000000000e+00	2
963	1.000000000000000e+00	10
964	1.000000000000000e+00	26
965	1.000000000000000e+00	8
966	1.000000000000000e+00	12
967	1.000000000000000e+00	4
968	1.000000000000000e+00	18
969	1.000000000000000e+00	8
970	1.000000000000000e+00	10
971	1.000000000000000e+00	12
972	1.000000000000000e+00	18
973	1.000000000000000e+00	4
974	1.000000000000000e+00	2
975	1.000000000000000e+00	20
976	1.000000000000000e+00	12
977	1.000000000000000e+00	8
978	1.000000000000000e+00	10
979	1.000000000000000e+00	2
980	1.000000000000000e+00	6
981	1.000000000000000e+00	2
982	1.000000000000000e+00	26
983	1.000000000000000e+00	4
984	1.000000000000000e+00	4
985	1.000000000000000e+00	12
986	1.000000000000000e+00	4
987	1.000000000000000e+00	8
988	1.000000000000000e+00	2
989	1.000000000000000e+00	4
990	1.000000000000000e+00	6
991	1.000000000000000e+00	12
992	1.000000000000000e+00	12
993	1.000000000000000e+00	8
994	1.000000000000000e+00	32
995	1.000000000000000e+00	2
996	1.000000000000000e+00	10
997	1.000000000000000e+00	2
998	1.000000000000000e+00	12
999	1.000000000000000e+00	22
1000	1.000000000000000e+00	14


Tempo gasto: 16.638673
