Método usado: LUUS JAAKOLA

POSIÇÃO	ÁREA(mm²)	CUSTO

1	1.000000000000000e+00	12
2	1.000000000000000e+00	4
3	1.000000000000000e+00	10
4	1.000000000000000e+00	22
5	1.000000000000000e+00	2
6	1.000000000000000e+00	8
7	1.000000000000000e+00	16
8	1.000000000000000e+00	14
9	1.000000000000000e+00	32
10	1.000000000000000e+00	4
11	1.000000000000000e+00	2
12	1.000000000000000e+00	18
13	1.000000000000000e+00	20
14	1.000000000000000e+00	12
15	1.000000000000000e+00	16
16	1.000000000000000e+00	24
17	1.000000000000000e+00	6
18	1.000000000000000e+00	4
19	1.000000000000000e+00	12
20	1.000000000000000e+00	12
21	1.000000000000000e+00	4
22	1.000000000000000e+00	4
23	1.000000000000000e+00	14
24	1.000000000000000e+00	4
25	1.000000000000000e+00	48
26	1.000000000000000e+00	8
27	1.000000000000000e+00	26
28	1.000000000000000e+00	16
29	1.000000000000000e+00	16
30	1.000000000000000e+00	6
31	1.000000000000000e+00	2
32	1.000000000000000e+00	20
33	1.000000000000000e+00	28
34	1.000000000000000e+00	2
35	1.000000000000000e+00	10
36	1.000000000000000e+00	22
37	1.000000000000000e+00	16
38	1.000000000000000e+00	6
39	1.000000000000000e+00	6
40	1.000000000000000e+00	12
41	1.000000000000000e+00	8
42	1.000000000000000e+00	14
43	1.000000000000000e+00	2
44	1.000000000000000e+00	54
45	1.000000000000000e+00	24
46	1.000000000000000e+00	22
47	1.000000000000000e+00	6
48	1.000000000000000e+00	2
49	1.000000000000000e+00	2
50	1.000000000000000e+00	16
51	1.000000000000000e+00	6
52	1.000000000000000e+00	20
53	1.000000000000000e+00	10
54	1.000000000000000e+00	6
55	1.000000000000000e+00	4
56	1.000000000000000e+00	4
57	1.000000000000000e+00	6
58	1.000000000000000e+00	20
59	1.000000000000000e+00	24
60	1.000000000000000e+00	2
61	1.000000000000000e+00	4
62	1.000000000000000e+00	4
63	1.000000000000000e+00	2
64	1.000000000000000e+00	46
65	1.000000000000000e+00	2
66	1.000000000000000e+00	4
67	1.000000000000000e+00	16
68	1.000000000000000e+00	8
69	1.000000000000000e+00	6
70	1.000000000000000e+00	2
71	1.000000000000000e+00	12
72	1.000000000000000e+00	2
73	1.000000000000000e+00	8
74	1.000000000000000e+00	20
75	1.000000000000000e+00	16
76	1.000000000000000e+00	2
77	1.000000000000000e+00	4
78	1.000000000000000e+00	10
79	1.000000000000000e+00	8
80	1.000000000000000e+00	20
81	1.000000000000000e+00	10
82	1.000000000000000e+00	6
83	1.000000000000000e+00	2
84	1.000000000000000e+00	6
85	1.000000000000000e+00	20
86	1.000000000000000e+00	24
87	1.000000000000000e+00	18
88	1.000000000000000e+00	8
89	1.000000000000000e+00	4
90	1.000000000000000e+00	2
91	1.000000000000000e+00	22
92	1.000000000000000e+00	12
93	1.000000000000000e+00	26
94	1.000000000000000e+00	2
95	1.000000000000000e+00	8
96	1.000000000000000e+00	4
97	1.000000000000000e+00	22
98	1.000000000000000e+00	30
99	1.000000000000000e+00	10
100	1.000000000000000e+00	12
101	1.000000000000000e+00	30
102	1.000000000000000e+00	12
103	1.000000000000000e+00	8
104	1.000000000000000e+00	10
105	1.000000000000000e+00	20
106	1.000000000000000e+00	8
107	1.000000000000000e+00	4
108	1.000000000000000e+00	12
109	1.000000000000000e+00	16
110	1.000000000000000e+00	8
111	1.000000000000000e+00	20
112	1.000000000000000e+00	8
113	1.000000000000000e+00	44
114	1.000000000000000e+00	8
115	1.000000000000000e+00	28
116	1.000000000000000e+00	2
117	1.000000000000000e+00	2
118	1.000000000000000e+00	2
119	1.000000000000000e+00	6
120	1.000000000000000e+00	20
121	1.000000000000000e+00	12
122	1.000000000000000e+00	20
123	1.000000000000000e+00	6
124	1.000000000000000e+00	30
125	1.000000000000000e+00	8
126	1.000000000000000e+00	18
127	1.000000000000000e+00	36
128	1.000000000000000e+00	12
129	1.000000000000000e+00	2
130	1.000000000000000e+00	4
131	1.000000000000000e+00	2
132	1.000000000000000e+00	10
133	1.000000000000000e+00	6
134	1.000000000000000e+00	18
135	1.000000000000000e+00	6
136	1.000000000000000e+00	4
137	1.000000000000000e+00	30
138	1.000000000000000e+00	40
139	1.000000000000000e+00	26
140	1.000000000000000e+00	8
141	1.000000000000000e+00	14
142	1.000000000000000e+00	6
143	1.000000000000000e+00	20
144	1.000000000000000e+00	10
145	1.000000000000000e+00	10
146	1.000000000000000e+00	20
147	1.000000000000000e+00	12
148	1.000000000000000e+00	22
149	1.000000000000000e+00	10
150	1.000000000000000e+00	8
151	1.000000000000000e+00	14
152	1.000000000000000e+00	4
153	1.000000000000000e+00	6
154	1.000000000000000e+00	6
155	1.000000000000000e+00	20
156	1.000000000000000e+00	6
157	1.000000000000000e+00	8
158	1.000000000000000e+00	8
159	1.000000000000000e+00	8
160	1.000000000000000e+00	16
161	1.000000000000000e+00	4
162	1.000000000000000e+00	10
163	1.000000000000000e+00	24
164	1.000000000000000e+00	2
165	1.000000000000000e+00	2
166	1.000000000000000e+00	14
167	1.000000000000000e+00	20
168	1.000000000000000e+00	2
169	1.000000000000000e+00	16
170	1.000000000000000e+00	4
171	1.000000000000000e+00	4
172	1.000000000000000e+00	22
173	1.000000000000000e+00	32
174	1.000000000000000e+00	8
175	1.000000000000000e+00	22
176	1.000000000000000e+00	16
177	1.000000000000000e+00	24
178	1.000000000000000e+00	10
179	1.000000000000000e+00	6
180	1.000000000000000e+00	2
181	1.000000000000000e+00	6
182	1.000000000000000e+00	32
183	1.000000000000000e+00	22
184	1.000000000000000e+00	8
185	1.000000000000000e+00	2
186	1.000000000000000e+00	6
187	1.000000000000000e+00	8
188	1.000000000000000e+00	32
189	1.000000000000000e+00	4
190	1.000000000000000e+00	12
191	1.000000000000000e+00	6
192	1.000000000000000e+00	12
193	1.000000000000000e+00	26
194	1.000000000000000e+00	18
195	1.000000000000000e+00	6
196	1.000000000000000e+00	10
197	1.000000000000000e+00	60
198	1.000000000000000e+00	16
199	1.000000000000000e+00	4
200	1.000000000000000e+00	4
201	1.000000000000000e+00	10
202	1.000000000000000e+00	16
203	1.000000000000000e+00	18
204	1.000000000000000e+00	6
205	1.000000000000000e+00	18
206	1.000000000000000e+00	6
207	1.000000000000000e+00	18
208	1.000000000000000e+00	20
209	1.000000000000000e+00	30
210	1.000000000000000e+00	6
211	1.000000000000000e+00	16
212	1.000000000000000e+00	6
213	1.000000000000000e+00	14
214	1.000000000000000e+00	2
215	1.000000000000000e+00	6
216	1.000000000000000e+00	36
217	1.000000000000000e+00	4
218	1.000000000000000e+00	12
219	1.000000000000000e+00	4
220	1.000000000000000e+00	22
221	1.000000000000000e+00	8
222	1.000000000000000e+00	16
223	1.000000000000000e+00	2
224	1.000000000000000e+00	6
225	1.000000000000000e+00	20
226	1.000000000000000e+00	30
227	1.000000000000000e+00	14
228	1.000000000000000e+00	8
229	1.000000000000000e+00	4
230	1.000000000000000e+00	6
231	1.000000000000000e+00	8
232	1.000000000000000e+00	34
233	1.000000000000000e+00	14
234	1.000000000000000e+00	2
235	1.000000000000000e+00	6
236	1.000000000000000e+00	4
237	1.000000000000000e+00	14
238	1.000000000000000e+00	22
239	1.000000000000000e+00	8
240	1.000000000000000e+00	2
241	1.000000000000000e+00	6
242	1.000000000000000e+00	10
243	1.000000000000000e+00	8
244	1.000000000000000e+00	24
245	1.000000000000000e+00	18
246	1.000000000000000e+00	2
247	1.000000000000000e+00	2
248	1.000000000000000e+00	16
249	1.000000000000000e+00	14
250	1.000000000000000e+00	32
251	1.000000000000000e+00	2
252	1.000000000000000e+00	6
253	1.000000000000000e+00	8
254	1.000000000000000e+00	14
255	1.000000000000000e+00	20
256	1.000000000000000e+00	6
257	1.000000000000000e+00	22
258	1.000000000000000e+00	10
259	1.000000000000000e+00	10
260	1.000000000000000e+00	8
261	1.000000000000000e+00	28
262	1.000000000000000e+00	8
263	1.000000000000000e+00	6
264	1.000000000000000e+00	16
265	1.000000000000000e+00	10
266	1.000000000000000e+00	4
267	1.000000000000000e+00	10
268	1.000000000000000e+00	12
269	1.000000000000000e+00	12
270	1.000000000000000e+00	6
271	1.000000000000000e+00	2
272	1.000000000000000e+00	8
273	1.000000000000000e+00	8
274	1.000000000000000e+00	8
275	1.000000000000000e+00	12
276	1.000000000000000e+00	30
277	1.000000000000000e+00	10
278	1.000000000000000e+00	10
279	1.000000000000000e+00	16
280	1.000000000000000e+00	30
281	1.000000000000000e+00	6
282	1.000000000000000e+00	18
283	1.000000000000000e+00	12
284	1.000000000000000e+00	10
285	1.000000000000000e+00	22
286	1.000000000000000e+00	22
287	1.000000000000000e+00	16
288	1.000000000000000e+00	2
289	1.000000000000000e+00	2
290	1.000000000000000e+00	8
291	1.000000000000000e+00	28
292	1.000000000000000e+00	8
293	1.000000000000000e+00	16
294	1.000000000000000e+00	4
295	1.000000000000000e+00	18
296	1.000000000000000e+00	8
297	1.000000000000000e+00	8
298	1.000000000000000e+00	12
299	1.000000000000000e+00	2
300	1.000000000000000e+00	6
301	1.000000000000000e+00	8
302	1.000000000000000e+00	4
303	1.000000000000000e+00	32
304	1.000000000000000e+00	14
305	1.000000000000000e+00	8
306	1.000000000000000e+00	14
307	1.000000000000000e+00	12
308	1.000000000000000e+00	14
309	1.000000000000000e+00	4
310	1.000000000000000e+00	22
311	1.000000000000000e+00	18
312	1.000000000000000e+00	20
313	1.000000000000000e+00	14
314	1.000000000000000e+00	8
315	1.000000000000000e+00	16
316	1.000000000000000e+00	16
317	1.000000000000000e+00	10
318	1.000000000000000e+00	8
319	1.000000000000000e+00	4
320	1.000000000000000e+00	4
321	1.000000000000000e+00	2
322	1.000000000000000e+00	4
323	1.000000000000000e+00	18
324	1.000000000000000e+00	14
325	1.000000000000000e+00	22
326	1.000000000000000e+00	6
327	1.000000000000000e+00	6
328	1.000000000000000e+00	18
329	1.000000000000000e+00	14
330	1.000000000000000e+00	4
331	1.000000000000000e+00	8
332	1.000000000000000e+00	10
333	1.000000000000000e+00	18
334	1.000000000000000e+00	2
335	1.000000000000000e+00	2
336	1.000000000000000e+00	34
337	1.000000000000000e+00	14
338	1.000000000000000e+00	8
339	1.000000000000000e+00	16
340	1.000000000000000e+00	34
341	1.000000000000000e+00	16
342	1.000000000000000e+00	12
343	1.000000000000000e+00	2
344	1.000000000000000e+00	10
345	1.000000000000000e+00	2
346	1.000000000000000e+00	10
347	1.000000000000000e+00	16
348	1.000000000000000e+00	34
349	1.000000000000000e+00	26
350	1.000000000000000e+00	6
351	1.000000000000000e+00	20
352	9.499967419101107e-01	214
353	8.999901726865289e-01	316
354	8.500049319939981e-01	286
355	8.000124592537384e-01	306
356	7.500203176912338e-01	238
357	7.000303426514926e-01	314
358	6.500185756616458e-01	302
359	6.000073211713729e-01	314
360	5.500081849901499e-01	310
361	5.000170299414429e-01	214
362	5.000097403507568e-01	330
363	5.250036950913929e-01	246
364	5.499949406103309e-01	302
365	5.749890440192948e-01	238
366	5.999893078194368e-01	290
367	6.249933482437112e-01	220
368	6.500014881431190e-01	248
369	6.749991262445251e-01	284
370	7.000047884373586e-01	294
371	7.250170335443790e-01	236
372	7.500032048229024e-01	212
373	7.999936672825954e-01	310
374	8.500094680238679e-01	228
375	8.999966763953590e-01	256
376	9.499831463632108e-01	226
377	1.000000000000000e+00	24
378	1.000000000000000e+00	6
379	1.000000000000000e+00	14
380	1.000000000000000e+00	20
381	1.000000000000000e+00	4
382	1.000000000000000e+00	8
383	1.000000000000000e+00	30
384	1.000000000000000e+00	10
385	1.000000000000000e+00	2
386	1.000000000000000e+00	10
387	1.000000000000000e+00	8
388	1.000000000000000e+00	16
389	1.000000000000000e+00	4
390	1.000000000000000e+00	10
391	1.000000000000000e+00	24
392	1.000000000000000e+00	14
393	1.000000000000000e+00	4
394	1.000000000000000e+00	6
395	1.000000000000000e+00	10
396	1.000000000000000e+00	4
397	1.000000000000000e+00	32
398	1.000000000000000e+00	4
399	1.000000000000000e+00	10
400	1.000000000000000e+00	2
401	1.000000000000000e+00	6
402	1.000000000000000e+00	8
403	1.000000000000000e+00	8
404	1.000000000000000e+00	16
405	1.000000000000000e+00	6
406	1.000000000000000e+00	22
407	1.000000000000000e+00	6
408	1.000000000000000e+00	4
409	1.000000000000000e+00	12
410	1.000000000000000e+00	2
411	1.000000000000000e+00	4
412	1.000000000000000e+00	2
413	1.000000000000000e+00	6
414	1.000000000000000e+00	16
415	1.000000000000000e+00	6
416	1.000000000000000e+00	24
417	1.000000000000000e+00	8
418	1.000000000000000e+00	2
419	1.000000000000000e+00	30
420	1.000000000000000e+00	20
421	1.000000000000000e+00	6
422	1.000000000000000e+00	10
423	1.000000000000000e+00	30
424	1.000000000000000e+00	6
425	1.000000000000000e+00	36
426	1.000000000000000e+00	12
427	1.000000000000000e+00	4
428	1.000000000000000e+00	8
429	1.000000000000000e+00	16
430	1.000000000000000e+00	18
431	1.000000000000000e+00	12
432	1.000000000000000e+00	6
433	1.000000000000000e+00	12
434	1.000000000000000e+00	10
435	1.000000000000000e+00	12
436	1.000000000000000e+00	8
437	1.000000000000000e+00	10
438	1.000000000000000e+00	16
439	1.000000000000000e+00	18
440	1.000000000000000e+00	32
441	1.000000000000000e+00	2
442	1.000000000000000e+00	12
443	1.000000000000000e+00	8
444	1.000000000000000e+00	6
445	1.000000000000000e+00	12
446	1.000000000000000e+00	18
447	1.000000000000000e+00	2
448	1.000000000000000e+00	8
449	1.000000000000000e+00	12
450	1.000000000000000e+00	36
451	1.000000000000000e+00	4
452	1.000000000000000e+00	4
453	1.000000000000000e+00	10
454	1.000000000000000e+00	8
455	1.000000000000000e+00	12
456	1.000000000000000e+00	4
457	1.000000000000000e+00	4
458	1.000000000000000e+00	4
459	1.000000000000000e+00	22
460	1.000000000000000e+00	10
461	1.000000000000000e+00	16
462	1.000000000000000e+00	2
463	1.000000000000000e+00	2
464	1.000000000000000e+00	6
465	1.000000000000000e+00	26
466	1.000000000000000e+00	12
467	1.000000000000000e+00	20
468	1.000000000000000e+00	8
469	1.000000000000000e+00	20
470	1.000000000000000e+00	2
471	1.000000000000000e+00	18
472	1.000000000000000e+00	10
473	1.000000000000000e+00	2
474	1.000000000000000e+00	4
475	1.000000000000000e+00	4
476	1.000000000000000e+00	4
477	1.000000000000000e+00	2
478	1.000000000000000e+00	2
479	1.000000000000000e+00	4
480	1.000000000000000e+00	4
481	1.000000000000000e+00	4
482	1.000000000000000e+00	12
483	1.000000000000000e+00	2
484	1.000000000000000e+00	2
485	1.000000000000000e+00	10
486	1.000000000000000e+00	14
487	1.000000000000000e+00	2
488	1.000000000000000e+00	2
489	1.000000000000000e+00	18
490	1.000000000000000e+00	28
491	1.000000000000000e+00	14
492	1.000000000000000e+00	4
493	1.000000000000000e+00	12
494	1.000000000000000e+00	10
495	1.000000000000000e+00	12
496	1.000000000000000e+00	10
497	1.000000000000000e+00	18
498	1.000000000000000e+00	4
499	1.000000000000000e+00	18
500	1.000000000000000e+00	30
501	1.000000000000000e+00	22
502	1.000000000000000e+00	4
503	1.000000000000000e+00	6
504	1.000000000000000e+00	12
505	1.000000000000000e+00	2
506	1.000000000000000e+00	6
507	1.000000000000000e+00	2
508	1.000000000000000e+00	18
509	1.000000000000000e+00	32
510	1.000000000000000e+00	2
511	1.000000000000000e+00	14
512	1.000000000000000e+00	16
513	1.000000000000000e+00	12
514	1.000000000000000e+00	16
515	1.000000000000000e+00	24
516	1.000000000000000e+00	10
517	1.000000000000000e+00	8
518	1.000000000000000e+00	2
519	1.000000000000000e+00	2
520	1.000000000000000e+00	10
521	1.000000000000000e+00	26
522	1.000000000000000e+00	18
523	1.000000000000000e+00	14
524	1.000000000000000e+00	4
525	1.000000000000000e+00	18
526	1.000000000000000e+00	6
527	1.000000000000000e+00	16
528	1.000000000000000e+00	20
529	1.000000000000000e+00	8
530	1.000000000000000e+00	12
531	1.000000000000000e+00	22
532	1.000000000000000e+00	32
533	1.000000000000000e+00	4
534	1.000000000000000e+00	6
535	1.000000000000000e+00	8
536	1.000000000000000e+00	14
537	1.000000000000000e+00	8
538	1.000000000000000e+00	16
539	1.000000000000000e+00	8
540	1.000000000000000e+00	2
541	1.000000000000000e+00	8
542	1.000000000000000e+00	10
543	1.000000000000000e+00	2
544	1.000000000000000e+00	2
545	1.000000000000000e+00	2
546	1.000000000000000e+00	14
547	1.000000000000000e+00	6
548	1.000000000000000e+00	16
549	1.000000000000000e+00	10
550	1.000000000000000e+00	6
551	1.000000000000000e+00	10
552	1.000000000000000e+00	16
553	1.000000000000000e+00	10
554	1.000000000000000e+00	6
555	1.000000000000000e+00	8
556	1.000000000000000e+00	6
557	1.000000000000000e+00	32
558	1.000000000000000e+00	2
559	1.000000000000000e+00	6
560	1.000000000000000e+00	4
561	1.000000000000000e+00	2
562	1.000000000000000e+00	24
563	1.000000000000000e+00	12
564	1.000000000000000e+00	2
565	1.000000000000000e+00	10
566	1.000000000000000e+00	12
567	1.000000000000000e+00	18
568	1.000000000000000e+00	8
569	1.000000000000000e+00	20
570	1.000000000000000e+00	16
571	1.000000000000000e+00	16
572	1.000000000000000e+00	22
573	1.000000000000000e+00	14
574	1.000000000000000e+00	6
575	1.000000000000000e+00	30
576	1.000000000000000e+00	10
577	1.000000000000000e+00	4
578	1.000000000000000e+00	10
579	1.000000000000000e+00	48
580	1.000000000000000e+00	6
581	1.000000000000000e+00	4
582	1.000000000000000e+00	6
583	1.000000000000000e+00	26
584	1.000000000000000e+00	2
585	1.000000000000000e+00	2
586	1.000000000000000e+00	22
587	1.000000000000000e+00	20
588	1.000000000000000e+00	14
589	1.000000000000000e+00	22
590	1.000000000000000e+00	8
591	1.000000000000000e+00	6
592	1.000000000000000e+00	4
593	1.000000000000000e+00	4
594	1.000000000000000e+00	24
595	1.000000000000000e+00	16
596	1.000000000000000e+00	14
597	1.000000000000000e+00	6
598	1.000000000000000e+00	16
599	1.000000000000000e+00	22
600	1.000000000000000e+00	2
601	1.000000000000000e+00	8
602	1.000000000000000e+00	14
603	1.000000000000000e+00	30
604	1.000000000000000e+00	22
605	1.000000000000000e+00	18
606	1.000000000000000e+00	28
607	1.000000000000000e+00	14
608	1.000000000000000e+00	2
609	1.000000000000000e+00	2
610	1.000000000000000e+00	10
611	1.000000000000000e+00	76
612	1.000000000000000e+00	4
613	1.000000000000000e+00	20
614	1.000000000000000e+00	20
615	1.000000000000000e+00	18
616	1.000000000000000e+00	6
617	1.000000000000000e+00	14
618	1.000000000000000e+00	10
619	1.000000000000000e+00	4
620	1.000000000000000e+00	34
621	1.000000000000000e+00	6
622	1.000000000000000e+00	2
623	1.000000000000000e+00	32
624	1.000000000000000e+00	20
625	1.000000000000000e+00	36
626	1.000000000000000e+00	14
627	1.000000000000000e+00	2
628	1.000000000000000e+00	28
629	1.000000000000000e+00	62
630	1.000000000000000e+00	16
631	1.000000000000000e+00	22
632	1.000000000000000e+00	18
633	1.000000000000000e+00	4
634	1.000000000000000e+00	10
635	1.000000000000000e+00	14
636	1.000000000000000e+00	16
637	1.000000000000000e+00	2
638	1.000000000000000e+00	24
639	1.000000000000000e+00	10
640	1.000000000000000e+00	12
641	1.000000000000000e+00	6
642	1.000000000000000e+00	8
643	1.000000000000000e+00	20
644	1.000000000000000e+00	8
645	1.000000000000000e+00	16
646	1.000000000000000e+00	20
647	1.000000000000000e+00	6
648	1.000000000000000e+00	24
649	1.000000000000000e+00	2
650	1.000000000000000e+00	16
651	9.703870808126862e-01	298
652	9.373690625813751e-01	264
653	9.055869315202096e-01	340
654	8.749959833438407e-01	316
655	8.455857106565100e-01	150
656	8.173943624408333e-01	240
657	7.904090729596063e-01	250
658	7.646055329104738e-01	326
659	7.400166504476385e-01	282
660	7.166302339537460e-01	282
661	6.944261308664322e-01	318
662	6.734134319356773e-01	194
663	6.536168077254305e-01	288
664	6.350132221489271e-01	310
665	6.176152205806045e-01	302
666	6.014049014329826e-01	248
667	5.864089272416065e-01	316
668	5.726090932718202e-01	280
669	5.600167668299750e-01	214
670	5.486094888220794e-01	314
671	5.384152932698851e-01	332
672	5.294088716876388e-01	254
673	5.216109137113453e-01	318
674	5.150051123293842e-01	288
675	5.096005831740703e-01	320
676	5.054083183643621e-01	318
677	5.024046185400052e-01	296
678	5.006091581907083e-01	310
679	5.000059781924810e-01	258
680	5.006050692023782e-01	338
681	5.024067627376003e-01	208
682	5.054081720004060e-01	304
683	5.096175070480350e-01	320
684	5.150097545222457e-01	302
685	5.216042009547630e-01	318
686	5.294066096635971e-01	224
687	5.384089655177644e-01	194
688	5.486092194767682e-01	370
689	5.600111204555730e-01	306
690	5.726124477281961e-01	308
691	5.864048301889921e-01	302
692	6.014026523912347e-01	302
693	6.175949182798235e-01	166
694	6.349896211858860e-01	314
695	6.536001344654158e-01	288
696	6.734129563069602e-01	300
697	6.944234055284416e-01	222
698	7.166370578225580e-01	280
699	7.400352356904620e-01	134
700	7.646285952307499e-01	234
701	7.904378017488229e-01	216
702	8.174445397892911e-01	278
703	8.456338246892167e-01	276
704	8.750332117553565e-01	284
705	9.056283249248577e-01	312
706	9.374275158086695e-01	266
707	1.000000000000000e+00	1000
708	1.000000000000000e+00	6
709	1.000000000000000e+00	22
710	1.000000000000000e+00	6
711	1.000000000000000e+00	24
712	1.000000000000000e+00	34
713	1.000000000000000e+00	24
714	1.000000000000000e+00	4
715	1.000000000000000e+00	2
716	1.000000000000000e+00	2
717	1.000000000000000e+00	4
718	1.000000000000000e+00	8
719	1.000000000000000e+00	4
720	1.000000000000000e+00	2
721	1.000000000000000e+00	32
722	1.000000000000000e+00	8
723	1.000000000000000e+00	24
724	1.000000000000000e+00	26
725	1.000000000000000e+00	10
726	1.000000000000000e+00	12
727	1.000000000000000e+00	18
728	1.000000000000000e+00	16
729	1.000000000000000e+00	22
730	1.000000000000000e+00	6
731	1.000000000000000e+00	2
732	1.000000000000000e+00	22
733	1.000000000000000e+00	2
734	1.000000000000000e+00	12
735	1.000000000000000e+00	24
736	1.000000000000000e+00	8
737	1.000000000000000e+00	16
738	1.000000000000000e+00	12
739	1.000000000000000e+00	16
740	1.000000000000000e+00	8
741	1.000000000000000e+00	2
742	1.000000000000000e+00	10
743	1.000000000000000e+00	16
744	1.000000000000000e+00	14
745	1.000000000000000e+00	10
746	1.000000000000000e+00	8
747	1.000000000000000e+00	8
748	1.000000000000000e+00	10
749	1.000000000000000e+00	4
750	1.000000000000000e+00	2
751	1.000000000000000e+00	8
752	1.000000000000000e+00	24
753	1.000000000000000e+00	14
754	1.000000000000000e+00	6
755	1.000000000000000e+00	22
756	1.000000000000000e+00	4
757	1.000000000000000e+00	30
758	1.000000000000000e+00	18
759	1.000000000000000e+00	16
760	1.000000000000000e+00	20
761	1.000000000000000e+00	6
762	1.000000000000000e+00	24
763	1.000000000000000e+00	8
764	1.000000000000000e+00	4
765	1.000000000000000e+00	6
766	1.000000000000000e+00	4
767	1.000000000000000e+00	18
768	1.000000000000000e+00	20
769	1.000000000000000e+00	12
770	1.000000000000000e+00	2
771	1.000000000000000e+00	14
772	1.000000000000000e+00	6
773	1.000000000000000e+00	14
774	1.000000000000000e+00	6
775	1.000000000000000e+00	14
776	1.000000000000000e+00	10
777	1.000000000000000e+00	6
778	1.000000000000000e+00	34
779	1.000000000000000e+00	2
780	1.000000000000000e+00	8
781	1.000000000000000e+00	32
782	1.000000000000000e+00	14
783	1.000000000000000e+00	10
784	1.000000000000000e+00	14
785	1.000000000000000e+00	6
786	1.000000000000000e+00	8
787	1.000000000000000e+00	14
788	1.000000000000000e+00	22
789	1.000000000000000e+00	2
790	1.000000000000000e+00	4
791	1.000000000000000e+00	16
792	1.000000000000000e+00	6
793	1.000000000000000e+00	2
794	1.000000000000000e+00	14
795	1.000000000000000e+00	16
796	1.000000000000000e+00	4
797	1.000000000000000e+00	12
798	1.000000000000000e+00	2
799	1.000000000000000e+00	4
800	1.000000000000000e+00	14
801	1.000000000000000e+00	4
802	1.000000000000000e+00	6
803	1.000000000000000e+00	12
804	1.000000000000000e+00	18
805	1.000000000000000e+00	14
806	1.000000000000000e+00	14
807	1.000000000000000e+00	24
808	1.000000000000000e+00	30
809	1.000000000000000e+00	4
810	1.000000000000000e+00	6
811	1.000000000000000e+00	4
812	1.000000000000000e+00	10
813	1.000000000000000e+00	2
814	1.000000000000000e+00	28
815	1.000000000000000e+00	4
816	1.000000000000000e+00	14
817	1.000000000000000e+00	10
818	1.000000000000000e+00	6
819	1.000000000000000e+00	18
820	1.000000000000000e+00	20
821	1.000000000000000e+00	4
822	1.000000000000000e+00	8
823	1.000000000000000e+00	4
824	1.000000000000000e+00	4
825	1.000000000000000e+00	12
826	1.000000000000000e+00	8
827	1.000000000000000e+00	2
828	1.000000000000000e+00	4
829	1.000000000000000e+00	14
830	1.000000000000000e+00	4
831	1.000000000000000e+00	16
832	1.000000000000000e+00	4
833	1.000000000000000e+00	36
834	1.000000000000000e+00	6
835	1.000000000000000e+00	4
836	1.000000000000000e+00	2
837	1.000000000000000e+00	12
838	1.000000000000000e+00	8
839	1.000000000000000e+00	14
840	1.000000000000000e+00	12
841	1.000000000000000e+00	2
842	1.000000000000000e+00	8
843	1.000000000000000e+00	26
844	1.000000000000000e+00	4
845	1.000000000000000e+00	14
846	1.000000000000000e+00	10
847	1.000000000000000e+00	12
848	1.000000000000000e+00	2
849	1.000000000000000e+00	4
850	1.000000000000000e+00	8
851	1.000000000000000e+00	26
852	1.000000000000000e+00	10
853	1.000000000000000e+00	12
854	1.000000000000000e+00	38
855	1.000000000000000e+00	30
856	1.000000000000000e+00	24
857	1.000000000000000e+00	6
858	1.000000000000000e+00	10
859	1.000000000000000e+00	6
860	1.000000000000000e+00	24
861	1.000000000000000e+00	24
862	1.000000000000000e+00	6
863	1.000000000000000e+00	6
864	1.000000000000000e+00	14
865	1.000000000000000e+00	4
866	1.000000000000000e+00	12
867	1.000000000000000e+00	28
868	1.000000000000000e+00	6
869	1.000000000000000e+00	26
870	1.000000000000000e+00	4
871	1.000000000000000e+00	10
872	1.000000000000000e+00	12
873	1.000000000000000e+00	8
874	1.000000000000000e+00	16
875	1.000000000000000e+00	10
876	1.000000000000000e+00	2
877	1.000000000000000e+00	10
878	1.000000000000000e+00	12
879	1.000000000000000e+00	8
880	1.000000000000000e+00	24
881	1.000000000000000e+00	8
882	1.000000000000000e+00	4
883	1.000000000000000e+00	12
884	1.000000000000000e+00	6
885	1.000000000000000e+00	2
886	1.000000000000000e+00	6
887	1.000000000000000e+00	18
888	1.000000000000000e+00	14
889	1.000000000000000e+00	8
890	1.000000000000000e+00	20
891	1.000000000000000e+00	8
892	1.000000000000000e+00	2
893	1.000000000000000e+00	16
894	1.000000000000000e+00	4
895	1.000000000000000e+00	2
896	1.000000000000000e+00	4
897	1.000000000000000e+00	12
898	1.000000000000000e+00	4
899	1.000000000000000e+00	6
900	1.000000000000000e+00	8
901	1.000000000000000e+00	16
902	1.000000000000000e+00	16
903	1.000000000000000e+00	22
904	1.000000000000000e+00	2
905	1.000000000000000e+00	12
906	1.000000000000000e+00	6
907	1.000000000000000e+00	6
908	1.000000000000000e+00	2
909	1.000000000000000e+00	20
910	1.000000000000000e+00	18
911	1.000000000000000e+00	16
912	1.000000000000000e+00	8
913	1.000000000000000e+00	2
914	1.000000000000000e+00	2
915	1.000000000000000e+00	16
916	1.000000000000000e+00	10
917	1.000000000000000e+00	48
918	1.000000000000000e+00	6
919	1.000000000000000e+00	14
920	1.000000000000000e+00	6
921	1.000000000000000e+00	18
922	1.000000000000000e+00	6
923	1.000000000000000e+00	40
924	1.000000000000000e+00	10
925	1.000000000000000e+00	2
926	1.000000000000000e+00	2
927	1.000000000000000e+00	38
928	1.000000000000000e+00	6
929	1.000000000000000e+00	4
930	1.000000000000000e+00	6
931	1.000000000000000e+00	16
932	1.000000000000000e+00	8
933	1.000000000000000e+00	16
934	1.000000000000000e+00	20
935	1.000000000000000e+00	2
936	1.000000000000000e+00	8
937	1.000000000000000e+00	14
938	1.000000000000000e+00	8
939	1.000000000000000e+00	2
940	1.000000000000000e+00	4
941	1.000000000000000e+00	12
942	1.000000000000000e+00	14
943	1.000000000000000e+00	6
944	1.000000000000000e+00	26
945	1.000000000000000e+00	44
946	1.000000000000000e+00	8
947	1.000000000000000e+00	2
948	1.000000000000000e+00	8
949	1.000000000000000e+00	12
950	1.000000000000000e+00	8
951	1.000000000000000e+00	22
952	1.000000000000000e+00	6
953	1.000000000000000e+00	2
954	1.000000000000000e+00	6
955	1.000000000000000e+00	14
956	1.000000000000000e+00	12
957	1.000000000000000e+00	10
958	1.000000000000000e+00	14
959	1.000000000000000e+00	8
960	1.000000000000000e+00	6
961	1.000000000000000e+00	4
962	1.000000000000000e+00	6
963	1.000000000000000e+00	10
964	1.000000000000000e+00	16
965	1.000000000000000e+00	8
966	1.000000000000000e+00	8
967	1.000000000000000e+00	30
968	1.000000000000000e+00	8
969	1.000000000000000e+00	6
970	1.000000000000000e+00	4
971	1.000000000000000e+00	6
972	1.000000000000000e+00	2
973	1.000000000000000e+00	6
974	1.000000000000000e+00	16
975	1.000000000000000e+00	10
976	1.000000000000000e+00	4
977	1.000000000000000e+00	12
978	1.000000000000000e+00	12
979	1.000000000000000e+00	10
980	1.000000000000000e+00	2
981	1.000000000000000e+00	14
982	1.000000000000000e+00	8
983	1.000000000000000e+00	8
984	1.000000000000000e+00	8
985	1.000000000000000e+00	6
986	1.000000000000000e+00	10
987	1.000000000000000e+00	4
988	1.000000000000000e+00	4
989	1.000000000000000e+00	48
990	1.000000000000000e+00	14
991	1.000000000000000e+00	2
992	1.000000000000000e+00	10
993	1.000000000000000e+00	10
994	1.000000000000000e+00	8
995	1.000000000000000e+00	2
996	1.000000000000000e+00	10
997	1.000000000000000e+00	12
998	1.000000000000000e+00	12
999	1.000000000000000e+00	6
1000	1.000000000000000e+00	12


Tempo gasto: 13.161617
