Método usado: LUUS JAAKOLA

POSIÇÃO	ÁREA(mm²)	CUSTO

1	1.000000000000000e+00	22
2	1.000000000000000e+00	18
3	1.000000000000000e+00	16
4	1.000000000000000e+00	22
5	1.000000000000000e+00	30
6	1.000000000000000e+00	14
7	1.000000000000000e+00	24
8	1.000000000000000e+00	30
9	1.000000000000000e+00	8
10	1.000000000000000e+00	2
11	1.000000000000000e+00	16
12	1.000000000000000e+00	2
13	1.000000000000000e+00	14
14	1.000000000000000e+00	14
15	1.000000000000000e+00	8
16	1.000000000000000e+00	16
17	1.000000000000000e+00	4
18	1.000000000000000e+00	22
19	1.000000000000000e+00	24
20	1.000000000000000e+00	2
21	1.000000000000000e+00	4
22	1.000000000000000e+00	12
23	1.000000000000000e+00	2
24	1.000000000000000e+00	16
25	1.000000000000000e+00	4
26	1.000000000000000e+00	12
27	1.000000000000000e+00	4
28	1.000000000000000e+00	4
29	1.000000000000000e+00	2
30	1.000000000000000e+00	6
31	1.000000000000000e+00	12
32	1.000000000000000e+00	4
33	1.000000000000000e+00	22
34	1.000000000000000e+00	18
35	1.000000000000000e+00	4
36	1.000000000000000e+00	8
37	1.000000000000000e+00	8
38	1.000000000000000e+00	16
39	1.000000000000000e+00	6
40	1.000000000000000e+00	8
41	1.000000000000000e+00	24
42	1.000000000000000e+00	6
43	1.000000000000000e+00	14
44	1.000000000000000e+00	4
45	1.000000000000000e+00	4
46	1.000000000000000e+00	90
47	1.000000000000000e+00	8
48	1.000000000000000e+00	56
49	1.000000000000000e+00	4
50	1.000000000000000e+00	12
51	1.000000000000000e+00	2
52	1.000000000000000e+00	10
53	1.000000000000000e+00	66
54	1.000000000000000e+00	14
55	1.000000000000000e+00	8
56	1.000000000000000e+00	32
57	1.000000000000000e+00	14
58	1.000000000000000e+00	24
59	1.000000000000000e+00	30
60	1.000000000000000e+00	6
61	1.000000000000000e+00	18
62	1.000000000000000e+00	10
63	1.000000000000000e+00	2
64	1.000000000000000e+00	6
65	1.000000000000000e+00	42
66	1.000000000000000e+00	10
67	1.000000000000000e+00	10
68	1.000000000000000e+00	8
69	1.000000000000000e+00	40
70	1.000000000000000e+00	2
71	1.000000000000000e+00	8
72	1.000000000000000e+00	18
73	1.000000000000000e+00	8
74	1.000000000000000e+00	2
75	1.000000000000000e+00	10
76	1.000000000000000e+00	6
77	1.000000000000000e+00	10
78	1.000000000000000e+00	4
79	1.000000000000000e+00	16
80	1.000000000000000e+00	16
81	1.000000000000000e+00	2
82	1.000000000000000e+00	4
83	1.000000000000000e+00	10
84	1.000000000000000e+00	20
85	1.000000000000000e+00	6
86	1.000000000000000e+00	26
87	1.000000000000000e+00	34
88	1.000000000000000e+00	8
89	1.000000000000000e+00	8
90	1.000000000000000e+00	14
91	1.000000000000000e+00	4
92	1.000000000000000e+00	14
93	1.000000000000000e+00	22
94	1.000000000000000e+00	6
95	1.000000000000000e+00	4
96	1.000000000000000e+00	8
97	1.000000000000000e+00	4
98	1.000000000000000e+00	16
99	1.000000000000000e+00	18
100	1.000000000000000e+00	12
101	1.000000000000000e+00	18
102	1.000000000000000e+00	6
103	1.000000000000000e+00	8
104	1.000000000000000e+00	16
105	1.000000000000000e+00	4
106	1.000000000000000e+00	6
107	1.000000000000000e+00	6
108	1.000000000000000e+00	14
109	1.000000000000000e+00	8
110	1.000000000000000e+00	14
111	1.000000000000000e+00	14
112	1.000000000000000e+00	10
113	1.000000000000000e+00	26
114	1.000000000000000e+00	18
115	1.000000000000000e+00	32
116	1.000000000000000e+00	14
117	1.000000000000000e+00	12
118	1.000000000000000e+00	36
119	1.000000000000000e+00	12
120	1.000000000000000e+00	6
121	1.000000000000000e+00	16
122	1.000000000000000e+00	26
123	1.000000000000000e+00	6
124	1.000000000000000e+00	36
125	1.000000000000000e+00	16
126	1.000000000000000e+00	6
127	1.000000000000000e+00	2
128	1.000000000000000e+00	42
129	1.000000000000000e+00	12
130	1.000000000000000e+00	20
131	1.000000000000000e+00	2
132	1.000000000000000e+00	12
133	1.000000000000000e+00	10
134	1.000000000000000e+00	6
135	1.000000000000000e+00	10
136	1.000000000000000e+00	28
137	1.000000000000000e+00	14
138	1.000000000000000e+00	10
139	1.000000000000000e+00	4
140	1.000000000000000e+00	12
141	1.000000000000000e+00	8
142	1.000000000000000e+00	16
143	1.000000000000000e+00	16
144	1.000000000000000e+00	12
145	1.000000000000000e+00	12
146	1.000000000000000e+00	8
147	1.000000000000000e+00	30
148	1.000000000000000e+00	6
149	1.000000000000000e+00	14
150	1.000000000000000e+00	2
151	1.000000000000000e+00	10
152	1.000000000000000e+00	2
153	1.000000000000000e+00	16
154	1.000000000000000e+00	12
155	1.000000000000000e+00	10
156	1.000000000000000e+00	8
157	1.000000000000000e+00	14
158	1.000000000000000e+00	4
159	1.000000000000000e+00	2
160	1.000000000000000e+00	10
161	1.000000000000000e+00	6
162	1.000000000000000e+00	2
163	1.000000000000000e+00	10
164	1.000000000000000e+00	12
165	1.000000000000000e+00	58
166	1.000000000000000e+00	8
167	1.000000000000000e+00	18
168	1.000000000000000e+00	24
169	1.000000000000000e+00	2
170	1.000000000000000e+00	26
171	1.000000000000000e+00	16
172	1.000000000000000e+00	2
173	1.000000000000000e+00	22
174	1.000000000000000e+00	6
175	1.000000000000000e+00	6
176	1.000000000000000e+00	2
177	1.000000000000000e+00	2
178	1.000000000000000e+00	4
179	1.000000000000000e+00	24
180	1.000000000000000e+00	4
181	1.000000000000000e+00	26
182	1.000000000000000e+00	16
183	1.000000000000000e+00	8
184	1.000000000000000e+00	42
185	1.000000000000000e+00	8
186	1.000000000000000e+00	8
187	1.000000000000000e+00	18
188	1.000000000000000e+00	22
189	1.000000000000000e+00	26
190	1.000000000000000e+00	16
191	1.000000000000000e+00	2
192	1.000000000000000e+00	14
193	1.000000000000000e+00	2
194	1.000000000000000e+00	24
195	1.000000000000000e+00	4
196	1.000000000000000e+00	46
197	1.000000000000000e+00	6
198	1.000000000000000e+00	10
199	1.000000000000000e+00	4
200	1.000000000000000e+00	6
201	1.000000000000000e+00	14
202	1.000000000000000e+00	24
203	1.000000000000000e+00	14
204	1.000000000000000e+00	14
205	1.000000000000000e+00	4
206	1.000000000000000e+00	32
207	1.000000000000000e+00	4
208	1.000000000000000e+00	10
209	1.000000000000000e+00	6
210	1.000000000000000e+00	10
211	1.000000000000000e+00	22
212	1.000000000000000e+00	2
213	1.000000000000000e+00	4
214	1.000000000000000e+00	6
215	1.000000000000000e+00	8
216	1.000000000000000e+00	18
217	1.000000000000000e+00	2
218	1.000000000000000e+00	2
219	1.000000000000000e+00	6
220	1.000000000000000e+00	4
221	1.000000000000000e+00	14
222	1.000000000000000e+00	8
223	1.000000000000000e+00	8
224	1.000000000000000e+00	10
225	1.000000000000000e+00	14
226	1.000000000000000e+00	8
227	1.000000000000000e+00	6
228	1.000000000000000e+00	4
229	1.000000000000000e+00	28
230	1.000000000000000e+00	8
231	1.000000000000000e+00	2
232	1.000000000000000e+00	4
233	1.000000000000000e+00	22
234	1.000000000000000e+00	8
235	1.000000000000000e+00	12
236	1.000000000000000e+00	12
237	1.000000000000000e+00	8
238	1.000000000000000e+00	8
239	1.000000000000000e+00	14
240	1.000000000000000e+00	4
241	1.000000000000000e+00	4
242	1.000000000000000e+00	10
243	1.000000000000000e+00	16
244	1.000000000000000e+00	16
245	1.000000000000000e+00	8
246	1.000000000000000e+00	12
247	1.000000000000000e+00	22
248	1.000000000000000e+00	2
249	1.000000000000000e+00	12
250	1.000000000000000e+00	8
251	1.000000000000000e+00	24
252	1.000000000000000e+00	4
253	1.000000000000000e+00	12
254	1.000000000000000e+00	16
255	1.000000000000000e+00	8
256	1.000000000000000e+00	6
257	1.000000000000000e+00	8
258	1.000000000000000e+00	12
259	1.000000000000000e+00	8
260	1.000000000000000e+00	12
261	1.000000000000000e+00	8
262	1.000000000000000e+00	10
263	1.000000000000000e+00	12
264	1.000000000000000e+00	22
265	1.000000000000000e+00	6
266	1.000000000000000e+00	6
267	1.000000000000000e+00	26
268	1.000000000000000e+00	14
269	1.000000000000000e+00	16
270	1.000000000000000e+00	6
271	1.000000000000000e+00	50
272	1.000000000000000e+00	4
273	1.000000000000000e+00	4
274	1.000000000000000e+00	2
275	1.000000000000000e+00	12
276	1.000000000000000e+00	22
277	1.000000000000000e+00	16
278	1.000000000000000e+00	18
279	1.000000000000000e+00	4
280	1.000000000000000e+00	2
281	1.000000000000000e+00	10
282	1.000000000000000e+00	14
283	1.000000000000000e+00	6
284	1.000000000000000e+00	12
285	1.000000000000000e+00	2
286	1.000000000000000e+00	10
287	1.000000000000000e+00	16
288	1.000000000000000e+00	38
289	1.000000000000000e+00	22
290	1.000000000000000e+00	4
291	1.000000000000000e+00	14
292	1.000000000000000e+00	6
293	1.000000000000000e+00	10
294	1.000000000000000e+00	10
295	1.000000000000000e+00	8
296	1.000000000000000e+00	4
297	1.000000000000000e+00	12
298	1.000000000000000e+00	4
299	1.000000000000000e+00	2
300	1.000000000000000e+00	2
301	1.000000000000000e+00	14
302	1.000000000000000e+00	18
303	1.000000000000000e+00	2
304	1.000000000000000e+00	10
305	1.000000000000000e+00	10
306	1.000000000000000e+00	8
307	1.000000000000000e+00	36
308	1.000000000000000e+00	2
309	1.000000000000000e+00	6
310	1.000000000000000e+00	16
311	1.000000000000000e+00	4
312	1.000000000000000e+00	34
313	1.000000000000000e+00	2
314	1.000000000000000e+00	6
315	1.000000000000000e+00	12
316	1.000000000000000e+00	8
317	1.000000000000000e+00	14
318	1.000000000000000e+00	4
319	1.000000000000000e+00	4
320	1.000000000000000e+00	4
321	1.000000000000000e+00	18
322	1.000000000000000e+00	12
323	1.000000000000000e+00	4
324	1.000000000000000e+00	30
325	1.000000000000000e+00	6
326	1.000000000000000e+00	22
327	1.000000000000000e+00	2
328	1.000000000000000e+00	6
329	1.000000000000000e+00	14
330	1.000000000000000e+00	18
331	1.000000000000000e+00	14
332	1.000000000000000e+00	8
333	1.000000000000000e+00	14
334	1.000000000000000e+00	2
335	1.000000000000000e+00	16
336	1.000000000000000e+00	44
337	1.000000000000000e+00	8
338	1.000000000000000e+00	18
339	1.000000000000000e+00	18
340	1.000000000000000e+00	6
341	1.000000000000000e+00	10
342	1.000000000000000e+00	4
343	1.000000000000000e+00	14
344	1.000000000000000e+00	18
345	1.000000000000000e+00	14
346	1.000000000000000e+00	22
347	1.000000000000000e+00	16
348	1.000000000000000e+00	16
349	1.000000000000000e+00	10
350	1.000000000000000e+00	24
351	1.000000000000000e+00	10
352	9.500054511418226e-01	286
353	8.999996032774996e-01	284
354	8.499870079283567e-01	286
355	7.999722556563663e-01	320
356	7.499645461318266e-01	298
357	6.999585775002866e-01	324
358	6.499690269483640e-01	280
359	5.999729276521870e-01	182
360	5.499668502410305e-01	326
361	4.999722639963258e-01	250
362	4.999630096011518e-01	344
363	5.249522328054902e-01	272
364	5.499587573981591e-01	268
365	5.749548877397181e-01	284
366	5.999443910076241e-01	252
367	6.249478672521007e-01	322
368	6.499475152321297e-01	332
369	6.749485124985838e-01	284
370	6.999354636328811e-01	286
371	7.249380762489819e-01	280
372	7.499326592070179e-01	230
373	7.999128031784165e-01	242
374	8.498969520357887e-01	280
375	8.998813555709679e-01	214
376	9.498833675593258e-01	220
377	9.998627098302039e-01	258
378	9.998595537323021e-01	192
379	9.998586097893324e-01	242
380	9.998705198654524e-01	266
381	9.998851745878846e-01	302
382	9.998832328475438e-01	220
383	9.998953112067070e-01	270
384	9.999075499838821e-01	242
385	9.999044991511408e-01	270
386	9.999194378472200e-01	200
387	9.999035606606591e-01	104
388	9.999047648374429e-01	292
389	9.999008637161695e-01	236
390	9.998846314372718e-01	270
391	9.998951176821631e-01	300
392	9.999010447228177e-01	280
393	9.999197773280230e-01	152
394	9.999235956741636e-01	258
395	9.999276601761187e-01	302
396	9.999328779060491e-01	316
397	9.999523634753592e-01	274
398	9.999341673278908e-01	216
399	9.999163613863749e-01	310
400	9.998998902277360e-01	228
401	9.999071037696069e-01	208
402	9.999148550582162e-01	252
403	9.998978881887138e-01	260
404	9.999165537094132e-01	244
405	9.999235412249973e-01	232
406	9.999117175960318e-01	298
407	9.999284041337245e-01	272
408	9.999299862115565e-01	262
409	9.999270631537718e-01	326
410	9.999359428998420e-01	318
411	9.999195243354754e-01	228
412	9.999370169455235e-01	320
413	9.999207431941246e-01	314
414	9.999162316759240e-01	172
415	9.999036392091918e-01	234
416	9.998830809467110e-01	216
417	9.998658066638730e-01	320
418	9.998777295191390e-01	284
419	9.998619552202348e-01	250
420	9.998707109750609e-01	304
421	9.998617758187530e-01	158
422	9.998519968418670e-01	310
423	9.998493709924453e-01	248
424	9.998383594173347e-01	282
425	9.998301952484185e-01	286
426	9.998478922972738e-01	278
427	9.998670104242079e-01	216
428	9.998825666970564e-01	230
429	9.998828069656115e-01	212
430	9.999013211265199e-01	274
431	9.998979965323503e-01	246
432	9.999130985951956e-01	162
433	9.999125030797900e-01	260
434	9.998964705096384e-01	256
435	9.998917495113183e-01	248
436	9.998967987886522e-01	254
437	9.999157344600738e-01	252
438	9.999169608421529e-01	276
439	9.999103180989488e-01	176
440	9.999200743456959e-01	258
441	9.999029978398728e-01	236
442	9.998847534602706e-01	216
443	9.999007388100577e-01	252
444	9.999128645087469e-01	342
445	9.999254976682845e-01	294
446	9.999145003601998e-01	236
447	9.999075817857628e-01	228
448	9.999135250381933e-01	224
449	9.999010533388092e-01	254
450	9.999070915124725e-01	202
451	9.998980777420162e-01	296
452	9.998914173592001e-01	276
453	9.998926284739118e-01	304
454	9.998959458815607e-01	200
455	9.999024710654163e-01	282
456	9.999015453134387e-01	286
457	9.998972919870786e-01	270
458	9.999140184178023e-01	324
459	9.999269553668561e-01	302
460	9.999289638371435e-01	270
461	9.999275007419159e-01	192
462	9.999205259492067e-01	188
463	9.999301880697025e-01	246
464	9.999169988739152e-01	198
465	9.999122701338343e-01	306
466	9.998980801450493e-01	244
467	9.998776391007542e-01	256
468	9.998777728704774e-01	232
469	9.998754431263104e-01	176
470	9.998865869472331e-01	292
471	9.998928246934332e-01	306
472	9.999102448747648e-01	232
473	9.999123483191010e-01	240
474	9.999061406851240e-01	174
475	9.998877458692077e-01	214
476	9.998973769992602e-01	284
477	9.999125318484083e-01	172
478	9.999131272491063e-01	168
479	9.999195736423492e-01	214
480	9.999241060376637e-01	236
481	9.999210530993379e-01	300
482	9.999214792847411e-01	218
483	9.999304031957645e-01	296
484	9.999483012698475e-01	238
485	9.999359829893548e-01	292
486	9.999314317590436e-01	294
487	9.999513743151319e-01	248
488	9.999574659801339e-01	216
489	9.999485995529701e-01	174
490	9.999558233659031e-01	266
491	9.999555295929754e-01	280
492	9.999493469070836e-01	270
493	9.999455411660929e-01	270
494	9.999284100410966e-01	254
495	9.999126173113725e-01	248
496	9.999149718741507e-01	310
497	9.999187625662931e-01	274
498	9.999126822247481e-01	218
499	9.999036403953847e-01	252
500	9.998969983346178e-01	310
501	9.998813238931888e-01	244
502	9.998782415819734e-01	216
503	9.998771777732046e-01	204
504	9.998699822146104e-01	258
505	9.998523840671636e-01	268
506	9.998410694267496e-01	240
507	9.998443284746108e-01	270
508	9.998275868848654e-01	236
509	9.998386611029805e-01	308
510	9.998326332364615e-01	268
511	9.998156613944902e-01	280
512	9.997985133059073e-01	284
513	9.997951177532315e-01	340
514	9.998008618344982e-01	280
515	9.998157103113946e-01	250
516	9.998203440881021e-01	164
517	9.998168009333017e-01	220
518	9.998231906017403e-01	240
519	9.998142687758100e-01	216
520	9.998105550459896e-01	206
521	9.998266452084051e-01	148
522	9.998411593409511e-01	304
523	9.998583923618380e-01	246
524	9.998767366182397e-01	208
525	9.998934620890558e-01	260
526	9.999002693428968e-01	266
527	9.999004249737314e-01	288
528	9.999024824746785e-01	268
529	9.998963555470465e-01	268
530	9.998982656251332e-01	324
531	9.999115394751292e-01	300
532	9.999300512190986e-01	244
533	9.999453813141923e-01	264
534	9.999400795970408e-01	276
535	9.999563616727848e-01	312
536	9.999530536897747e-01	276
537	9.999682646764728e-01	246
538	9.999790577832109e-01	276
539	9.999739963307079e-01	198
540	9.999563640729089e-01	268
541	9.999398270607850e-01	304
542	9.999255217657070e-01	310
543	9.999361772899927e-01	200
544	9.999248016016136e-01	330
545	9.999113741851016e-01	248
546	9.999234633595444e-01	320
547	9.999328723440438e-01	290
548	9.999136685520977e-01	286
549	9.999056383548732e-01	234
550	9.998861867489574e-01	202
551	9.998900897429994e-01	336
552	9.998747033390549e-01	216
553	9.998552896989029e-01	170
554	9.998398472353941e-01	234
555	9.998434025103152e-01	230
556	9.998392822095403e-01	274
557	9.998486787746146e-01	300
558	9.998288968251188e-01	194
559	9.998264210213901e-01	310
560	9.998117016952905e-01	234
561	9.998247069610003e-01	252
562	9.998258839832286e-01	312
563	9.998403398785848e-01	248
564	9.998222485339728e-01	208
565	9.998237387979723e-01	220
566	9.998251423206881e-01	258
567	9.998392307682489e-01	312
568	9.998376893032148e-01	320
569	9.998558840972696e-01	336
570	9.998447495127966e-01	292
571	9.998621706273911e-01	246
572	9.998538873937473e-01	206
573	9.998366060622296e-01	270
574	9.998415443791818e-01	296
575	9.998398604666100e-01	302
576	9.998554019933208e-01	330
577	9.998587314087023e-01	260
578	9.998392618572820e-01	226
579	9.998465427978668e-01	320
580	9.998487574791116e-01	276
581	9.998513313278649e-01	228
582	9.998395572587634e-01	262
583	9.998385639376917e-01	182
584	9.998267579888990e-01	294
585	9.998337838552437e-01	290
586	9.998406829188646e-01	226
587	9.998477477085038e-01	236
588	9.998611634173495e-01	296
589	9.998476748532967e-01	260
590	9.998407919366435e-01	246
591	9.998370258561338e-01	246
592	9.998454133278373e-01	272
593	9.998512761989884e-01	306
594	9.998475806236879e-01	362
595	9.998665824203004e-01	288
596	9.998713884882620e-01	308
597	9.998906516460988e-01	280
598	9.998784086484338e-01	282
599	9.998722240538164e-01	252
600	9.998883458331099e-01	336
601	9.998775904772206e-01	258
602	9.998630182255367e-01	290
603	9.998676204623539e-01	316
604	9.998871573311408e-01	308
605	9.998728155553032e-01	302
606	9.998741797918348e-01	218
607	9.998818250896142e-01	232
608	9.998889360435366e-01	308
609	9.998841500375818e-01	214
610	9.998742271063570e-01	298
611	9.998933502994485e-01	198
612	9.999016509140048e-01	266
613	9.999051945293217e-01	278
614	9.999109980096476e-01	232
615	9.999134174694908e-01	246
616	9.999315050459445e-01	328
617	9.999172243085341e-01	272
618	9.999281012984257e-01	336
619	9.999271696880638e-01	288
620	9.999364670395451e-01	230
621	9.999543287848470e-01	212
622	9.999408058404530e-01	310
623	9.999384413474692e-01	272
624	9.999371316950628e-01	338
625	9.999337502972205e-01	228
626	9.999319528495285e-01	288
627	9.999263185332052e-01	280
628	9.999399730355589e-01	226
629	9.999302387330757e-01	306
630	9.999401663590600e-01	288
631	9.999551224199947e-01	258
632	9.999657389874400e-01	242
633	9.999526749452009e-01	328
634	9.999448120354543e-01	326
635	9.999487736275510e-01	304
636	9.999527343424375e-01	282
637	9.999640322692838e-01	236
638	9.999507144177758e-01	232
639	9.999359754961282e-01	304
640	9.999290072700164e-01	158
641	9.999253800999283e-01	298
642	9.999293807056873e-01	228
643	9.999153082831540e-01	222
644	9.999101516909804e-01	240
645	9.999148040059115e-01	298
646	9.999272301859686e-01	260
647	9.999323736227587e-01	314
648	9.999202185431371e-01	268
649	9.999324076570824e-01	268
650	9.999341677043506e-01	268
651	9.703514007549626e-01	250
652	9.373414397804342e-01	224
653	9.055392382097232e-01	326
654	8.749294839649076e-01	288
655	8.455399001665331e-01	320
656	8.173298059620322e-01	284
657	7.903315757659611e-01	260
658	7.645289026691938e-01	264
659	7.399273052653376e-01	280
660	7.165249060196864e-01	302
661	6.943322793325758e-01	244
662	6.733313780422372e-01	302
663	6.535268827728355e-01	292
664	6.349387338989988e-01	330
665	6.175379393028023e-01	266
666	6.013510552371503e-01	268
667	5.863507582558675e-01	240
668	5.725531260474552e-01	298
669	5.599568719247282e-01	242
670	5.485573315360622e-01	258
671	5.383489790454992e-01	216
672	5.293579694188641e-01	300
673	5.215615506377372e-01	364
674	5.149596715458598e-01	374
675	5.095633771061125e-01	306
676	5.053543265912115e-01	284
677	5.023459516646158e-01	224
678	5.005468347050034e-01	302
679	4.999372504218575e-01	306
680	5.005452368665684e-01	360
681	5.023542804102681e-01	278
682	5.053591604714497e-01	244
683	5.095601464957911e-01	306
684	5.149610770932479e-01	292
685	5.215680924821858e-01	312
686	5.293748816692694e-01	324
687	5.383793369910937e-01	226
688	5.485799659761699e-01	286
689	5.599797644643275e-01	270
690	5.725795547606117e-01	238
691	5.863834179467635e-01	154
692	6.013861929163559e-01	218
693	6.175901990884982e-01	302
694	6.350015888735981e-01	318
695	6.535980469029475e-01	268
696	6.734049200616510e-01	324
697	6.944041401601183e-01	104
698	7.166158889412351e-01	258
699	7.400055224735542e-01	228
700	7.646201555369454e-01	294
701	7.904313487328842e-01	306
702	8.174483647148030e-01	264
703	8.456462063954906e-01	324
704	8.750505006535126e-01	308
705	9.056404472461773e-01	292
706	9.374562766728212e-01	208
707	1.000000000000000e+00	1000
708	1.000000000000000e+00	10
709	1.000000000000000e+00	6
710	1.000000000000000e+00	2
711	1.000000000000000e+00	10
712	1.000000000000000e+00	14
713	1.000000000000000e+00	6
714	1.000000000000000e+00	14
715	1.000000000000000e+00	26
716	1.000000000000000e+00	20
717	1.000000000000000e+00	38
718	1.000000000000000e+00	10
719	1.000000000000000e+00	4
720	1.000000000000000e+00	6
721	1.000000000000000e+00	8
722	1.000000000000000e+00	10
723	1.000000000000000e+00	12
724	1.000000000000000e+00	14
725	1.000000000000000e+00	2
726	1.000000000000000e+00	6
727	1.000000000000000e+00	12
728	1.000000000000000e+00	16
729	1.000000000000000e+00	16
730	1.000000000000000e+00	2
731	1.000000000000000e+00	2
732	1.000000000000000e+00	12
733	1.000000000000000e+00	4
734	1.000000000000000e+00	28
735	1.000000000000000e+00	4
736	1.000000000000000e+00	6
737	1.000000000000000e+00	6
738	1.000000000000000e+00	16
739	1.000000000000000e+00	20
740	1.000000000000000e+00	2
741	1.000000000000000e+00	10
742	1.000000000000000e+00	22
743	1.000000000000000e+00	8
744	1.000000000000000e+00	2
745	1.000000000000000e+00	6
746	1.000000000000000e+00	30
747	1.000000000000000e+00	4
748	1.000000000000000e+00	8
749	1.000000000000000e+00	20
750	1.000000000000000e+00	2
751	1.000000000000000e+00	22
752	1.000000000000000e+00	24
753	1.000000000000000e+00	8
754	1.000000000000000e+00	6
755	1.000000000000000e+00	46
756	1.000000000000000e+00	28
757	1.000000000000000e+00	40
758	1.000000000000000e+00	6
759	1.000000000000000e+00	12
760	1.000000000000000e+00	18
761	1.000000000000000e+00	18
762	1.000000000000000e+00	2
763	1.000000000000000e+00	10
764	1.000000000000000e+00	2
765	1.000000000000000e+00	6
766	1.000000000000000e+00	14
767	1.000000000000000e+00	2
768	1.000000000000000e+00	16
769	1.000000000000000e+00	6
770	1.000000000000000e+00	2
771	1.000000000000000e+00	6
772	1.000000000000000e+00	28
773	1.000000000000000e+00	10
774	1.000000000000000e+00	8
775	1.000000000000000e+00	10
776	1.000000000000000e+00	8
777	1.000000000000000e+00	6
778	1.000000000000000e+00	4
779	1.000000000000000e+00	8
780	1.000000000000000e+00	18
781	1.000000000000000e+00	14
782	1.000000000000000e+00	14
783	1.000000000000000e+00	24
784	1.000000000000000e+00	2
785	1.000000000000000e+00	26
786	1.000000000000000e+00	12
787	1.000000000000000e+00	20
788	1.000000000000000e+00	12
789	1.000000000000000e+00	18
790	1.000000000000000e+00	4
791	1.000000000000000e+00	34
792	1.000000000000000e+00	12
793	1.000000000000000e+00	12
794	1.000000000000000e+00	2
795	1.000000000000000e+00	26
796	1.000000000000000e+00	24
797	1.000000000000000e+00	16
798	1.000000000000000e+00	4
799	1.000000000000000e+00	34
800	1.000000000000000e+00	6
801	1.000000000000000e+00	16
802	1.000000000000000e+00	2
803	1.000000000000000e+00	6
804	1.000000000000000e+00	2
805	1.000000000000000e+00	2
806	1.000000000000000e+00	12
807	1.000000000000000e+00	24
808	1.000000000000000e+00	4
809	1.000000000000000e+00	4
810	1.000000000000000e+00	14
811	1.000000000000000e+00	2
812	1.000000000000000e+00	26
813	1.000000000000000e+00	10
814	1.000000000000000e+00	10
815	1.000000000000000e+00	2
816	1.000000000000000e+00	4
817	1.000000000000000e+00	4
818	1.000000000000000e+00	14
819	1.000000000000000e+00	10
820	1.000000000000000e+00	4
821	1.000000000000000e+00	18
822	1.000000000000000e+00	16
823	1.000000000000000e+00	4
824	1.000000000000000e+00	8
825	1.000000000000000e+00	30
826	1.000000000000000e+00	18
827	1.000000000000000e+00	2
828	1.000000000000000e+00	12
829	1.000000000000000e+00	10
830	1.000000000000000e+00	22
831	1.000000000000000e+00	8
832	1.000000000000000e+00	10
833	1.000000000000000e+00	2
834	1.000000000000000e+00	12
835	1.000000000000000e+00	14
836	1.000000000000000e+00	18
837	1.000000000000000e+00	12
838	1.000000000000000e+00	8
839	1.000000000000000e+00	20
840	1.000000000000000e+00	4
841	1.000000000000000e+00	14
842	1.000000000000000e+00	10
843	1.000000000000000e+00	16
844	1.000000000000000e+00	46
845	1.000000000000000e+00	24
846	1.000000000000000e+00	2
847	1.000000000000000e+00	2
848	1.000000000000000e+00	2
849	1.000000000000000e+00	40
850	1.000000000000000e+00	2
851	1.000000000000000e+00	10
852	1.000000000000000e+00	6
853	1.000000000000000e+00	6
854	1.000000000000000e+00	12
855	1.000000000000000e+00	34
856	1.000000000000000e+00	6
857	1.000000000000000e+00	12
858	1.000000000000000e+00	6
859	1.000000000000000e+00	12
860	1.000000000000000e+00	12
861	1.000000000000000e+00	16
862	1.000000000000000e+00	2
863	1.000000000000000e+00	4
864	1.000000000000000e+00	2
865	1.000000000000000e+00	18
866	1.000000000000000e+00	2
867	1.000000000000000e+00	6
868	1.000000000000000e+00	10
869	1.000000000000000e+00	4
870	1.000000000000000e+00	2
871	1.000000000000000e+00	12
872	1.000000000000000e+00	10
873	1.000000000000000e+00	4
874	1.000000000000000e+00	34
875	1.000000000000000e+00	4
876	1.000000000000000e+00	4
877	1.000000000000000e+00	8
878	1.000000000000000e+00	12
879	1.000000000000000e+00	10
880	1.000000000000000e+00	2
881	1.000000000000000e+00	14
882	1.000000000000000e+00	10
883	1.000000000000000e+00	12
884	1.000000000000000e+00	20
885	1.000000000000000e+00	10
886	1.000000000000000e+00	14
887	1.000000000000000e+00	16
888	1.000000000000000e+00	14
889	1.000000000000000e+00	4
890	1.000000000000000e+00	14
891	1.000000000000000e+00	4
892	1.000000000000000e+00	40
893	1.000000000000000e+00	12
894	1.000000000000000e+00	30
895	1.000000000000000e+00	2
896	1.000000000000000e+00	22
897	1.000000000000000e+00	14
898	1.000000000000000e+00	8
899	1.000000000000000e+00	8
900	1.000000000000000e+00	4
901	1.000000000000000e+00	16
902	1.000000000000000e+00	18
903	1.000000000000000e+00	8
904	1.000000000000000e+00	4
905	1.000000000000000e+00	12
906	1.000000000000000e+00	34
907	1.000000000000000e+00	16
908	1.000000000000000e+00	8
909	1.000000000000000e+00	6
910	1.000000000000000e+00	18
911	1.000000000000000e+00	8
912	1.000000000000000e+00	8
913	1.000000000000000e+00	18
914	1.000000000000000e+00	8
915	1.000000000000000e+00	18
916	1.000000000000000e+00	8
917	1.000000000000000e+00	14
918	1.000000000000000e+00	10
919	1.000000000000000e+00	16
920	1.000000000000000e+00	4
921	1.000000000000000e+00	2
922	1.000000000000000e+00	18
923	1.000000000000000e+00	10
924	1.000000000000000e+00	22
925	1.000000000000000e+00	6
926	1.000000000000000e+00	6
927	1.000000000000000e+00	28
928	1.000000000000000e+00	2
929	1.000000000000000e+00	20
930	1.000000000000000e+00	20
931	1.000000000000000e+00	12
932	1.000000000000000e+00	16
933	1.000000000000000e+00	10
934	1.000000000000000e+00	4
935	1.000000000000000e+00	6
936	1.000000000000000e+00	34
937	1.000000000000000e+00	8
938	1.000000000000000e+00	20
939	1.000000000000000e+00	24
940	1.000000000000000e+00	2
941	1.000000000000000e+00	18
942	1.000000000000000e+00	16
943	1.000000000000000e+00	18
944	1.000000000000000e+00	22
945	1.000000000000000e+00	4
946	1.000000000000000e+00	4
947	1.000000000000000e+00	16
948	1.000000000000000e+00	2
949	1.000000000000000e+00	34
950	1.000000000000000e+00	20
951	1.000000000000000e+00	2
952	1.000000000000000e+00	14
953	1.000000000000000e+00	16
954	1.000000000000000e+00	8
955	1.000000000000000e+00	2
956	1.000000000000000e+00	18
957	1.000000000000000e+00	10
958	1.000000000000000e+00	24
959	1.000000000000000e+00	4
960	1.000000000000000e+00	6
961	1.000000000000000e+00	12
962	1.000000000000000e+00	4
963	1.000000000000000e+00	6
964	1.000000000000000e+00	18
965	1.000000000000000e+00	4
966	1.000000000000000e+00	4
967	1.000000000000000e+00	8
968	1.000000000000000e+00	4
969	1.000000000000000e+00	8
970	1.000000000000000e+00	14
971	1.000000000000000e+00	8
972	1.000000000000000e+00	6
973	1.000000000000000e+00	18
974	1.000000000000000e+00	18
975	1.000000000000000e+00	2
976	1.000000000000000e+00	8
977	1.000000000000000e+00	2
978	1.000000000000000e+00	6
979	1.000000000000000e+00	26
980	1.000000000000000e+00	8
981	1.000000000000000e+00	8
982	1.000000000000000e+00	16
983	1.000000000000000e+00	22
984	1.000000000000000e+00	4
985	1.000000000000000e+00	2
986	1.000000000000000e+00	26
987	1.000000000000000e+00	26
988	1.000000000000000e+00	16
989	1.000000000000000e+00	26
990	1.000000000000000e+00	4
991	1.000000000000000e+00	38
992	1.000000000000000e+00	2
993	1.000000000000000e+00	2
994	1.000000000000000e+00	10
995	1.000000000000000e+00	20
996	1.000000000000000e+00	2
997	1.000000000000000e+00	6
998	1.000000000000000e+00	22
999	1.000000000000000e+00	20
1000	1.000000000000000e+00	4


Tempo gasto: 32.806420
