Método usado: LUUS JAAKOLA

POSIÇÃO	ÁREA(mm²)	CUSTO

1	1.000000000000000e+00	2
2	1.000000000000000e+00	12
3	1.000000000000000e+00	26
4	1.000000000000000e+00	16
5	1.000000000000000e+00	16
6	1.000000000000000e+00	2
7	1.000000000000000e+00	4
8	1.000000000000000e+00	8
9	1.000000000000000e+00	14
10	1.000000000000000e+00	2
11	1.000000000000000e+00	36
12	1.000000000000000e+00	46
13	1.000000000000000e+00	2
14	1.000000000000000e+00	10
15	1.000000000000000e+00	16
16	1.000000000000000e+00	12
17	1.000000000000000e+00	6
18	1.000000000000000e+00	2
19	1.000000000000000e+00	4
20	1.000000000000000e+00	32
21	1.000000000000000e+00	8
22	1.000000000000000e+00	8
23	1.000000000000000e+00	2
24	1.000000000000000e+00	12
25	1.000000000000000e+00	16
26	1.000000000000000e+00	4
27	1.000000000000000e+00	38
28	1.000000000000000e+00	22
29	1.000000000000000e+00	16
30	1.000000000000000e+00	8
31	1.000000000000000e+00	10
32	1.000000000000000e+00	12
33	1.000000000000000e+00	18
34	1.000000000000000e+00	8
35	1.000000000000000e+00	10
36	1.000000000000000e+00	10
37	1.000000000000000e+00	8
38	1.000000000000000e+00	6
39	1.000000000000000e+00	4
40	1.000000000000000e+00	28
41	1.000000000000000e+00	2
42	1.000000000000000e+00	10
43	1.000000000000000e+00	10
44	1.000000000000000e+00	22
45	1.000000000000000e+00	28
46	1.000000000000000e+00	8
47	1.000000000000000e+00	8
48	1.000000000000000e+00	2
49	1.000000000000000e+00	8
50	1.000000000000000e+00	6
51	1.000000000000000e+00	6
52	1.000000000000000e+00	10
53	1.000000000000000e+00	6
54	1.000000000000000e+00	8
55	1.000000000000000e+00	14
56	1.000000000000000e+00	14
57	1.000000000000000e+00	6
58	1.000000000000000e+00	12
59	1.000000000000000e+00	10
60	1.000000000000000e+00	2
61	1.000000000000000e+00	14
62	1.000000000000000e+00	34
63	1.000000000000000e+00	26
64	1.000000000000000e+00	6
65	1.000000000000000e+00	12
66	1.000000000000000e+00	20
67	1.000000000000000e+00	14
68	1.000000000000000e+00	32
69	1.000000000000000e+00	10
70	1.000000000000000e+00	14
71	1.000000000000000e+00	10
72	1.000000000000000e+00	10
73	1.000000000000000e+00	4
74	1.000000000000000e+00	20
75	1.000000000000000e+00	6
76	1.000000000000000e+00	12
77	1.000000000000000e+00	12
78	1.000000000000000e+00	20
79	1.000000000000000e+00	20
80	1.000000000000000e+00	4
81	1.000000000000000e+00	4
82	1.000000000000000e+00	24
83	1.000000000000000e+00	10
84	1.000000000000000e+00	4
85	1.000000000000000e+00	12
86	1.000000000000000e+00	16
87	1.000000000000000e+00	4
88	1.000000000000000e+00	22
89	1.000000000000000e+00	28
90	1.000000000000000e+00	10
91	1.000000000000000e+00	22
92	1.000000000000000e+00	8
93	1.000000000000000e+00	16
94	1.000000000000000e+00	28
95	1.000000000000000e+00	8
96	1.000000000000000e+00	4
97	1.000000000000000e+00	16
98	1.000000000000000e+00	6
99	1.000000000000000e+00	6
100	1.000000000000000e+00	16
101	1.000000000000000e+00	8
102	1.000000000000000e+00	10
103	1.000000000000000e+00	4
104	1.000000000000000e+00	8
105	1.000000000000000e+00	2
106	1.000000000000000e+00	12
107	1.000000000000000e+00	4
108	1.000000000000000e+00	2
109	1.000000000000000e+00	8
110	1.000000000000000e+00	18
111	1.000000000000000e+00	4
112	1.000000000000000e+00	16
113	1.000000000000000e+00	32
114	1.000000000000000e+00	6
115	1.000000000000000e+00	6
116	1.000000000000000e+00	2
117	1.000000000000000e+00	12
118	1.000000000000000e+00	18
119	1.000000000000000e+00	16
120	1.000000000000000e+00	4
121	1.000000000000000e+00	14
122	1.000000000000000e+00	34
123	1.000000000000000e+00	6
124	1.000000000000000e+00	2
125	1.000000000000000e+00	16
126	1.000000000000000e+00	8
127	1.000000000000000e+00	8
128	1.000000000000000e+00	22
129	1.000000000000000e+00	10
130	1.000000000000000e+00	20
131	1.000000000000000e+00	14
132	1.000000000000000e+00	6
133	1.000000000000000e+00	8
134	1.000000000000000e+00	34
135	1.000000000000000e+00	18
136	1.000000000000000e+00	6
137	1.000000000000000e+00	16
138	1.000000000000000e+00	18
139	1.000000000000000e+00	18
140	1.000000000000000e+00	4
141	1.000000000000000e+00	2
142	1.000000000000000e+00	44
143	1.000000000000000e+00	8
144	1.000000000000000e+00	4
145	1.000000000000000e+00	18
146	1.000000000000000e+00	4
147	1.000000000000000e+00	8
148	1.000000000000000e+00	6
149	1.000000000000000e+00	10
150	1.000000000000000e+00	8
151	1.000000000000000e+00	24
152	1.000000000000000e+00	8
153	1.000000000000000e+00	2
154	1.000000000000000e+00	4
155	1.000000000000000e+00	4
156	1.000000000000000e+00	6
157	1.000000000000000e+00	2
158	1.000000000000000e+00	2
159	1.000000000000000e+00	6
160	1.000000000000000e+00	6
161	1.000000000000000e+00	6
162	1.000000000000000e+00	40
163	1.000000000000000e+00	8
164	1.000000000000000e+00	8
165	1.000000000000000e+00	20
166	1.000000000000000e+00	6
167	1.000000000000000e+00	4
168	1.000000000000000e+00	28
169	1.000000000000000e+00	16
170	1.000000000000000e+00	14
171	1.000000000000000e+00	26
172	1.000000000000000e+00	4
173	1.000000000000000e+00	2
174	1.000000000000000e+00	16
175	1.000000000000000e+00	12
176	1.000000000000000e+00	8
177	1.000000000000000e+00	4
178	1.000000000000000e+00	14
179	1.000000000000000e+00	20
180	1.000000000000000e+00	22
181	1.000000000000000e+00	14
182	1.000000000000000e+00	12
183	1.000000000000000e+00	20
184	1.000000000000000e+00	20
185	1.000000000000000e+00	10
186	1.000000000000000e+00	14
187	1.000000000000000e+00	2
188	1.000000000000000e+00	8
189	1.000000000000000e+00	12
190	1.000000000000000e+00	16
191	1.000000000000000e+00	2
192	1.000000000000000e+00	18
193	1.000000000000000e+00	32
194	1.000000000000000e+00	6
195	1.000000000000000e+00	6
196	1.000000000000000e+00	8
197	1.000000000000000e+00	24
198	1.000000000000000e+00	38
199	1.000000000000000e+00	4
200	1.000000000000000e+00	4
201	1.000000000000000e+00	36
202	1.000000000000000e+00	14
203	1.000000000000000e+00	18
204	1.000000000000000e+00	6
205	1.000000000000000e+00	4
206	1.000000000000000e+00	18
207	1.000000000000000e+00	20
208	1.000000000000000e+00	6
209	1.000000000000000e+00	26
210	1.000000000000000e+00	8
211	1.000000000000000e+00	10
212	1.000000000000000e+00	4
213	1.000000000000000e+00	22
214	1.000000000000000e+00	12
215	1.000000000000000e+00	4
216	1.000000000000000e+00	26
217	1.000000000000000e+00	16
218	1.000000000000000e+00	14
219	1.000000000000000e+00	8
220	1.000000000000000e+00	16
221	1.000000000000000e+00	6
222	1.000000000000000e+00	4
223	1.000000000000000e+00	6
224	1.000000000000000e+00	8
225	1.000000000000000e+00	8
226	1.000000000000000e+00	12
227	1.000000000000000e+00	8
228	1.000000000000000e+00	4
229	1.000000000000000e+00	2
230	1.000000000000000e+00	16
231	1.000000000000000e+00	14
232	1.000000000000000e+00	28
233	1.000000000000000e+00	26
234	1.000000000000000e+00	16
235	1.000000000000000e+00	8
236	1.000000000000000e+00	16
237	1.000000000000000e+00	18
238	1.000000000000000e+00	4
239	1.000000000000000e+00	4
240	1.000000000000000e+00	6
241	1.000000000000000e+00	14
242	1.000000000000000e+00	16
243	1.000000000000000e+00	10
244	1.000000000000000e+00	8
245	1.000000000000000e+00	26
246	1.000000000000000e+00	8
247	1.000000000000000e+00	6
248	1.000000000000000e+00	6
249	1.000000000000000e+00	26
250	1.000000000000000e+00	10
251	1.000000000000000e+00	30
252	1.000000000000000e+00	32
253	1.000000000000000e+00	12
254	1.000000000000000e+00	2
255	1.000000000000000e+00	14
256	1.000000000000000e+00	8
257	1.000000000000000e+00	52
258	1.000000000000000e+00	8
259	1.000000000000000e+00	18
260	1.000000000000000e+00	12
261	1.000000000000000e+00	8
262	1.000000000000000e+00	26
263	1.000000000000000e+00	4
264	1.000000000000000e+00	10
265	1.000000000000000e+00	4
266	1.000000000000000e+00	12
267	1.000000000000000e+00	22
268	1.000000000000000e+00	2
269	1.000000000000000e+00	16
270	1.000000000000000e+00	8
271	1.000000000000000e+00	40
272	1.000000000000000e+00	14
273	1.000000000000000e+00	2
274	1.000000000000000e+00	8
275	1.000000000000000e+00	4
276	1.000000000000000e+00	28
277	1.000000000000000e+00	6
278	1.000000000000000e+00	2
279	1.000000000000000e+00	2
280	1.000000000000000e+00	4
281	1.000000000000000e+00	4
282	1.000000000000000e+00	2
283	1.000000000000000e+00	2
284	1.000000000000000e+00	4
285	1.000000000000000e+00	4
286	1.000000000000000e+00	42
287	1.000000000000000e+00	10
288	1.000000000000000e+00	2
289	1.000000000000000e+00	10
290	1.000000000000000e+00	20
291	1.000000000000000e+00	4
292	1.000000000000000e+00	4
293	1.000000000000000e+00	6
294	1.000000000000000e+00	2
295	1.000000000000000e+00	10
296	1.000000000000000e+00	6
297	1.000000000000000e+00	4
298	1.000000000000000e+00	2
299	1.000000000000000e+00	20
300	1.000000000000000e+00	10
301	1.000000000000000e+00	16
302	1.000000000000000e+00	30
303	1.000000000000000e+00	10
304	1.000000000000000e+00	2
305	1.000000000000000e+00	22
306	1.000000000000000e+00	12
307	1.000000000000000e+00	18
308	1.000000000000000e+00	2
309	1.000000000000000e+00	6
310	1.000000000000000e+00	6
311	1.000000000000000e+00	18
312	1.000000000000000e+00	64
313	1.000000000000000e+00	6
314	1.000000000000000e+00	2
315	1.000000000000000e+00	14
316	1.000000000000000e+00	6
317	1.000000000000000e+00	4
318	1.000000000000000e+00	10
319	1.000000000000000e+00	24
320	1.000000000000000e+00	10
321	1.000000000000000e+00	20
322	1.000000000000000e+00	18
323	1.000000000000000e+00	20
324	1.000000000000000e+00	16
325	1.000000000000000e+00	18
326	1.000000000000000e+00	8
327	1.000000000000000e+00	16
328	1.000000000000000e+00	8
329	1.000000000000000e+00	6
330	1.000000000000000e+00	30
331	1.000000000000000e+00	16
332	1.000000000000000e+00	12
333	1.000000000000000e+00	14
334	1.000000000000000e+00	4
335	1.000000000000000e+00	2
336	1.000000000000000e+00	12
337	1.000000000000000e+00	12
338	1.000000000000000e+00	16
339	1.000000000000000e+00	4
340	1.000000000000000e+00	16
341	1.000000000000000e+00	2
342	1.000000000000000e+00	26
343	1.000000000000000e+00	8
344	1.000000000000000e+00	16
345	1.000000000000000e+00	6
346	1.000000000000000e+00	6
347	1.000000000000000e+00	4
348	1.000000000000000e+00	12
349	1.000000000000000e+00	28
350	1.000000000000000e+00	6
351	1.000000000000000e+00	16
352	9.500008019795200e-01	266
353	9.000137929366491e-01	274
354	8.500232215717013e-01	310
355	8.000140730603408e-01	300
356	7.500182743207148e-01	270
357	7.000038576960979e-01	242
358	6.499942670390514e-01	246
359	5.999873196750225e-01	292
360	5.499773327792402e-01	286
361	4.999692558248899e-01	298
362	4.999652799908336e-01	294
363	5.249572816034239e-01	344
364	5.499464362068602e-01	340
365	5.749421396081161e-01	228
366	5.999446494673020e-01	298
367	6.249353198849452e-01	340
368	6.499453092517110e-01	308
369	6.749501526302496e-01	236
370	6.999602668137433e-01	244
371	7.249647084779608e-01	278
372	7.499722106068698e-01	270
373	7.999662516906729e-01	292
374	8.499689993013154e-01	316
375	8.999752489101488e-01	322
376	9.499769789967594e-01	264
377	9.999931207527324e-01	156
378	1.000000000000000e+00	4
379	1.000000000000000e+00	4
380	1.000000000000000e+00	6
381	1.000000000000000e+00	14
382	1.000000000000000e+00	8
383	1.000000000000000e+00	6
384	1.000000000000000e+00	8
385	1.000000000000000e+00	18
386	1.000000000000000e+00	18
387	1.000000000000000e+00	18
388	1.000000000000000e+00	10
389	1.000000000000000e+00	16
390	1.000000000000000e+00	6
391	1.000000000000000e+00	20
392	1.000000000000000e+00	12
393	1.000000000000000e+00	6
394	1.000000000000000e+00	14
395	1.000000000000000e+00	4
396	1.000000000000000e+00	12
397	1.000000000000000e+00	4
398	1.000000000000000e+00	2
399	1.000000000000000e+00	6
400	1.000000000000000e+00	24
401	1.000000000000000e+00	12
402	1.000000000000000e+00	2
403	1.000000000000000e+00	6
404	1.000000000000000e+00	38
405	1.000000000000000e+00	20
406	1.000000000000000e+00	14
407	1.000000000000000e+00	24
408	1.000000000000000e+00	14
409	1.000000000000000e+00	12
410	1.000000000000000e+00	12
411	1.000000000000000e+00	12
412	1.000000000000000e+00	12
413	1.000000000000000e+00	4
414	1.000000000000000e+00	6
415	1.000000000000000e+00	12
416	1.000000000000000e+00	10
417	1.000000000000000e+00	2
418	1.000000000000000e+00	8
419	1.000000000000000e+00	22
420	1.000000000000000e+00	8
421	1.000000000000000e+00	20
422	1.000000000000000e+00	28
423	1.000000000000000e+00	12
424	1.000000000000000e+00	28
425	1.000000000000000e+00	20
426	1.000000000000000e+00	22
427	1.000000000000000e+00	14
428	1.000000000000000e+00	22
429	1.000000000000000e+00	20
430	1.000000000000000e+00	22
431	1.000000000000000e+00	4
432	1.000000000000000e+00	14
433	1.000000000000000e+00	2
434	1.000000000000000e+00	4
435	1.000000000000000e+00	18
436	1.000000000000000e+00	4
437	1.000000000000000e+00	8
438	1.000000000000000e+00	26
439	1.000000000000000e+00	28
440	1.000000000000000e+00	4
441	1.000000000000000e+00	4
442	1.000000000000000e+00	8
443	1.000000000000000e+00	4
444	1.000000000000000e+00	30
445	1.000000000000000e+00	24
446	1.000000000000000e+00	8
447	1.000000000000000e+00	2
448	1.000000000000000e+00	6
449	1.000000000000000e+00	22
450	1.000000000000000e+00	6
451	1.000000000000000e+00	18
452	1.000000000000000e+00	4
453	1.000000000000000e+00	18
454	1.000000000000000e+00	12
455	1.000000000000000e+00	22
456	1.000000000000000e+00	10
457	1.000000000000000e+00	22
458	1.000000000000000e+00	20
459	1.000000000000000e+00	8
460	1.000000000000000e+00	16
461	1.000000000000000e+00	12
462	1.000000000000000e+00	18
463	1.000000000000000e+00	4
464	1.000000000000000e+00	18
465	1.000000000000000e+00	2
466	1.000000000000000e+00	14
467	1.000000000000000e+00	6
468	1.000000000000000e+00	16
469	1.000000000000000e+00	10
470	1.000000000000000e+00	8
471	1.000000000000000e+00	2
472	1.000000000000000e+00	28
473	1.000000000000000e+00	2
474	1.000000000000000e+00	4
475	1.000000000000000e+00	4
476	1.000000000000000e+00	2
477	1.000000000000000e+00	6
478	1.000000000000000e+00	6
479	1.000000000000000e+00	8
480	1.000000000000000e+00	10
481	1.000000000000000e+00	4
482	1.000000000000000e+00	20
483	1.000000000000000e+00	46
484	1.000000000000000e+00	14
485	1.000000000000000e+00	8
486	1.000000000000000e+00	16
487	1.000000000000000e+00	8
488	1.000000000000000e+00	20
489	1.000000000000000e+00	24
490	1.000000000000000e+00	28
491	1.000000000000000e+00	10
492	1.000000000000000e+00	2
493	1.000000000000000e+00	30
494	1.000000000000000e+00	10
495	1.000000000000000e+00	14
496	1.000000000000000e+00	4
497	1.000000000000000e+00	6
498	1.000000000000000e+00	8
499	1.000000000000000e+00	2
500	1.000000000000000e+00	6
501	1.000000000000000e+00	6
502	1.000000000000000e+00	4
503	1.000000000000000e+00	28
504	1.000000000000000e+00	16
505	1.000000000000000e+00	2
506	1.000000000000000e+00	6
507	1.000000000000000e+00	20
508	1.000000000000000e+00	6
509	1.000000000000000e+00	6
510	1.000000000000000e+00	4
511	1.000000000000000e+00	16
512	1.000000000000000e+00	2
513	1.000000000000000e+00	14
514	1.000000000000000e+00	36
515	1.000000000000000e+00	10
516	1.000000000000000e+00	32
517	1.000000000000000e+00	4
518	1.000000000000000e+00	24
519	1.000000000000000e+00	10
520	1.000000000000000e+00	4
521	1.000000000000000e+00	18
522	1.000000000000000e+00	14
523	1.000000000000000e+00	20
524	1.000000000000000e+00	16
525	1.000000000000000e+00	26
526	1.000000000000000e+00	8
527	1.000000000000000e+00	6
528	1.000000000000000e+00	10
529	1.000000000000000e+00	38
530	1.000000000000000e+00	20
531	1.000000000000000e+00	18
532	1.000000000000000e+00	32
533	1.000000000000000e+00	4
534	1.000000000000000e+00	6
535	1.000000000000000e+00	30
536	1.000000000000000e+00	12
537	1.000000000000000e+00	2
538	1.000000000000000e+00	16
539	1.000000000000000e+00	28
540	1.000000000000000e+00	6
541	1.000000000000000e+00	12
542	1.000000000000000e+00	30
543	1.000000000000000e+00	2
544	1.000000000000000e+00	20
545	1.000000000000000e+00	2
546	1.000000000000000e+00	14
547	1.000000000000000e+00	10
548	1.000000000000000e+00	14
549	1.000000000000000e+00	4
550	1.000000000000000e+00	38
551	1.000000000000000e+00	16
552	1.000000000000000e+00	18
553	1.000000000000000e+00	18
554	1.000000000000000e+00	2
555	1.000000000000000e+00	12
556	1.000000000000000e+00	4
557	1.000000000000000e+00	4
558	1.000000000000000e+00	8
559	1.000000000000000e+00	42
560	1.000000000000000e+00	28
561	1.000000000000000e+00	34
562	1.000000000000000e+00	14
563	1.000000000000000e+00	6
564	1.000000000000000e+00	12
565	1.000000000000000e+00	20
566	1.000000000000000e+00	18
567	1.000000000000000e+00	14
568	1.000000000000000e+00	26
569	1.000000000000000e+00	18
570	1.000000000000000e+00	2
571	1.000000000000000e+00	16
572	1.000000000000000e+00	14
573	1.000000000000000e+00	12
574	1.000000000000000e+00	12
575	1.000000000000000e+00	18
576	1.000000000000000e+00	10
577	1.000000000000000e+00	16
578	1.000000000000000e+00	8
579	1.000000000000000e+00	2
580	1.000000000000000e+00	6
581	1.000000000000000e+00	6
582	1.000000000000000e+00	6
583	1.000000000000000e+00	14
584	1.000000000000000e+00	18
585	1.000000000000000e+00	2
586	1.000000000000000e+00	4
587	1.000000000000000e+00	14
588	1.000000000000000e+00	24
589	1.000000000000000e+00	24
590	1.000000000000000e+00	6
591	1.000000000000000e+00	6
592	1.000000000000000e+00	10
593	1.000000000000000e+00	4
594	1.000000000000000e+00	10
595	1.000000000000000e+00	12
596	1.000000000000000e+00	12
597	1.000000000000000e+00	10
598	1.000000000000000e+00	20
599	1.000000000000000e+00	2
600	1.000000000000000e+00	18
601	1.000000000000000e+00	2
602	1.000000000000000e+00	8
603	1.000000000000000e+00	12
604	1.000000000000000e+00	10
605	1.000000000000000e+00	8
606	1.000000000000000e+00	18
607	1.000000000000000e+00	6
608	1.000000000000000e+00	8
609	1.000000000000000e+00	34
610	1.000000000000000e+00	10
611	1.000000000000000e+00	58
612	1.000000000000000e+00	6
613	1.000000000000000e+00	8
614	1.000000000000000e+00	2
615	1.000000000000000e+00	14
616	1.000000000000000e+00	12
617	1.000000000000000e+00	50
618	1.000000000000000e+00	44
619	1.000000000000000e+00	58
620	1.000000000000000e+00	22
621	1.000000000000000e+00	12
622	1.000000000000000e+00	2
623	1.000000000000000e+00	14
624	1.000000000000000e+00	30
625	1.000000000000000e+00	14
626	1.000000000000000e+00	4
627	1.000000000000000e+00	14
628	1.000000000000000e+00	6
629	1.000000000000000e+00	8
630	1.000000000000000e+00	6
631	1.000000000000000e+00	26
632	1.000000000000000e+00	8
633	1.000000000000000e+00	12
634	1.000000000000000e+00	6
635	1.000000000000000e+00	2
636	1.000000000000000e+00	6
637	1.000000000000000e+00	10
638	1.000000000000000e+00	2
639	1.000000000000000e+00	4
640	1.000000000000000e+00	24
641	1.000000000000000e+00	18
642	1.000000000000000e+00	8
643	1.000000000000000e+00	22
644	1.000000000000000e+00	2
645	1.000000000000000e+00	30
646	1.000000000000000e+00	28
647	1.000000000000000e+00	2
648	1.000000000000000e+00	6
649	1.000000000000000e+00	14
650	1.000000000000000e+00	4
651	9.704035162711295e-01	340
652	9.373966589256074e-01	212
653	9.056107607032260e-01	312
654	8.750141970119760e-01	318
655	8.456122392448687e-01	296
656	8.174045424386494e-01	312
657	7.904156536101525e-01	284
658	7.646021514335362e-01	320
659	7.399898890182092e-01	270
660	7.165820888669123e-01	328
661	6.943724526311655e-01	250
662	6.733664712906122e-01	176
663	6.535564933777132e-01	280
664	6.349602242004228e-01	188
665	6.175576171020525e-01	246
666	6.013583977883084e-01	266
667	5.863562835662819e-01	220
668	5.725673197877582e-01	222
669	5.599756850749590e-01	302
670	5.485662275042879e-01	348
671	5.383761344000190e-01	330
672	5.293818905441561e-01	288
673	5.215782186302289e-01	284
674	5.149843294111174e-01	262
675	5.095809791395367e-01	194
676	5.053848066603466e-01	84
677	5.023866546604618e-01	356
678	5.005852882855200e-01	328
679	4.999881904649067e-01	202
680	5.005930741856579e-01	310
681	5.024020484726165e-01	298
682	5.053984757787946e-01	318
683	5.095971823101179e-01	302
684	5.149892312408100e-01	230
685	5.215929827629413e-01	314
686	5.293928498576282e-01	274
687	5.384017087327446e-01	288
688	5.486120998082361e-01	280
689	5.600192626209888e-01	164
690	5.726171642085428e-01	22
691	5.864121970400511e-01	306
692	6.014190693112861e-01	314
693	6.176265781874007e-01	238
694	6.350353678227281e-01	240
695	6.536403456437885e-01	260
696	6.734298352167040e-01	262
697	6.944209882454718e-01	292
698	7.166084544798350e-01	320
699	7.399978317686049e-01	260
700	7.645901005910636e-01	152
701	7.903735111575673e-01	206
702	8.173692490486737e-01	254
703	8.455519331354320e-01	150
704	8.749369208938743e-01	280
705	9.055208835729862e-01	272
706	9.373319387869332e-01	224
707	9.999198762003892e-01	222
708	9.999213374894992e-01	258
709	9.999018865061465e-01	272
710	9.998986996162214e-01	228
711	9.999002326462331e-01	222
712	9.998993601808768e-01	288
713	9.999014381007217e-01	234
714	9.999146780461160e-01	252
715	9.999106686367065e-01	292
716	9.999017369706360e-01	246
717	9.998959674732800e-01	190
718	9.999034450229510e-01	248
719	9.999198911788877e-01	242
720	9.999072619757847e-01	148
721	9.999112750551522e-01	270
722	9.999182298203670e-01	252
723	9.999301643671712e-01	312
724	9.999201937506144e-01	286
725	9.999318069748730e-01	306
726	9.999323931714459e-01	166
727	9.999427173051720e-01	202
728	9.999265939052071e-01	244
729	9.999227193779167e-01	280
730	9.999282722828733e-01	272
731	9.999352599322737e-01	238
732	9.999252716093712e-01	288
733	9.999285094323325e-01	158
734	9.999143604309295e-01	204
735	9.999010602666601e-01	270
736	9.998946424208303e-01	318
737	9.998965889581165e-01	254
738	9.998819279898457e-01	238
739	9.999000168275776e-01	314
740	9.998817625921960e-01	300
741	9.998765658518979e-01	308
742	9.998914892112168e-01	266
743	9.998875715434140e-01	266
744	9.998948123558500e-01	280
745	9.998939380214500e-01	256
746	9.999123944882914e-01	298
747	9.998968137184595e-01	260
748	9.999141351266166e-01	194
749	9.999354607471966e-01	248
750	9.999285351339905e-01	270
751	9.999206521436736e-01	268
752	9.999212782505459e-01	302
753	9.999159570908916e-01	272
754	9.999148831017156e-01	276
755	9.999348243081762e-01	242
756	9.999259180750844e-01	224
757	9.999285974959500e-01	326
758	9.999164925411511e-01	278
759	9.999063688477782e-01	180
760	9.999031295560721e-01	234
761	9.999040669812721e-01	318
762	9.998879051436584e-01	182
763	9.998796754554485e-01	346
764	9.998884748092252e-01	266
765	9.998784269824481e-01	246
766	9.998577701257395e-01	276
767	9.998512054244967e-01	318
768	9.998488718859095e-01	286
769	9.998375070477160e-01	252
770	9.998299823503476e-01	302
771	9.998439549075935e-01	298
772	9.998241630071038e-01	302
773	9.998312454159247e-01	266
774	9.998278634203280e-01	286
775	9.998453016429761e-01	254
776	9.998432338825229e-01	202
777	9.998389094779371e-01	242
778	9.998478242777427e-01	298
779	9.998506340216141e-01	238
780	9.998667219850613e-01	252
781	9.998855981155876e-01	306
782	9.998778802469857e-01	290
783	9.998935099303250e-01	86
784	9.998989922597532e-01	280
785	9.999183283645312e-01	316
786	9.999369084256099e-01	226
787	9.999455997777396e-01	256
788	9.999615023447204e-01	248
789	9.999446950095783e-01	254
790	9.999470926132369e-01	282
791	9.999625646684207e-01	318
792	9.999817761558339e-01	168
793	1.000000000000000e+00	12
794	1.000000000000000e+00	14
795	1.000000000000000e+00	12
796	1.000000000000000e+00	6
797	1.000000000000000e+00	6
798	1.000000000000000e+00	16
799	1.000000000000000e+00	14
800	1.000000000000000e+00	16
801	1.000000000000000e+00	14
802	1.000000000000000e+00	22
803	1.000000000000000e+00	6
804	1.000000000000000e+00	4
805	1.000000000000000e+00	8
806	1.000000000000000e+00	22
807	1.000000000000000e+00	18
808	1.000000000000000e+00	18
809	1.000000000000000e+00	6
810	1.000000000000000e+00	24
811	1.000000000000000e+00	16
812	1.000000000000000e+00	8
813	1.000000000000000e+00	8
814	1.000000000000000e+00	8
815	1.000000000000000e+00	20
816	1.000000000000000e+00	26
817	1.000000000000000e+00	8
818	1.000000000000000e+00	4
819	1.000000000000000e+00	4
820	1.000000000000000e+00	4
821	1.000000000000000e+00	16
822	1.000000000000000e+00	2
823	1.000000000000000e+00	10
824	1.000000000000000e+00	20
825	1.000000000000000e+00	12
826	1.000000000000000e+00	24
827	1.000000000000000e+00	2
828	1.000000000000000e+00	22
829	1.000000000000000e+00	2
830	1.000000000000000e+00	4
831	1.000000000000000e+00	18
832	1.000000000000000e+00	6
833	1.000000000000000e+00	2
834	1.000000000000000e+00	2
835	1.000000000000000e+00	4
836	1.000000000000000e+00	18
837	1.000000000000000e+00	10
838	1.000000000000000e+00	22
839	1.000000000000000e+00	2
840	1.000000000000000e+00	4
841	1.000000000000000e+00	16
842	1.000000000000000e+00	4
843	1.000000000000000e+00	10
844	1.000000000000000e+00	12
845	1.000000000000000e+00	8
846	1.000000000000000e+00	22
847	1.000000000000000e+00	16
848	1.000000000000000e+00	10
849	1.000000000000000e+00	38
850	1.000000000000000e+00	8
851	1.000000000000000e+00	36
852	1.000000000000000e+00	18
853	1.000000000000000e+00	18
854	1.000000000000000e+00	2
855	1.000000000000000e+00	10
856	1.000000000000000e+00	16
857	1.000000000000000e+00	4
858	1.000000000000000e+00	4
859	1.000000000000000e+00	8
860	1.000000000000000e+00	12
861	1.000000000000000e+00	18
862	1.000000000000000e+00	4
863	1.000000000000000e+00	2
864	1.000000000000000e+00	8
865	1.000000000000000e+00	4
866	1.000000000000000e+00	8
867	1.000000000000000e+00	2
868	1.000000000000000e+00	4
869	1.000000000000000e+00	2
870	1.000000000000000e+00	2
871	1.000000000000000e+00	8
872	1.000000000000000e+00	6
873	1.000000000000000e+00	8
874	1.000000000000000e+00	4
875	1.000000000000000e+00	18
876	1.000000000000000e+00	10
877	1.000000000000000e+00	4
878	1.000000000000000e+00	8
879	1.000000000000000e+00	18
880	1.000000000000000e+00	2
881	1.000000000000000e+00	2
882	1.000000000000000e+00	2
883	1.000000000000000e+00	8
884	1.000000000000000e+00	6
885	1.000000000000000e+00	18
886	1.000000000000000e+00	14
887	1.000000000000000e+00	10
888	1.000000000000000e+00	4
889	1.000000000000000e+00	18
890	1.000000000000000e+00	12
891	1.000000000000000e+00	60
892	1.000000000000000e+00	4
893	1.000000000000000e+00	50
894	1.000000000000000e+00	10
895	1.000000000000000e+00	30
896	1.000000000000000e+00	20
897	1.000000000000000e+00	4
898	1.000000000000000e+00	2
899	1.000000000000000e+00	2
900	1.000000000000000e+00	8
901	1.000000000000000e+00	12
902	1.000000000000000e+00	10
903	1.000000000000000e+00	2
904	1.000000000000000e+00	4
905	1.000000000000000e+00	28
906	1.000000000000000e+00	2
907	1.000000000000000e+00	8
908	1.000000000000000e+00	20
909	1.000000000000000e+00	8
910	1.000000000000000e+00	54
911	1.000000000000000e+00	4
912	1.000000000000000e+00	6
913	1.000000000000000e+00	4
914	1.000000000000000e+00	2
915	1.000000000000000e+00	14
916	1.000000000000000e+00	16
917	1.000000000000000e+00	2
918	1.000000000000000e+00	2
919	1.000000000000000e+00	12
920	1.000000000000000e+00	12
921	1.000000000000000e+00	18
922	1.000000000000000e+00	4
923	1.000000000000000e+00	22
924	1.000000000000000e+00	26
925	1.000000000000000e+00	18
926	1.000000000000000e+00	8
927	1.000000000000000e+00	16
928	1.000000000000000e+00	2
929	1.000000000000000e+00	16
930	1.000000000000000e+00	6
931	1.000000000000000e+00	18
932	1.000000000000000e+00	8
933	1.000000000000000e+00	6
934	1.000000000000000e+00	40
935	1.000000000000000e+00	16
936	1.000000000000000e+00	12
937	1.000000000000000e+00	4
938	1.000000000000000e+00	2
939	1.000000000000000e+00	8
940	1.000000000000000e+00	18
941	1.000000000000000e+00	16
942	1.000000000000000e+00	38
943	1.000000000000000e+00	26
944	1.000000000000000e+00	32
945	1.000000000000000e+00	8
946	1.000000000000000e+00	2
947	1.000000000000000e+00	18
948	1.000000000000000e+00	30
949	1.000000000000000e+00	4
950	1.000000000000000e+00	10
951	1.000000000000000e+00	10
952	1.000000000000000e+00	34
953	1.000000000000000e+00	2
954	1.000000000000000e+00	2
955	1.000000000000000e+00	12
956	1.000000000000000e+00	8
957	1.000000000000000e+00	2
958	1.000000000000000e+00	14
959	1.000000000000000e+00	26
960	1.000000000000000e+00	12
961	1.000000000000000e+00	6
962	1.000000000000000e+00	8
963	1.000000000000000e+00	6
964	1.000000000000000e+00	14
965	1.000000000000000e+00	20
966	1.000000000000000e+00	6
967	1.000000000000000e+00	8
968	1.000000000000000e+00	6
969	1.000000000000000e+00	18
970	1.000000000000000e+00	12
971	1.000000000000000e+00	10
972	1.000000000000000e+00	10
973	1.000000000000000e+00	4
974	1.000000000000000e+00	8
975	1.000000000000000e+00	10
976	1.000000000000000e+00	6
977	1.000000000000000e+00	6
978	1.000000000000000e+00	6
979	1.000000000000000e+00	2
980	1.000000000000000e+00	10
981	1.000000000000000e+00	14
982	1.000000000000000e+00	12
983	1.000000000000000e+00	8
984	1.000000000000000e+00	10
985	1.000000000000000e+00	8
986	1.000000000000000e+00	4
987	1.000000000000000e+00	14
988	1.000000000000000e+00	2
989	1.000000000000000e+00	2
990	1.000000000000000e+00	22
991	1.000000000000000e+00	4
992	1.000000000000000e+00	4
993	1.000000000000000e+00	8
994	1.000000000000000e+00	6
995	1.000000000000000e+00	2
996	1.000000000000000e+00	2
997	1.000000000000000e+00	6
998	1.000000000000000e+00	12
999	1.000000000000000e+00	22
1000	1.000000000000000e+00	14


Tempo gasto: 24.966935
