Método usado: LUUS JAAKOLA

POSIÇÃO	ÁREA(mm²)	CUSTO

1	1.000000000000000e+00	2
2	1.000000000000000e+00	14
3	1.000000000000000e+00	32
4	1.000000000000000e+00	14
5	1.000000000000000e+00	2
6	1.000000000000000e+00	6
7	1.000000000000000e+00	16
8	1.000000000000000e+00	20
9	1.000000000000000e+00	10
10	1.000000000000000e+00	28
11	1.000000000000000e+00	10
12	1.000000000000000e+00	10
13	1.000000000000000e+00	16
14	1.000000000000000e+00	36
15	1.000000000000000e+00	28
16	1.000000000000000e+00	16
17	1.000000000000000e+00	18
18	1.000000000000000e+00	2
19	1.000000000000000e+00	8
20	1.000000000000000e+00	2
21	1.000000000000000e+00	10
22	1.000000000000000e+00	4
23	1.000000000000000e+00	18
24	1.000000000000000e+00	4
25	1.000000000000000e+00	10
26	1.000000000000000e+00	2
27	1.000000000000000e+00	22
28	1.000000000000000e+00	8
29	1.000000000000000e+00	6
30	1.000000000000000e+00	8
31	1.000000000000000e+00	16
32	1.000000000000000e+00	10
33	1.000000000000000e+00	2
34	1.000000000000000e+00	2
35	1.000000000000000e+00	4
36	1.000000000000000e+00	2
37	1.000000000000000e+00	10
38	1.000000000000000e+00	6
39	1.000000000000000e+00	24
40	1.000000000000000e+00	8
41	1.000000000000000e+00	28
42	1.000000000000000e+00	8
43	1.000000000000000e+00	12
44	1.000000000000000e+00	42
45	1.000000000000000e+00	18
46	1.000000000000000e+00	6
47	1.000000000000000e+00	6
48	1.000000000000000e+00	16
49	1.000000000000000e+00	30
50	1.000000000000000e+00	10
51	1.000000000000000e+00	26
52	1.000000000000000e+00	6
53	1.000000000000000e+00	24
54	1.000000000000000e+00	2
55	1.000000000000000e+00	12
56	1.000000000000000e+00	20
57	1.000000000000000e+00	6
58	1.000000000000000e+00	4
59	1.000000000000000e+00	4
60	1.000000000000000e+00	2
61	1.000000000000000e+00	18
62	1.000000000000000e+00	8
63	1.000000000000000e+00	8
64	1.000000000000000e+00	8
65	1.000000000000000e+00	4
66	1.000000000000000e+00	16
67	1.000000000000000e+00	6
68	1.000000000000000e+00	8
69	1.000000000000000e+00	4
70	1.000000000000000e+00	6
71	1.000000000000000e+00	12
72	1.000000000000000e+00	10
73	1.000000000000000e+00	4
74	1.000000000000000e+00	4
75	1.000000000000000e+00	8
76	1.000000000000000e+00	8
77	1.000000000000000e+00	2
78	1.000000000000000e+00	10
79	1.000000000000000e+00	2
80	1.000000000000000e+00	2
81	1.000000000000000e+00	20
82	1.000000000000000e+00	18
83	1.000000000000000e+00	10
84	1.000000000000000e+00	4
85	1.000000000000000e+00	10
86	1.000000000000000e+00	8
87	1.000000000000000e+00	4
88	1.000000000000000e+00	24
89	1.000000000000000e+00	24
90	1.000000000000000e+00	10
91	1.000000000000000e+00	34
92	1.000000000000000e+00	8
93	1.000000000000000e+00	12
94	1.000000000000000e+00	22
95	1.000000000000000e+00	8
96	1.000000000000000e+00	18
97	1.000000000000000e+00	2
98	1.000000000000000e+00	26
99	1.000000000000000e+00	6
100	1.000000000000000e+00	12
101	1.000000000000000e+00	8
102	1.000000000000000e+00	8
103	1.000000000000000e+00	14
104	1.000000000000000e+00	46
105	1.000000000000000e+00	8
106	1.000000000000000e+00	14
107	1.000000000000000e+00	2
108	1.000000000000000e+00	16
109	1.000000000000000e+00	36
110	1.000000000000000e+00	12
111	1.000000000000000e+00	2
112	1.000000000000000e+00	6
113	1.000000000000000e+00	10
114	1.000000000000000e+00	22
115	1.000000000000000e+00	12
116	1.000000000000000e+00	48
117	1.000000000000000e+00	18
118	1.000000000000000e+00	26
119	1.000000000000000e+00	12
120	1.000000000000000e+00	10
121	1.000000000000000e+00	36
122	1.000000000000000e+00	8
123	1.000000000000000e+00	16
124	1.000000000000000e+00	38
125	1.000000000000000e+00	2
126	1.000000000000000e+00	34
127	1.000000000000000e+00	10
128	1.000000000000000e+00	6
129	1.000000000000000e+00	10
130	1.000000000000000e+00	2
131	1.000000000000000e+00	18
132	1.000000000000000e+00	22
133	1.000000000000000e+00	6
134	1.000000000000000e+00	18
135	1.000000000000000e+00	8
136	1.000000000000000e+00	24
137	1.000000000000000e+00	4
138	1.000000000000000e+00	30
139	1.000000000000000e+00	2
140	1.000000000000000e+00	12
141	1.000000000000000e+00	12
142	1.000000000000000e+00	2
143	1.000000000000000e+00	10
144	1.000000000000000e+00	16
145	1.000000000000000e+00	10
146	1.000000000000000e+00	24
147	1.000000000000000e+00	6
148	1.000000000000000e+00	8
149	1.000000000000000e+00	2
150	1.000000000000000e+00	2
151	1.000000000000000e+00	30
152	1.000000000000000e+00	4
153	1.000000000000000e+00	22
154	1.000000000000000e+00	12
155	1.000000000000000e+00	10
156	1.000000000000000e+00	22
157	1.000000000000000e+00	4
158	1.000000000000000e+00	8
159	1.000000000000000e+00	14
160	1.000000000000000e+00	6
161	1.000000000000000e+00	10
162	1.000000000000000e+00	6
163	1.000000000000000e+00	6
164	1.000000000000000e+00	30
165	1.000000000000000e+00	6
166	1.000000000000000e+00	4
167	1.000000000000000e+00	18
168	1.000000000000000e+00	2
169	1.000000000000000e+00	2
170	1.000000000000000e+00	2
171	1.000000000000000e+00	22
172	1.000000000000000e+00	14
173	1.000000000000000e+00	12
174	1.000000000000000e+00	4
175	1.000000000000000e+00	12
176	1.000000000000000e+00	8
177	1.000000000000000e+00	14
178	1.000000000000000e+00	12
179	1.000000000000000e+00	16
180	1.000000000000000e+00	10
181	1.000000000000000e+00	18
182	1.000000000000000e+00	18
183	1.000000000000000e+00	14
184	1.000000000000000e+00	26
185	1.000000000000000e+00	10
186	1.000000000000000e+00	10
187	1.000000000000000e+00	30
188	1.000000000000000e+00	24
189	1.000000000000000e+00	32
190	1.000000000000000e+00	32
191	1.000000000000000e+00	14
192	1.000000000000000e+00	8
193	1.000000000000000e+00	8
194	1.000000000000000e+00	10
195	1.000000000000000e+00	10
196	1.000000000000000e+00	14
197	1.000000000000000e+00	8
198	1.000000000000000e+00	6
199	1.000000000000000e+00	12
200	1.000000000000000e+00	26
201	1.000000000000000e+00	20
202	1.000000000000000e+00	4
203	1.000000000000000e+00	2
204	1.000000000000000e+00	8
205	1.000000000000000e+00	6
206	1.000000000000000e+00	2
207	1.000000000000000e+00	16
208	1.000000000000000e+00	16
209	1.000000000000000e+00	18
210	1.000000000000000e+00	8
211	1.000000000000000e+00	14
212	1.000000000000000e+00	16
213	1.000000000000000e+00	32
214	1.000000000000000e+00	24
215	1.000000000000000e+00	34
216	1.000000000000000e+00	46
217	1.000000000000000e+00	14
218	1.000000000000000e+00	8
219	1.000000000000000e+00	12
220	1.000000000000000e+00	8
221	1.000000000000000e+00	6
222	1.000000000000000e+00	2
223	1.000000000000000e+00	10
224	1.000000000000000e+00	20
225	1.000000000000000e+00	6
226	1.000000000000000e+00	4
227	1.000000000000000e+00	30
228	1.000000000000000e+00	18
229	1.000000000000000e+00	14
230	1.000000000000000e+00	6
231	1.000000000000000e+00	6
232	1.000000000000000e+00	14
233	1.000000000000000e+00	10
234	1.000000000000000e+00	6
235	1.000000000000000e+00	18
236	1.000000000000000e+00	6
237	1.000000000000000e+00	26
238	1.000000000000000e+00	14
239	1.000000000000000e+00	14
240	1.000000000000000e+00	8
241	1.000000000000000e+00	18
242	1.000000000000000e+00	2
243	1.000000000000000e+00	16
244	1.000000000000000e+00	18
245	1.000000000000000e+00	8
246	1.000000000000000e+00	30
247	1.000000000000000e+00	8
248	1.000000000000000e+00	20
249	1.000000000000000e+00	2
250	1.000000000000000e+00	4
251	1.000000000000000e+00	6
252	1.000000000000000e+00	14
253	1.000000000000000e+00	8
254	1.000000000000000e+00	6
255	1.000000000000000e+00	18
256	1.000000000000000e+00	10
257	1.000000000000000e+00	18
258	1.000000000000000e+00	20
259	1.000000000000000e+00	6
260	1.000000000000000e+00	14
261	1.000000000000000e+00	10
262	1.000000000000000e+00	10
263	1.000000000000000e+00	10
264	1.000000000000000e+00	62
265	1.000000000000000e+00	12
266	1.000000000000000e+00	2
267	1.000000000000000e+00	2
268	1.000000000000000e+00	12
269	1.000000000000000e+00	18
270	1.000000000000000e+00	12
271	1.000000000000000e+00	12
272	1.000000000000000e+00	18
273	1.000000000000000e+00	2
274	1.000000000000000e+00	8
275	1.000000000000000e+00	6
276	1.000000000000000e+00	10
277	1.000000000000000e+00	28
278	1.000000000000000e+00	10
279	1.000000000000000e+00	2
280	1.000000000000000e+00	24
281	1.000000000000000e+00	14
282	1.000000000000000e+00	14
283	1.000000000000000e+00	14
284	1.000000000000000e+00	6
285	1.000000000000000e+00	4
286	1.000000000000000e+00	24
287	1.000000000000000e+00	4
288	1.000000000000000e+00	44
289	1.000000000000000e+00	2
290	1.000000000000000e+00	16
291	1.000000000000000e+00	14
292	1.000000000000000e+00	10
293	1.000000000000000e+00	28
294	1.000000000000000e+00	8
295	1.000000000000000e+00	20
296	1.000000000000000e+00	6
297	1.000000000000000e+00	14
298	1.000000000000000e+00	16
299	1.000000000000000e+00	4
300	1.000000000000000e+00	4
301	1.000000000000000e+00	2
302	1.000000000000000e+00	4
303	1.000000000000000e+00	2
304	1.000000000000000e+00	20
305	1.000000000000000e+00	6
306	1.000000000000000e+00	26
307	1.000000000000000e+00	8
308	1.000000000000000e+00	12
309	1.000000000000000e+00	8
310	1.000000000000000e+00	10
311	1.000000000000000e+00	6
312	1.000000000000000e+00	6
313	1.000000000000000e+00	12
314	1.000000000000000e+00	46
315	1.000000000000000e+00	4
316	1.000000000000000e+00	12
317	1.000000000000000e+00	16
318	1.000000000000000e+00	16
319	1.000000000000000e+00	4
320	1.000000000000000e+00	10
321	1.000000000000000e+00	2
322	1.000000000000000e+00	4
323	1.000000000000000e+00	10
324	1.000000000000000e+00	12
325	1.000000000000000e+00	10
326	1.000000000000000e+00	18
327	1.000000000000000e+00	10
328	1.000000000000000e+00	4
329	1.000000000000000e+00	12
330	1.000000000000000e+00	6
331	1.000000000000000e+00	6
332	1.000000000000000e+00	14
333	1.000000000000000e+00	2
334	1.000000000000000e+00	8
335	1.000000000000000e+00	6
336	1.000000000000000e+00	22
337	1.000000000000000e+00	4
338	1.000000000000000e+00	6
339	1.000000000000000e+00	4
340	1.000000000000000e+00	4
341	1.000000000000000e+00	20
342	1.000000000000000e+00	2
343	1.000000000000000e+00	6
344	1.000000000000000e+00	8
345	1.000000000000000e+00	26
346	1.000000000000000e+00	4
347	1.000000000000000e+00	18
348	1.000000000000000e+00	18
349	1.000000000000000e+00	10
350	1.000000000000000e+00	22
351	1.000000000000000e+00	4
352	9.500093106807121e-01	274
353	9.000176847232055e-01	282
354	8.500311979610632e-01	326
355	8.000268294071270e-01	310
356	7.500288739851636e-01	328
357	7.000308012995384e-01	310
358	6.500296077353135e-01	194
359	6.000225535307042e-01	322
360	5.500155940819328e-01	192
361	5.000172400522623e-01	258
362	5.000154208535406e-01	290
363	5.250194715493623e-01	284
364	5.500273076111996e-01	292
365	5.750319533628631e-01	310
366	6.000448289209481e-01	250
367	6.250445035781590e-01	300
368	6.500404958313923e-01	290
369	6.750431804984454e-01	358
370	7.000332268686802e-01	282
371	7.250310572824659e-01	318
372	7.500365846829866e-01	306
373	8.000312962621788e-01	342
374	8.500251585795544e-01	308
375	9.000293520626418e-01	316
376	9.500454461004796e-01	312
377	1.000000000000000e+00	1000
378	1.000000000000000e+00	8
379	1.000000000000000e+00	8
380	1.000000000000000e+00	20
381	1.000000000000000e+00	10
382	1.000000000000000e+00	30
383	1.000000000000000e+00	4
384	1.000000000000000e+00	28
385	1.000000000000000e+00	8
386	1.000000000000000e+00	4
387	1.000000000000000e+00	18
388	1.000000000000000e+00	4
389	1.000000000000000e+00	52
390	1.000000000000000e+00	6
391	1.000000000000000e+00	26
392	1.000000000000000e+00	6
393	1.000000000000000e+00	22
394	1.000000000000000e+00	14
395	1.000000000000000e+00	6
396	1.000000000000000e+00	6
397	1.000000000000000e+00	6
398	1.000000000000000e+00	24
399	1.000000000000000e+00	28
400	1.000000000000000e+00	16
401	1.000000000000000e+00	2
402	1.000000000000000e+00	16
403	1.000000000000000e+00	8
404	1.000000000000000e+00	6
405	1.000000000000000e+00	20
406	1.000000000000000e+00	6
407	1.000000000000000e+00	6
408	1.000000000000000e+00	4
409	1.000000000000000e+00	4
410	1.000000000000000e+00	30
411	1.000000000000000e+00	14
412	1.000000000000000e+00	2
413	1.000000000000000e+00	6
414	1.000000000000000e+00	24
415	1.000000000000000e+00	14
416	1.000000000000000e+00	16
417	1.000000000000000e+00	8
418	1.000000000000000e+00	20
419	1.000000000000000e+00	14
420	1.000000000000000e+00	12
421	1.000000000000000e+00	6
422	1.000000000000000e+00	4
423	1.000000000000000e+00	8
424	1.000000000000000e+00	8
425	1.000000000000000e+00	8
426	1.000000000000000e+00	2
427	1.000000000000000e+00	24
428	1.000000000000000e+00	8
429	1.000000000000000e+00	2
430	1.000000000000000e+00	6
431	1.000000000000000e+00	36
432	1.000000000000000e+00	16
433	1.000000000000000e+00	10
434	1.000000000000000e+00	8
435	1.000000000000000e+00	10
436	1.000000000000000e+00	8
437	1.000000000000000e+00	4
438	1.000000000000000e+00	18
439	1.000000000000000e+00	8
440	1.000000000000000e+00	16
441	1.000000000000000e+00	4
442	1.000000000000000e+00	26
443	1.000000000000000e+00	18
444	1.000000000000000e+00	10
445	1.000000000000000e+00	6
446	1.000000000000000e+00	18
447	1.000000000000000e+00	8
448	1.000000000000000e+00	14
449	1.000000000000000e+00	30
450	1.000000000000000e+00	10
451	1.000000000000000e+00	10
452	1.000000000000000e+00	6
453	1.000000000000000e+00	34
454	1.000000000000000e+00	12
455	1.000000000000000e+00	28
456	1.000000000000000e+00	2
457	1.000000000000000e+00	22
458	1.000000000000000e+00	8
459	1.000000000000000e+00	16
460	1.000000000000000e+00	4
461	1.000000000000000e+00	4
462	1.000000000000000e+00	18
463	1.000000000000000e+00	16
464	1.000000000000000e+00	24
465	1.000000000000000e+00	4
466	1.000000000000000e+00	8
467	1.000000000000000e+00	8
468	1.000000000000000e+00	12
469	1.000000000000000e+00	14
470	1.000000000000000e+00	2
471	1.000000000000000e+00	2
472	1.000000000000000e+00	4
473	1.000000000000000e+00	6
474	1.000000000000000e+00	2
475	1.000000000000000e+00	4
476	1.000000000000000e+00	16
477	1.000000000000000e+00	4
478	1.000000000000000e+00	4
479	1.000000000000000e+00	10
480	1.000000000000000e+00	16
481	1.000000000000000e+00	10
482	1.000000000000000e+00	4
483	1.000000000000000e+00	28
484	1.000000000000000e+00	8
485	1.000000000000000e+00	4
486	1.000000000000000e+00	10
487	1.000000000000000e+00	14
488	1.000000000000000e+00	2
489	1.000000000000000e+00	2
490	1.000000000000000e+00	4
491	1.000000000000000e+00	12
492	1.000000000000000e+00	6
493	1.000000000000000e+00	14
494	1.000000000000000e+00	14
495	1.000000000000000e+00	6
496	1.000000000000000e+00	16
497	1.000000000000000e+00	22
498	1.000000000000000e+00	6
499	1.000000000000000e+00	16
500	1.000000000000000e+00	16
501	1.000000000000000e+00	6
502	1.000000000000000e+00	16
503	1.000000000000000e+00	28
504	1.000000000000000e+00	8
505	1.000000000000000e+00	50
506	1.000000000000000e+00	2
507	1.000000000000000e+00	6
508	1.000000000000000e+00	18
509	1.000000000000000e+00	14
510	1.000000000000000e+00	12
511	1.000000000000000e+00	6
512	1.000000000000000e+00	24
513	1.000000000000000e+00	10
514	1.000000000000000e+00	10
515	1.000000000000000e+00	4
516	1.000000000000000e+00	24
517	1.000000000000000e+00	14
518	1.000000000000000e+00	10
519	1.000000000000000e+00	8
520	1.000000000000000e+00	12
521	1.000000000000000e+00	10
522	1.000000000000000e+00	2
523	1.000000000000000e+00	14
524	1.000000000000000e+00	10
525	1.000000000000000e+00	4
526	1.000000000000000e+00	4
527	1.000000000000000e+00	6
528	1.000000000000000e+00	6
529	1.000000000000000e+00	14
530	1.000000000000000e+00	22
531	1.000000000000000e+00	4
532	1.000000000000000e+00	12
533	1.000000000000000e+00	16
534	1.000000000000000e+00	2
535	1.000000000000000e+00	8
536	1.000000000000000e+00	14
537	1.000000000000000e+00	6
538	1.000000000000000e+00	12
539	1.000000000000000e+00	10
540	1.000000000000000e+00	2
541	1.000000000000000e+00	10
542	1.000000000000000e+00	12
543	1.000000000000000e+00	20
544	1.000000000000000e+00	10
545	1.000000000000000e+00	2
546	1.000000000000000e+00	38
547	1.000000000000000e+00	2
548	1.000000000000000e+00	2
549	1.000000000000000e+00	4
550	1.000000000000000e+00	34
551	1.000000000000000e+00	22
552	1.000000000000000e+00	8
553	1.000000000000000e+00	6
554	1.000000000000000e+00	20
555	1.000000000000000e+00	2
556	1.000000000000000e+00	28
557	1.000000000000000e+00	10
558	1.000000000000000e+00	30
559	1.000000000000000e+00	14
560	1.000000000000000e+00	14
561	1.000000000000000e+00	20
562	1.000000000000000e+00	34
563	1.000000000000000e+00	8
564	1.000000000000000e+00	6
565	1.000000000000000e+00	26
566	1.000000000000000e+00	6
567	1.000000000000000e+00	6
568	1.000000000000000e+00	2
569	1.000000000000000e+00	10
570	1.000000000000000e+00	6
571	1.000000000000000e+00	8
572	1.000000000000000e+00	22
573	1.000000000000000e+00	6
574	1.000000000000000e+00	10
575	1.000000000000000e+00	30
576	1.000000000000000e+00	10
577	1.000000000000000e+00	6
578	1.000000000000000e+00	22
579	1.000000000000000e+00	12
580	1.000000000000000e+00	30
581	1.000000000000000e+00	8
582	1.000000000000000e+00	16
583	1.000000000000000e+00	24
584	1.000000000000000e+00	4
585	1.000000000000000e+00	20
586	1.000000000000000e+00	22
587	1.000000000000000e+00	14
588	1.000000000000000e+00	2
589	1.000000000000000e+00	16
590	1.000000000000000e+00	4
591	1.000000000000000e+00	4
592	1.000000000000000e+00	6
593	1.000000000000000e+00	4
594	1.000000000000000e+00	14
595	1.000000000000000e+00	2
596	1.000000000000000e+00	20
597	1.000000000000000e+00	2
598	1.000000000000000e+00	2
599	1.000000000000000e+00	14
600	1.000000000000000e+00	16
601	1.000000000000000e+00	34
602	1.000000000000000e+00	2
603	1.000000000000000e+00	4
604	1.000000000000000e+00	28
605	1.000000000000000e+00	32
606	1.000000000000000e+00	12
607	1.000000000000000e+00	26
608	1.000000000000000e+00	2
609	1.000000000000000e+00	18
610	1.000000000000000e+00	12
611	1.000000000000000e+00	2
612	1.000000000000000e+00	20
613	1.000000000000000e+00	2
614	1.000000000000000e+00	6
615	1.000000000000000e+00	6
616	1.000000000000000e+00	10
617	1.000000000000000e+00	16
618	1.000000000000000e+00	10
619	1.000000000000000e+00	6
620	1.000000000000000e+00	16
621	1.000000000000000e+00	2
622	1.000000000000000e+00	12
623	1.000000000000000e+00	4
624	1.000000000000000e+00	6
625	1.000000000000000e+00	2
626	1.000000000000000e+00	40
627	1.000000000000000e+00	20
628	1.000000000000000e+00	6
629	1.000000000000000e+00	2
630	1.000000000000000e+00	10
631	1.000000000000000e+00	2
632	1.000000000000000e+00	10
633	1.000000000000000e+00	2
634	1.000000000000000e+00	2
635	1.000000000000000e+00	2
636	1.000000000000000e+00	10
637	1.000000000000000e+00	6
638	1.000000000000000e+00	4
639	1.000000000000000e+00	2
640	1.000000000000000e+00	6
641	1.000000000000000e+00	2
642	1.000000000000000e+00	38
643	1.000000000000000e+00	16
644	1.000000000000000e+00	4
645	1.000000000000000e+00	4
646	1.000000000000000e+00	12
647	1.000000000000000e+00	8
648	1.000000000000000e+00	14
649	1.000000000000000e+00	26
650	1.000000000000000e+00	62
651	9.704173220953870e-01	322
652	9.374095578946722e-01	162
653	9.056097635730828e-01	230
654	8.750029466314968e-01	296
655	8.455975545714145e-01	218
656	8.173844552775879e-01	214
657	7.903797952973977e-01	232
658	7.645941494642061e-01	330
659	7.399964013805107e-01	326
660	7.165990357508887e-01	274
661	6.944003542585655e-01	264
662	6.734123430484961e-01	292
663	6.536046513587558e-01	290
664	6.350044859140439e-01	274
665	6.175939110908177e-01	302
666	6.013839093258742e-01	278
667	5.863843692317888e-01	328
668	5.725846038957754e-01	288
669	5.599920307573552e-01	344
670	5.485875816337042e-01	280
671	5.383959709514098e-01	256
672	5.293936891260603e-01	364
673	5.216015581542557e-01	300
674	5.150087233221201e-01	256
675	5.096095495108722e-01	322
676	5.054195434474871e-01	284
677	5.024256424505241e-01	306
678	5.006162387983306e-01	300
679	5.000246964621851e-01	238
680	5.006345630415863e-01	272
681	5.024418723578721e-01	280
682	5.054350288192165e-01	238
683	5.096373627753741e-01	264
684	5.150379900022642e-01	270
685	5.216337998480088e-01	358
686	5.294316275368731e-01	262
687	5.384406289273392e-01	224
688	5.486439961841804e-01	358
689	5.600554950928670e-01	238
690	5.726676475543293e-01	298
691	5.864760753299814e-01	218
692	6.014769276102262e-01	296
693	6.176703294620968e-01	332
694	6.350804448461834e-01	290
695	6.536767715155432e-01	266
696	6.734728496997863e-01	196
697	6.944683668248445e-01	254
698	7.166773770273217e-01	290
699	7.400855713114681e-01	166
700	7.647028044214489e-01	252
701	7.905032187144910e-01	184
702	8.175007777529070e-01	234
703	8.456877809541165e-01	180
704	8.750800990144684e-01	244
705	9.056694797678592e-01	290
706	9.374818757022590e-01	236
707	1.000000000000000e+00	1000
708	1.000000000000000e+00	6
709	1.000000000000000e+00	18
710	1.000000000000000e+00	10
711	1.000000000000000e+00	8
712	1.000000000000000e+00	20
713	1.000000000000000e+00	18
714	1.000000000000000e+00	20
715	1.000000000000000e+00	2
716	1.000000000000000e+00	10
717	1.000000000000000e+00	4
718	1.000000000000000e+00	6
719	1.000000000000000e+00	6
720	1.000000000000000e+00	26
721	1.000000000000000e+00	8
722	1.000000000000000e+00	12
723	1.000000000000000e+00	14
724	1.000000000000000e+00	10
725	1.000000000000000e+00	56
726	1.000000000000000e+00	4
727	1.000000000000000e+00	8
728	1.000000000000000e+00	18
729	1.000000000000000e+00	10
730	1.000000000000000e+00	4
731	1.000000000000000e+00	2
732	1.000000000000000e+00	10
733	1.000000000000000e+00	2
734	1.000000000000000e+00	2
735	1.000000000000000e+00	16
736	1.000000000000000e+00	8
737	1.000000000000000e+00	28
738	1.000000000000000e+00	4
739	1.000000000000000e+00	6
740	1.000000000000000e+00	10
741	1.000000000000000e+00	4
742	1.000000000000000e+00	16
743	1.000000000000000e+00	10
744	1.000000000000000e+00	6
745	1.000000000000000e+00	8
746	1.000000000000000e+00	32
747	1.000000000000000e+00	10
748	1.000000000000000e+00	14
749	1.000000000000000e+00	16
750	1.000000000000000e+00	28
751	1.000000000000000e+00	6
752	1.000000000000000e+00	2
753	1.000000000000000e+00	8
754	1.000000000000000e+00	24
755	1.000000000000000e+00	8
756	1.000000000000000e+00	2
757	1.000000000000000e+00	12
758	1.000000000000000e+00	6
759	1.000000000000000e+00	16
760	1.000000000000000e+00	4
761	1.000000000000000e+00	26
762	1.000000000000000e+00	14
763	1.000000000000000e+00	16
764	1.000000000000000e+00	10
765	1.000000000000000e+00	38
766	1.000000000000000e+00	10
767	1.000000000000000e+00	22
768	1.000000000000000e+00	10
769	1.000000000000000e+00	14
770	1.000000000000000e+00	6
771	1.000000000000000e+00	12
772	1.000000000000000e+00	38
773	1.000000000000000e+00	2
774	1.000000000000000e+00	20
775	1.000000000000000e+00	10
776	1.000000000000000e+00	14
777	1.000000000000000e+00	14
778	1.000000000000000e+00	20
779	1.000000000000000e+00	8
780	1.000000000000000e+00	6
781	1.000000000000000e+00	2
782	1.000000000000000e+00	4
783	1.000000000000000e+00	14
784	1.000000000000000e+00	2
785	1.000000000000000e+00	2
786	1.000000000000000e+00	22
787	1.000000000000000e+00	10
788	1.000000000000000e+00	4
789	1.000000000000000e+00	8
790	1.000000000000000e+00	10
791	1.000000000000000e+00	14
792	1.000000000000000e+00	20
793	1.000000000000000e+00	20
794	1.000000000000000e+00	26
795	1.000000000000000e+00	2
796	1.000000000000000e+00	8
797	1.000000000000000e+00	26
798	1.000000000000000e+00	14
799	1.000000000000000e+00	28
800	1.000000000000000e+00	8
801	1.000000000000000e+00	16
802	1.000000000000000e+00	2
803	1.000000000000000e+00	10
804	1.000000000000000e+00	12
805	1.000000000000000e+00	32
806	1.000000000000000e+00	26
807	1.000000000000000e+00	6
808	1.000000000000000e+00	12
809	1.000000000000000e+00	12
810	1.000000000000000e+00	10
811	1.000000000000000e+00	44
812	1.000000000000000e+00	6
813	1.000000000000000e+00	2
814	1.000000000000000e+00	20
815	1.000000000000000e+00	12
816	1.000000000000000e+00	14
817	1.000000000000000e+00	16
818	1.000000000000000e+00	20
819	1.000000000000000e+00	6
820	1.000000000000000e+00	16
821	1.000000000000000e+00	28
822	1.000000000000000e+00	4
823	1.000000000000000e+00	14
824	1.000000000000000e+00	16
825	1.000000000000000e+00	12
826	1.000000000000000e+00	2
827	1.000000000000000e+00	20
828	1.000000000000000e+00	28
829	1.000000000000000e+00	10
830	1.000000000000000e+00	24
831	1.000000000000000e+00	24
832	1.000000000000000e+00	2
833	1.000000000000000e+00	20
834	1.000000000000000e+00	8
835	1.000000000000000e+00	20
836	1.000000000000000e+00	20
837	1.000000000000000e+00	26
838	1.000000000000000e+00	2
839	1.000000000000000e+00	46
840	1.000000000000000e+00	10
841	1.000000000000000e+00	8
842	1.000000000000000e+00	6
843	1.000000000000000e+00	8
844	1.000000000000000e+00	4
845	1.000000000000000e+00	2
846	1.000000000000000e+00	8
847	1.000000000000000e+00	8
848	1.000000000000000e+00	2
849	1.000000000000000e+00	10
850	1.000000000000000e+00	18
851	1.000000000000000e+00	10
852	1.000000000000000e+00	18
853	1.000000000000000e+00	6
854	1.000000000000000e+00	22
855	1.000000000000000e+00	4
856	1.000000000000000e+00	32
857	1.000000000000000e+00	6
858	1.000000000000000e+00	30
859	1.000000000000000e+00	24
860	1.000000000000000e+00	6
861	1.000000000000000e+00	22
862	1.000000000000000e+00	4
863	1.000000000000000e+00	14
864	1.000000000000000e+00	20
865	1.000000000000000e+00	4
866	1.000000000000000e+00	24
867	1.000000000000000e+00	38
868	1.000000000000000e+00	8
869	1.000000000000000e+00	2
870	1.000000000000000e+00	10
871	1.000000000000000e+00	4
872	1.000000000000000e+00	14
873	1.000000000000000e+00	10
874	1.000000000000000e+00	14
875	1.000000000000000e+00	12
876	1.000000000000000e+00	6
877	1.000000000000000e+00	14
878	1.000000000000000e+00	8
879	1.000000000000000e+00	10
880	1.000000000000000e+00	4
881	1.000000000000000e+00	8
882	1.000000000000000e+00	36
883	1.000000000000000e+00	16
884	1.000000000000000e+00	2
885	1.000000000000000e+00	12
886	1.000000000000000e+00	6
887	1.000000000000000e+00	16
888	1.000000000000000e+00	12
889	1.000000000000000e+00	8
890	1.000000000000000e+00	10
891	1.000000000000000e+00	6
892	1.000000000000000e+00	8
893	1.000000000000000e+00	20
894	1.000000000000000e+00	14
895	1.000000000000000e+00	22
896	1.000000000000000e+00	4
897	1.000000000000000e+00	4
898	1.000000000000000e+00	10
899	1.000000000000000e+00	8
900	1.000000000000000e+00	10
901	1.000000000000000e+00	8
902	1.000000000000000e+00	8
903	1.000000000000000e+00	14
904	1.000000000000000e+00	6
905	1.000000000000000e+00	38
906	1.000000000000000e+00	14
907	1.000000000000000e+00	4
908	1.000000000000000e+00	14
909	1.000000000000000e+00	20
910	1.000000000000000e+00	2
911	1.000000000000000e+00	2
912	1.000000000000000e+00	4
913	1.000000000000000e+00	38
914	1.000000000000000e+00	18
915	1.000000000000000e+00	10
916	1.000000000000000e+00	10
917	1.000000000000000e+00	8
918	1.000000000000000e+00	24
919	1.000000000000000e+00	2
920	1.000000000000000e+00	20
921	1.000000000000000e+00	14
922	1.000000000000000e+00	24
923	1.000000000000000e+00	18
924	1.000000000000000e+00	10
925	1.000000000000000e+00	6
926	1.000000000000000e+00	4
927	1.000000000000000e+00	4
928	1.000000000000000e+00	10
929	1.000000000000000e+00	14
930	1.000000000000000e+00	16
931	1.000000000000000e+00	8
932	1.000000000000000e+00	8
933	1.000000000000000e+00	18
934	1.000000000000000e+00	16
935	1.000000000000000e+00	16
936	1.000000000000000e+00	10
937	1.000000000000000e+00	6
938	1.000000000000000e+00	14
939	1.000000000000000e+00	4
940	1.000000000000000e+00	30
941	1.000000000000000e+00	10
942	1.000000000000000e+00	4
943	1.000000000000000e+00	52
944	1.000000000000000e+00	4
945	1.000000000000000e+00	38
946	1.000000000000000e+00	28
947	1.000000000000000e+00	28
948	1.000000000000000e+00	10
949	1.000000000000000e+00	10
950	1.000000000000000e+00	2
951	1.000000000000000e+00	6
952	1.000000000000000e+00	26
953	1.000000000000000e+00	2
954	1.000000000000000e+00	12
955	1.000000000000000e+00	6
956	1.000000000000000e+00	2
957	1.000000000000000e+00	2
958	1.000000000000000e+00	8
959	1.000000000000000e+00	32
960	1.000000000000000e+00	10
961	1.000000000000000e+00	8
962	1.000000000000000e+00	10
963	1.000000000000000e+00	6
964	1.000000000000000e+00	10
965	1.000000000000000e+00	10
966	1.000000000000000e+00	10
967	1.000000000000000e+00	8
968	1.000000000000000e+00	10
969	1.000000000000000e+00	2
970	1.000000000000000e+00	20
971	1.000000000000000e+00	18
972	1.000000000000000e+00	2
973	1.000000000000000e+00	2
974	1.000000000000000e+00	14
975	1.000000000000000e+00	14
976	1.000000000000000e+00	56
977	1.000000000000000e+00	16
978	1.000000000000000e+00	16
979	1.000000000000000e+00	4
980	1.000000000000000e+00	14
981	1.000000000000000e+00	16
982	1.000000000000000e+00	16
983	1.000000000000000e+00	12
984	1.000000000000000e+00	14
985	1.000000000000000e+00	12
986	1.000000000000000e+00	14
987	1.000000000000000e+00	4
988	1.000000000000000e+00	8
989	1.000000000000000e+00	2
990	1.000000000000000e+00	14
991	1.000000000000000e+00	6
992	1.000000000000000e+00	20
993	1.000000000000000e+00	4
994	1.000000000000000e+00	8
995	1.000000000000000e+00	22
996	1.000000000000000e+00	14
997	1.000000000000000e+00	2
998	1.000000000000000e+00	4
999	1.000000000000000e+00	2
1000	1.000000000000000e+00	4


Tempo gasto: 13.463019
