Método usado: LUUS JAAKOLA

POSIÇÃO	ÁREA(mm²)	CUSTO

1	1.000000000000000e+00	84
2	1.000000000000000e+00	4
3	1.000000000000000e+00	14
4	1.000000000000000e+00	30
5	1.000000000000000e+00	2
6	1.000000000000000e+00	16
7	1.000000000000000e+00	4
8	1.000000000000000e+00	8
9	1.000000000000000e+00	4
10	1.000000000000000e+00	6
11	1.000000000000000e+00	26
12	1.000000000000000e+00	2
13	1.000000000000000e+00	16
14	1.000000000000000e+00	10
15	1.000000000000000e+00	32
16	1.000000000000000e+00	18
17	1.000000000000000e+00	26
18	1.000000000000000e+00	4
19	1.000000000000000e+00	6
20	1.000000000000000e+00	16
21	1.000000000000000e+00	6
22	1.000000000000000e+00	12
23	1.000000000000000e+00	2
24	1.000000000000000e+00	36
25	1.000000000000000e+00	8
26	1.000000000000000e+00	12
27	1.000000000000000e+00	6
28	1.000000000000000e+00	24
29	1.000000000000000e+00	2
30	1.000000000000000e+00	18
31	1.000000000000000e+00	18
32	1.000000000000000e+00	14
33	1.000000000000000e+00	10
34	1.000000000000000e+00	6
35	1.000000000000000e+00	36
36	1.000000000000000e+00	14
37	1.000000000000000e+00	14
38	1.000000000000000e+00	10
39	1.000000000000000e+00	8
40	1.000000000000000e+00	4
41	1.000000000000000e+00	20
42	1.000000000000000e+00	32
43	1.000000000000000e+00	10
44	1.000000000000000e+00	8
45	1.000000000000000e+00	6
46	1.000000000000000e+00	2
47	1.000000000000000e+00	14
48	1.000000000000000e+00	4
49	1.000000000000000e+00	2
50	1.000000000000000e+00	24
51	1.000000000000000e+00	2
52	1.000000000000000e+00	4
53	1.000000000000000e+00	2
54	1.000000000000000e+00	6
55	1.000000000000000e+00	20
56	1.000000000000000e+00	4
57	1.000000000000000e+00	2
58	1.000000000000000e+00	4
59	1.000000000000000e+00	10
60	1.000000000000000e+00	2
61	1.000000000000000e+00	2
62	1.000000000000000e+00	6
63	1.000000000000000e+00	6
64	1.000000000000000e+00	6
65	1.000000000000000e+00	10
66	1.000000000000000e+00	8
67	1.000000000000000e+00	18
68	1.000000000000000e+00	4
69	1.000000000000000e+00	54
70	1.000000000000000e+00	4
71	1.000000000000000e+00	14
72	1.000000000000000e+00	10
73	1.000000000000000e+00	12
74	1.000000000000000e+00	2
75	1.000000000000000e+00	2
76	1.000000000000000e+00	20
77	1.000000000000000e+00	26
78	1.000000000000000e+00	46
79	1.000000000000000e+00	14
80	1.000000000000000e+00	4
81	1.000000000000000e+00	26
82	1.000000000000000e+00	10
83	1.000000000000000e+00	10
84	1.000000000000000e+00	22
85	1.000000000000000e+00	2
86	1.000000000000000e+00	14
87	1.000000000000000e+00	4
88	1.000000000000000e+00	24
89	1.000000000000000e+00	16
90	1.000000000000000e+00	8
91	1.000000000000000e+00	20
92	1.000000000000000e+00	2
93	1.000000000000000e+00	8
94	1.000000000000000e+00	2
95	1.000000000000000e+00	6
96	1.000000000000000e+00	6
97	1.000000000000000e+00	4
98	1.000000000000000e+00	8
99	1.000000000000000e+00	8
100	1.000000000000000e+00	4
101	1.000000000000000e+00	14
102	1.000000000000000e+00	30
103	1.000000000000000e+00	4
104	1.000000000000000e+00	4
105	1.000000000000000e+00	6
106	1.000000000000000e+00	2
107	1.000000000000000e+00	2
108	1.000000000000000e+00	2
109	1.000000000000000e+00	8
110	1.000000000000000e+00	10
111	1.000000000000000e+00	10
112	1.000000000000000e+00	6
113	1.000000000000000e+00	28
114	1.000000000000000e+00	18
115	1.000000000000000e+00	18
116	1.000000000000000e+00	6
117	1.000000000000000e+00	14
118	1.000000000000000e+00	12
119	1.000000000000000e+00	2
120	1.000000000000000e+00	2
121	1.000000000000000e+00	12
122	1.000000000000000e+00	14
123	1.000000000000000e+00	12
124	1.000000000000000e+00	24
125	1.000000000000000e+00	18
126	1.000000000000000e+00	12
127	1.000000000000000e+00	12
128	1.000000000000000e+00	10
129	1.000000000000000e+00	22
130	1.000000000000000e+00	8
131	1.000000000000000e+00	26
132	1.000000000000000e+00	4
133	1.000000000000000e+00	22
134	1.000000000000000e+00	34
135	1.000000000000000e+00	26
136	1.000000000000000e+00	14
137	1.000000000000000e+00	16
138	1.000000000000000e+00	8
139	1.000000000000000e+00	28
140	1.000000000000000e+00	18
141	1.000000000000000e+00	8
142	1.000000000000000e+00	32
143	1.000000000000000e+00	14
144	1.000000000000000e+00	12
145	1.000000000000000e+00	2
146	1.000000000000000e+00	30
147	1.000000000000000e+00	4
148	1.000000000000000e+00	20
149	1.000000000000000e+00	14
150	1.000000000000000e+00	28
151	1.000000000000000e+00	14
152	1.000000000000000e+00	2
153	1.000000000000000e+00	10
154	1.000000000000000e+00	54
155	1.000000000000000e+00	10
156	1.000000000000000e+00	10
157	1.000000000000000e+00	6
158	1.000000000000000e+00	4
159	1.000000000000000e+00	18
160	1.000000000000000e+00	14
161	1.000000000000000e+00	8
162	1.000000000000000e+00	14
163	1.000000000000000e+00	2
164	1.000000000000000e+00	26
165	1.000000000000000e+00	10
166	1.000000000000000e+00	16
167	1.000000000000000e+00	2
168	1.000000000000000e+00	14
169	1.000000000000000e+00	20
170	1.000000000000000e+00	2
171	1.000000000000000e+00	14
172	1.000000000000000e+00	10
173	1.000000000000000e+00	6
174	1.000000000000000e+00	2
175	1.000000000000000e+00	24
176	1.000000000000000e+00	2
177	1.000000000000000e+00	6
178	1.000000000000000e+00	4
179	1.000000000000000e+00	6
180	1.000000000000000e+00	8
181	1.000000000000000e+00	12
182	1.000000000000000e+00	48
183	1.000000000000000e+00	10
184	1.000000000000000e+00	14
185	1.000000000000000e+00	14
186	1.000000000000000e+00	22
187	1.000000000000000e+00	4
188	1.000000000000000e+00	6
189	1.000000000000000e+00	2
190	1.000000000000000e+00	2
191	1.000000000000000e+00	16
192	1.000000000000000e+00	2
193	1.000000000000000e+00	26
194	1.000000000000000e+00	16
195	1.000000000000000e+00	8
196	1.000000000000000e+00	2
197	1.000000000000000e+00	36
198	1.000000000000000e+00	6
199	1.000000000000000e+00	34
200	1.000000000000000e+00	24
201	1.000000000000000e+00	6
202	1.000000000000000e+00	8
203	1.000000000000000e+00	6
204	1.000000000000000e+00	38
205	1.000000000000000e+00	10
206	1.000000000000000e+00	24
207	1.000000000000000e+00	24
208	1.000000000000000e+00	36
209	1.000000000000000e+00	2
210	1.000000000000000e+00	10
211	1.000000000000000e+00	18
212	1.000000000000000e+00	38
213	1.000000000000000e+00	24
214	1.000000000000000e+00	12
215	1.000000000000000e+00	6
216	1.000000000000000e+00	12
217	1.000000000000000e+00	8
218	1.000000000000000e+00	12
219	1.000000000000000e+00	2
220	1.000000000000000e+00	22
221	1.000000000000000e+00	12
222	1.000000000000000e+00	4
223	1.000000000000000e+00	20
224	1.000000000000000e+00	20
225	1.000000000000000e+00	4
226	1.000000000000000e+00	2
227	1.000000000000000e+00	8
228	1.000000000000000e+00	2
229	1.000000000000000e+00	4
230	1.000000000000000e+00	6
231	1.000000000000000e+00	8
232	1.000000000000000e+00	24
233	1.000000000000000e+00	2
234	1.000000000000000e+00	18
235	1.000000000000000e+00	2
236	1.000000000000000e+00	12
237	1.000000000000000e+00	2
238	1.000000000000000e+00	8
239	1.000000000000000e+00	10
240	1.000000000000000e+00	22
241	1.000000000000000e+00	14
242	1.000000000000000e+00	20
243	1.000000000000000e+00	14
244	1.000000000000000e+00	8
245	1.000000000000000e+00	12
246	1.000000000000000e+00	12
247	1.000000000000000e+00	24
248	1.000000000000000e+00	36
249	1.000000000000000e+00	2
250	1.000000000000000e+00	4
251	1.000000000000000e+00	16
252	1.000000000000000e+00	44
253	1.000000000000000e+00	8
254	1.000000000000000e+00	4
255	1.000000000000000e+00	12
256	1.000000000000000e+00	2
257	1.000000000000000e+00	18
258	1.000000000000000e+00	14
259	1.000000000000000e+00	22
260	1.000000000000000e+00	24
261	1.000000000000000e+00	18
262	1.000000000000000e+00	32
263	1.000000000000000e+00	12
264	1.000000000000000e+00	2
265	1.000000000000000e+00	14
266	1.000000000000000e+00	10
267	1.000000000000000e+00	4
268	1.000000000000000e+00	16
269	1.000000000000000e+00	6
270	1.000000000000000e+00	4
271	1.000000000000000e+00	6
272	1.000000000000000e+00	8
273	1.000000000000000e+00	2
274	1.000000000000000e+00	6
275	1.000000000000000e+00	4
276	1.000000000000000e+00	6
277	1.000000000000000e+00	14
278	1.000000000000000e+00	4
279	1.000000000000000e+00	6
280	1.000000000000000e+00	28
281	1.000000000000000e+00	8
282	1.000000000000000e+00	26
283	1.000000000000000e+00	6
284	1.000000000000000e+00	16
285	1.000000000000000e+00	6
286	1.000000000000000e+00	20
287	1.000000000000000e+00	2
288	1.000000000000000e+00	32
289	1.000000000000000e+00	4
290	1.000000000000000e+00	30
291	1.000000000000000e+00	34
292	1.000000000000000e+00	18
293	1.000000000000000e+00	6
294	1.000000000000000e+00	10
295	1.000000000000000e+00	14
296	1.000000000000000e+00	24
297	1.000000000000000e+00	14
298	1.000000000000000e+00	2
299	1.000000000000000e+00	12
300	1.000000000000000e+00	2
301	1.000000000000000e+00	22
302	1.000000000000000e+00	4
303	1.000000000000000e+00	2
304	1.000000000000000e+00	8
305	1.000000000000000e+00	2
306	1.000000000000000e+00	12
307	1.000000000000000e+00	18
308	1.000000000000000e+00	18
309	1.000000000000000e+00	30
310	1.000000000000000e+00	10
311	1.000000000000000e+00	24
312	1.000000000000000e+00	18
313	1.000000000000000e+00	18
314	1.000000000000000e+00	8
315	1.000000000000000e+00	46
316	1.000000000000000e+00	12
317	1.000000000000000e+00	2
318	1.000000000000000e+00	38
319	1.000000000000000e+00	14
320	1.000000000000000e+00	6
321	1.000000000000000e+00	12
322	1.000000000000000e+00	18
323	1.000000000000000e+00	20
324	1.000000000000000e+00	8
325	1.000000000000000e+00	42
326	1.000000000000000e+00	20
327	1.000000000000000e+00	8
328	1.000000000000000e+00	16
329	1.000000000000000e+00	22
330	1.000000000000000e+00	4
331	1.000000000000000e+00	52
332	1.000000000000000e+00	12
333	1.000000000000000e+00	24
334	1.000000000000000e+00	16
335	1.000000000000000e+00	8
336	1.000000000000000e+00	2
337	1.000000000000000e+00	24
338	1.000000000000000e+00	12
339	1.000000000000000e+00	4
340	1.000000000000000e+00	2
341	1.000000000000000e+00	6
342	1.000000000000000e+00	2
343	1.000000000000000e+00	4
344	1.000000000000000e+00	6
345	1.000000000000000e+00	14
346	1.000000000000000e+00	2
347	1.000000000000000e+00	16
348	1.000000000000000e+00	20
349	1.000000000000000e+00	10
350	1.000000000000000e+00	48
351	1.000000000000000e+00	2
352	9.500026873527565e-01	298
353	9.000049606596200e-01	204
354	8.500196240981038e-01	294
355	8.000289551231571e-01	306
356	7.500360222083460e-01	244
357	7.000228560441981e-01	292
358	6.500256197426596e-01	286
359	6.000272609201024e-01	260
360	5.500213029192547e-01	322
361	5.000195829723653e-01	234
362	5.000112859514851e-01	222
363	5.250085109757260e-01	266
364	5.500081122787361e-01	306
365	5.750056685221230e-01	214
366	6.000041995361759e-01	258
367	6.250007877333826e-01	222
368	6.500088668874481e-01	248
369	6.750081062826816e-01	338
370	6.999977309798155e-01	292
371	7.250114040976734e-01	236
372	7.500039830413061e-01	220
373	8.000142068499072e-01	278
374	8.500078360846363e-01	286
375	9.000121676155072e-01	274
376	9.499963733673841e-01	252
377	1.000000000000000e+00	24
378	1.000000000000000e+00	12
379	1.000000000000000e+00	8
380	1.000000000000000e+00	16
381	1.000000000000000e+00	14
382	1.000000000000000e+00	14
383	1.000000000000000e+00	12
384	1.000000000000000e+00	4
385	1.000000000000000e+00	26
386	1.000000000000000e+00	30
387	1.000000000000000e+00	2
388	1.000000000000000e+00	6
389	1.000000000000000e+00	4
390	1.000000000000000e+00	26
391	1.000000000000000e+00	18
392	1.000000000000000e+00	16
393	1.000000000000000e+00	6
394	1.000000000000000e+00	8
395	1.000000000000000e+00	2
396	1.000000000000000e+00	12
397	1.000000000000000e+00	8
398	1.000000000000000e+00	8
399	1.000000000000000e+00	8
400	1.000000000000000e+00	18
401	1.000000000000000e+00	6
402	1.000000000000000e+00	14
403	1.000000000000000e+00	2
404	1.000000000000000e+00	14
405	1.000000000000000e+00	10
406	1.000000000000000e+00	16
407	1.000000000000000e+00	2
408	1.000000000000000e+00	8
409	1.000000000000000e+00	6
410	1.000000000000000e+00	28
411	1.000000000000000e+00	12
412	1.000000000000000e+00	4
413	1.000000000000000e+00	16
414	1.000000000000000e+00	4
415	1.000000000000000e+00	12
416	1.000000000000000e+00	8
417	1.000000000000000e+00	2
418	1.000000000000000e+00	6
419	1.000000000000000e+00	2
420	1.000000000000000e+00	10
421	1.000000000000000e+00	22
422	1.000000000000000e+00	12
423	1.000000000000000e+00	10
424	1.000000000000000e+00	12
425	1.000000000000000e+00	12
426	1.000000000000000e+00	8
427	1.000000000000000e+00	2
428	1.000000000000000e+00	6
429	1.000000000000000e+00	8
430	1.000000000000000e+00	34
431	1.000000000000000e+00	8
432	1.000000000000000e+00	12
433	1.000000000000000e+00	6
434	1.000000000000000e+00	12
435	1.000000000000000e+00	22
436	1.000000000000000e+00	14
437	1.000000000000000e+00	4
438	1.000000000000000e+00	6
439	1.000000000000000e+00	4
440	1.000000000000000e+00	10
441	1.000000000000000e+00	8
442	1.000000000000000e+00	8
443	1.000000000000000e+00	8
444	1.000000000000000e+00	4
445	1.000000000000000e+00	8
446	1.000000000000000e+00	26
447	1.000000000000000e+00	2
448	1.000000000000000e+00	4
449	1.000000000000000e+00	16
450	1.000000000000000e+00	18
451	1.000000000000000e+00	2
452	1.000000000000000e+00	36
453	1.000000000000000e+00	20
454	1.000000000000000e+00	14
455	1.000000000000000e+00	4
456	1.000000000000000e+00	26
457	1.000000000000000e+00	18
458	1.000000000000000e+00	10
459	1.000000000000000e+00	16
460	1.000000000000000e+00	16
461	1.000000000000000e+00	12
462	1.000000000000000e+00	20
463	1.000000000000000e+00	16
464	1.000000000000000e+00	8
465	1.000000000000000e+00	10
466	1.000000000000000e+00	18
467	1.000000000000000e+00	32
468	1.000000000000000e+00	4
469	1.000000000000000e+00	10
470	1.000000000000000e+00	20
471	1.000000000000000e+00	4
472	1.000000000000000e+00	16
473	1.000000000000000e+00	10
474	1.000000000000000e+00	4
475	1.000000000000000e+00	6
476	1.000000000000000e+00	10
477	1.000000000000000e+00	18
478	1.000000000000000e+00	16
479	1.000000000000000e+00	14
480	1.000000000000000e+00	18
481	1.000000000000000e+00	16
482	1.000000000000000e+00	4
483	1.000000000000000e+00	8
484	1.000000000000000e+00	16
485	9.999995252583174e-01	2
486	1.000000000000000e+00	10
487	1.000000000000000e+00	14
488	1.000000000000000e+00	2
489	1.000000000000000e+00	2
490	1.000000000000000e+00	6
491	1.000000000000000e+00	10
492	1.000000000000000e+00	10
493	1.000000000000000e+00	2
494	1.000000000000000e+00	2
495	1.000000000000000e+00	36
496	1.000000000000000e+00	10
497	1.000000000000000e+00	28
498	1.000000000000000e+00	16
499	1.000000000000000e+00	46
500	1.000000000000000e+00	6
501	1.000000000000000e+00	4
502	1.000000000000000e+00	10
503	1.000000000000000e+00	4
504	1.000000000000000e+00	8
505	1.000000000000000e+00	8
506	1.000000000000000e+00	2
507	1.000000000000000e+00	8
508	1.000000000000000e+00	4
509	1.000000000000000e+00	2
510	1.000000000000000e+00	10
511	1.000000000000000e+00	6
512	1.000000000000000e+00	8
513	1.000000000000000e+00	52
514	1.000000000000000e+00	6
515	1.000000000000000e+00	2
516	1.000000000000000e+00	10
517	1.000000000000000e+00	8
518	1.000000000000000e+00	6
519	1.000000000000000e+00	2
520	1.000000000000000e+00	18
521	1.000000000000000e+00	2
522	1.000000000000000e+00	34
523	1.000000000000000e+00	16
524	1.000000000000000e+00	2
525	1.000000000000000e+00	6
526	1.000000000000000e+00	2
527	1.000000000000000e+00	12
528	1.000000000000000e+00	2
529	1.000000000000000e+00	8
530	1.000000000000000e+00	14
531	1.000000000000000e+00	8
532	1.000000000000000e+00	8
533	1.000000000000000e+00	20
534	1.000000000000000e+00	2
535	1.000000000000000e+00	2
536	1.000000000000000e+00	20
537	1.000000000000000e+00	8
538	1.000000000000000e+00	10
539	1.000000000000000e+00	16
540	1.000000000000000e+00	2
541	1.000000000000000e+00	34
542	1.000000000000000e+00	6
543	1.000000000000000e+00	4
544	1.000000000000000e+00	26
545	1.000000000000000e+00	4
546	1.000000000000000e+00	4
547	1.000000000000000e+00	6
548	1.000000000000000e+00	6
549	1.000000000000000e+00	74
550	1.000000000000000e+00	22
551	1.000000000000000e+00	2
552	1.000000000000000e+00	26
553	1.000000000000000e+00	2
554	1.000000000000000e+00	30
555	1.000000000000000e+00	16
556	1.000000000000000e+00	6
557	1.000000000000000e+00	8
558	1.000000000000000e+00	16
559	1.000000000000000e+00	2
560	1.000000000000000e+00	4
561	1.000000000000000e+00	24
562	1.000000000000000e+00	18
563	1.000000000000000e+00	6
564	1.000000000000000e+00	2
565	1.000000000000000e+00	16
566	1.000000000000000e+00	12
567	1.000000000000000e+00	2
568	1.000000000000000e+00	6
569	1.000000000000000e+00	4
570	1.000000000000000e+00	4
571	1.000000000000000e+00	8
572	1.000000000000000e+00	10
573	1.000000000000000e+00	6
574	1.000000000000000e+00	16
575	1.000000000000000e+00	6
576	1.000000000000000e+00	8
577	1.000000000000000e+00	26
578	1.000000000000000e+00	6
579	1.000000000000000e+00	8
580	1.000000000000000e+00	6
581	1.000000000000000e+00	16
582	1.000000000000000e+00	4
583	1.000000000000000e+00	30
584	1.000000000000000e+00	26
585	1.000000000000000e+00	10
586	1.000000000000000e+00	2
587	1.000000000000000e+00	90
588	1.000000000000000e+00	12
589	1.000000000000000e+00	6
590	1.000000000000000e+00	6
591	1.000000000000000e+00	32
592	1.000000000000000e+00	10
593	1.000000000000000e+00	8
594	1.000000000000000e+00	10
595	1.000000000000000e+00	10
596	1.000000000000000e+00	10
597	1.000000000000000e+00	10
598	1.000000000000000e+00	12
599	1.000000000000000e+00	34
600	1.000000000000000e+00	18
601	1.000000000000000e+00	16
602	1.000000000000000e+00	4
603	1.000000000000000e+00	40
604	1.000000000000000e+00	12
605	1.000000000000000e+00	6
606	1.000000000000000e+00	24
607	1.000000000000000e+00	2
608	1.000000000000000e+00	16
609	1.000000000000000e+00	6
610	1.000000000000000e+00	4
611	1.000000000000000e+00	6
612	1.000000000000000e+00	6
613	1.000000000000000e+00	8
614	1.000000000000000e+00	14
615	1.000000000000000e+00	12
616	1.000000000000000e+00	12
617	1.000000000000000e+00	18
618	1.000000000000000e+00	28
619	1.000000000000000e+00	24
620	1.000000000000000e+00	2
621	1.000000000000000e+00	10
622	1.000000000000000e+00	10
623	1.000000000000000e+00	6
624	1.000000000000000e+00	20
625	1.000000000000000e+00	36
626	1.000000000000000e+00	12
627	1.000000000000000e+00	30
628	1.000000000000000e+00	2
629	1.000000000000000e+00	40
630	1.000000000000000e+00	12
631	1.000000000000000e+00	6
632	1.000000000000000e+00	16
633	1.000000000000000e+00	10
634	1.000000000000000e+00	28
635	1.000000000000000e+00	14
636	1.000000000000000e+00	2
637	1.000000000000000e+00	8
638	1.000000000000000e+00	20
639	1.000000000000000e+00	4
640	1.000000000000000e+00	6
641	1.000000000000000e+00	22
642	1.000000000000000e+00	4
643	1.000000000000000e+00	20
644	1.000000000000000e+00	8
645	1.000000000000000e+00	28
646	1.000000000000000e+00	14
647	1.000000000000000e+00	2
648	1.000000000000000e+00	8
649	1.000000000000000e+00	16
650	1.000000000000000e+00	4
651	9.703866538123354e-01	328
652	9.373883911136599e-01	264
653	9.056067379289501e-01	224
654	8.750135068776566e-01	228
655	8.456116883833575e-01	298
656	8.174083068666178e-01	302
657	7.904072418964120e-01	274
658	7.646211543574425e-01	192
659	7.400250098122972e-01	314
660	7.166303351294216e-01	302
661	6.944235959906135e-01	310
662	6.734289020880908e-01	310
663	6.536165080290671e-01	260
664	6.350089889029096e-01	172
665	6.176007029245535e-01	108
666	6.014047256275230e-01	288
667	5.863958956853852e-01	272
668	5.725968797503636e-01	288
669	5.600032566709894e-01	294
670	5.486083737265504e-01	302
671	5.383996164029321e-01	268
672	5.293981622539432e-01	334
673	5.215945656812202e-01	336
674	5.149978442670807e-01	252
675	5.095875905328350e-01	252
676	5.053783618802011e-01	320
677	5.023811230683723e-01	358
678	5.005795171159805e-01	306
679	4.999838176838449e-01	260
680	5.005773475142872e-01	294
681	5.023809641091932e-01	272
682	5.053799032888814e-01	292
683	5.095848111682441e-01	224
684	5.149938982288764e-01	214
685	5.215944788296411e-01	278
686	5.293928947426330e-01	312
687	5.383935132902790e-01	274
688	5.486013845589266e-01	298
689	5.600049436416640e-01	286
690	5.725955879946841e-01	122
691	5.863963747977952e-01	344
692	6.013964068113924e-01	298
693	6.175966223741329e-01	254
694	6.349874507447737e-01	326
695	6.535875629498673e-01	264
696	6.733832881137246e-01	272
697	6.943944217903335e-01	234
698	7.165851289446442e-01	176
699	7.399803983310440e-01	294
700	7.645931227750180e-01	298
701	7.904066143520960e-01	284
702	8.174125694018256e-01	322
703	8.456190698462203e-01	202
704	8.750267363534922e-01	290
705	9.056215536447169e-01	248
706	9.374336814847225e-01	156
707	1.000000000000000e+00	1000
708	1.000000000000000e+00	6
709	1.000000000000000e+00	2
710	1.000000000000000e+00	8
711	1.000000000000000e+00	10
712	1.000000000000000e+00	14
713	1.000000000000000e+00	8
714	1.000000000000000e+00	10
715	1.000000000000000e+00	20
716	1.000000000000000e+00	22
717	1.000000000000000e+00	22
718	1.000000000000000e+00	24
719	1.000000000000000e+00	6
720	1.000000000000000e+00	12
721	1.000000000000000e+00	6
722	1.000000000000000e+00	4
723	1.000000000000000e+00	14
724	1.000000000000000e+00	8
725	1.000000000000000e+00	16
726	1.000000000000000e+00	2
727	1.000000000000000e+00	4
728	1.000000000000000e+00	30
729	1.000000000000000e+00	12
730	1.000000000000000e+00	4
731	1.000000000000000e+00	16
732	1.000000000000000e+00	20
733	1.000000000000000e+00	6
734	1.000000000000000e+00	2
735	1.000000000000000e+00	8
736	1.000000000000000e+00	24
737	1.000000000000000e+00	12
738	1.000000000000000e+00	8
739	1.000000000000000e+00	2
740	1.000000000000000e+00	6
741	1.000000000000000e+00	6
742	1.000000000000000e+00	54
743	1.000000000000000e+00	6
744	1.000000000000000e+00	34
745	1.000000000000000e+00	24
746	1.000000000000000e+00	4
747	1.000000000000000e+00	2
748	1.000000000000000e+00	12
749	1.000000000000000e+00	10
750	1.000000000000000e+00	22
751	1.000000000000000e+00	22
752	1.000000000000000e+00	4
753	1.000000000000000e+00	18
754	1.000000000000000e+00	10
755	1.000000000000000e+00	26
756	1.000000000000000e+00	2
757	1.000000000000000e+00	6
758	1.000000000000000e+00	18
759	1.000000000000000e+00	24
760	1.000000000000000e+00	4
761	1.000000000000000e+00	38
762	1.000000000000000e+00	32
763	1.000000000000000e+00	14
764	1.000000000000000e+00	4
765	1.000000000000000e+00	6
766	1.000000000000000e+00	12
767	1.000000000000000e+00	28
768	1.000000000000000e+00	6
769	1.000000000000000e+00	24
770	1.000000000000000e+00	12
771	1.000000000000000e+00	2
772	1.000000000000000e+00	10
773	1.000000000000000e+00	2
774	1.000000000000000e+00	8
775	1.000000000000000e+00	18
776	1.000000000000000e+00	14
777	1.000000000000000e+00	8
778	1.000000000000000e+00	14
779	1.000000000000000e+00	4
780	1.000000000000000e+00	4
781	1.000000000000000e+00	10
782	1.000000000000000e+00	12
783	1.000000000000000e+00	2
784	1.000000000000000e+00	30
785	1.000000000000000e+00	2
786	1.000000000000000e+00	12
787	1.000000000000000e+00	16
788	1.000000000000000e+00	12
789	1.000000000000000e+00	4
790	1.000000000000000e+00	48
791	1.000000000000000e+00	36
792	1.000000000000000e+00	4
793	1.000000000000000e+00	28
794	1.000000000000000e+00	6
795	1.000000000000000e+00	46
796	1.000000000000000e+00	2
797	1.000000000000000e+00	8
798	1.000000000000000e+00	20
799	1.000000000000000e+00	2
800	1.000000000000000e+00	12
801	1.000000000000000e+00	6
802	1.000000000000000e+00	4
803	1.000000000000000e+00	8
804	1.000000000000000e+00	2
805	1.000000000000000e+00	16
806	1.000000000000000e+00	20
807	1.000000000000000e+00	48
808	1.000000000000000e+00	2
809	1.000000000000000e+00	16
810	1.000000000000000e+00	14
811	1.000000000000000e+00	2
812	1.000000000000000e+00	12
813	1.000000000000000e+00	24
814	1.000000000000000e+00	20
815	1.000000000000000e+00	52
816	1.000000000000000e+00	10
817	1.000000000000000e+00	22
818	1.000000000000000e+00	26
819	1.000000000000000e+00	20
820	1.000000000000000e+00	12
821	1.000000000000000e+00	4
822	1.000000000000000e+00	16
823	1.000000000000000e+00	24
824	1.000000000000000e+00	6
825	1.000000000000000e+00	26
826	1.000000000000000e+00	10
827	1.000000000000000e+00	10
828	1.000000000000000e+00	16
829	1.000000000000000e+00	24
830	1.000000000000000e+00	10
831	1.000000000000000e+00	4
832	1.000000000000000e+00	22
833	1.000000000000000e+00	6
834	1.000000000000000e+00	10
835	1.000000000000000e+00	36
836	1.000000000000000e+00	6
837	1.000000000000000e+00	2
838	1.000000000000000e+00	10
839	1.000000000000000e+00	22
840	1.000000000000000e+00	2
841	1.000000000000000e+00	4
842	1.000000000000000e+00	2
843	1.000000000000000e+00	2
844	1.000000000000000e+00	2
845	1.000000000000000e+00	2
846	1.000000000000000e+00	4
847	1.000000000000000e+00	4
848	1.000000000000000e+00	20
849	1.000000000000000e+00	8
850	1.000000000000000e+00	8
851	1.000000000000000e+00	2
852	1.000000000000000e+00	4
853	1.000000000000000e+00	4
854	1.000000000000000e+00	10
855	1.000000000000000e+00	4
856	1.000000000000000e+00	6
857	1.000000000000000e+00	10
858	1.000000000000000e+00	14
859	1.000000000000000e+00	18
860	1.000000000000000e+00	12
861	1.000000000000000e+00	34
862	1.000000000000000e+00	14
863	1.000000000000000e+00	6
864	1.000000000000000e+00	10
865	1.000000000000000e+00	2
866	1.000000000000000e+00	8
867	1.000000000000000e+00	10
868	1.000000000000000e+00	36
869	1.000000000000000e+00	2
870	1.000000000000000e+00	18
871	1.000000000000000e+00	26
872	1.000000000000000e+00	4
873	1.000000000000000e+00	20
874	1.000000000000000e+00	14
875	1.000000000000000e+00	8
876	1.000000000000000e+00	16
877	1.000000000000000e+00	18
878	1.000000000000000e+00	2
879	1.000000000000000e+00	12
880	1.000000000000000e+00	4
881	1.000000000000000e+00	4
882	1.000000000000000e+00	18
883	1.000000000000000e+00	22
884	1.000000000000000e+00	10
885	1.000000000000000e+00	6
886	1.000000000000000e+00	2
887	1.000000000000000e+00	4
888	1.000000000000000e+00	22
889	1.000000000000000e+00	2
890	1.000000000000000e+00	4
891	1.000000000000000e+00	12
892	1.000000000000000e+00	16
893	1.000000000000000e+00	12
894	1.000000000000000e+00	30
895	1.000000000000000e+00	14
896	1.000000000000000e+00	36
897	1.000000000000000e+00	4
898	1.000000000000000e+00	20
899	1.000000000000000e+00	4
900	1.000000000000000e+00	12
901	1.000000000000000e+00	8
902	1.000000000000000e+00	8
903	1.000000000000000e+00	20
904	1.000000000000000e+00	2
905	1.000000000000000e+00	6
906	1.000000000000000e+00	4
907	1.000000000000000e+00	12
908	1.000000000000000e+00	18
909	1.000000000000000e+00	34
910	1.000000000000000e+00	8
911	1.000000000000000e+00	4
912	1.000000000000000e+00	2
913	1.000000000000000e+00	4
914	1.000000000000000e+00	30
915	1.000000000000000e+00	4
916	1.000000000000000e+00	4
917	1.000000000000000e+00	8
918	1.000000000000000e+00	2
919	1.000000000000000e+00	2
920	1.000000000000000e+00	18
921	1.000000000000000e+00	20
922	1.000000000000000e+00	8
923	1.000000000000000e+00	20
924	1.000000000000000e+00	12
925	1.000000000000000e+00	8
926	1.000000000000000e+00	2
927	1.000000000000000e+00	2
928	1.000000000000000e+00	12
929	1.000000000000000e+00	44
930	1.000000000000000e+00	2
931	1.000000000000000e+00	44
932	1.000000000000000e+00	34
933	1.000000000000000e+00	4
934	1.000000000000000e+00	34
935	1.000000000000000e+00	32
936	1.000000000000000e+00	4
937	1.000000000000000e+00	16
938	1.000000000000000e+00	12
939	1.000000000000000e+00	6
940	1.000000000000000e+00	10
941	1.000000000000000e+00	10
942	1.000000000000000e+00	12
943	1.000000000000000e+00	2
944	1.000000000000000e+00	4
945	1.000000000000000e+00	18
946	1.000000000000000e+00	16
947	1.000000000000000e+00	18
948	1.000000000000000e+00	8
949	1.000000000000000e+00	8
950	1.000000000000000e+00	18
951	1.000000000000000e+00	16
952	1.000000000000000e+00	6
953	1.000000000000000e+00	8
954	1.000000000000000e+00	12
955	1.000000000000000e+00	30
956	1.000000000000000e+00	8
957	1.000000000000000e+00	20
958	1.000000000000000e+00	14
959	1.000000000000000e+00	42
960	1.000000000000000e+00	14
961	1.000000000000000e+00	8
962	1.000000000000000e+00	2
963	1.000000000000000e+00	8
964	1.000000000000000e+00	12
965	1.000000000000000e+00	12
966	1.000000000000000e+00	12
967	1.000000000000000e+00	6
968	1.000000000000000e+00	20
969	1.000000000000000e+00	14
970	1.000000000000000e+00	44
971	1.000000000000000e+00	10
972	1.000000000000000e+00	12
973	1.000000000000000e+00	4
974	1.000000000000000e+00	2
975	1.000000000000000e+00	18
976	1.000000000000000e+00	4
977	1.000000000000000e+00	10
978	1.000000000000000e+00	8
979	1.000000000000000e+00	8
980	1.000000000000000e+00	22
981	1.000000000000000e+00	22
982	1.000000000000000e+00	2
983	1.000000000000000e+00	18
984	1.000000000000000e+00	10
985	1.000000000000000e+00	52
986	1.000000000000000e+00	2
987	1.000000000000000e+00	4
988	1.000000000000000e+00	10
989	1.000000000000000e+00	14
990	1.000000000000000e+00	2
991	1.000000000000000e+00	14
992	1.000000000000000e+00	20
993	1.000000000000000e+00	10
994	1.000000000000000e+00	2
995	1.000000000000000e+00	2
996	1.000000000000000e+00	8
997	1.000000000000000e+00	4
998	1.000000000000000e+00	2
999	1.000000000000000e+00	8
1000	1.000000000000000e+00	2


Tempo gasto: 13.273325
