Método usado: LUUS JAAKOLA

POSIÇÃO	ÁREA(mm²)	CUSTO

1	1.000000000000000e+00	44
2	1.000000000000000e+00	4
3	1.000000000000000e+00	8
4	1.000000000000000e+00	26
5	1.000000000000000e+00	44
6	1.000000000000000e+00	16
7	1.000000000000000e+00	4
8	1.000000000000000e+00	6
9	1.000000000000000e+00	12
10	1.000000000000000e+00	8
11	1.000000000000000e+00	6
12	1.000000000000000e+00	14
13	1.000000000000000e+00	2
14	1.000000000000000e+00	10
15	1.000000000000000e+00	6
16	1.000000000000000e+00	18
17	1.000000000000000e+00	8
18	1.000000000000000e+00	4
19	1.000000000000000e+00	8
20	1.000000000000000e+00	30
21	1.000000000000000e+00	8
22	1.000000000000000e+00	6
23	1.000000000000000e+00	4
24	1.000000000000000e+00	4
25	1.000000000000000e+00	2
26	1.000000000000000e+00	16
27	1.000000000000000e+00	16
28	1.000000000000000e+00	10
29	1.000000000000000e+00	20
30	1.000000000000000e+00	18
31	1.000000000000000e+00	36
32	1.000000000000000e+00	4
33	1.000000000000000e+00	8
34	1.000000000000000e+00	28
35	1.000000000000000e+00	26
36	1.000000000000000e+00	18
37	1.000000000000000e+00	2
38	1.000000000000000e+00	10
39	1.000000000000000e+00	8
40	1.000000000000000e+00	36
41	1.000000000000000e+00	12
42	1.000000000000000e+00	2
43	1.000000000000000e+00	10
44	1.000000000000000e+00	12
45	1.000000000000000e+00	20
46	1.000000000000000e+00	8
47	1.000000000000000e+00	22
48	1.000000000000000e+00	4
49	1.000000000000000e+00	40
50	1.000000000000000e+00	14
51	1.000000000000000e+00	4
52	1.000000000000000e+00	26
53	1.000000000000000e+00	4
54	1.000000000000000e+00	20
55	1.000000000000000e+00	10
56	1.000000000000000e+00	12
57	1.000000000000000e+00	8
58	1.000000000000000e+00	10
59	1.000000000000000e+00	50
60	1.000000000000000e+00	2
61	1.000000000000000e+00	12
62	1.000000000000000e+00	16
63	1.000000000000000e+00	4
64	1.000000000000000e+00	6
65	1.000000000000000e+00	14
66	1.000000000000000e+00	8
67	1.000000000000000e+00	2
68	1.000000000000000e+00	2
69	1.000000000000000e+00	4
70	1.000000000000000e+00	12
71	1.000000000000000e+00	2
72	1.000000000000000e+00	2
73	1.000000000000000e+00	14
74	1.000000000000000e+00	16
75	1.000000000000000e+00	6
76	1.000000000000000e+00	8
77	1.000000000000000e+00	10
78	1.000000000000000e+00	4
79	1.000000000000000e+00	4
80	1.000000000000000e+00	8
81	1.000000000000000e+00	58
82	1.000000000000000e+00	20
83	1.000000000000000e+00	4
84	1.000000000000000e+00	16
85	1.000000000000000e+00	8
86	1.000000000000000e+00	6
87	1.000000000000000e+00	36
88	1.000000000000000e+00	12
89	1.000000000000000e+00	12
90	1.000000000000000e+00	10
91	1.000000000000000e+00	18
92	1.000000000000000e+00	24
93	1.000000000000000e+00	14
94	1.000000000000000e+00	24
95	1.000000000000000e+00	26
96	1.000000000000000e+00	8
97	1.000000000000000e+00	4
98	1.000000000000000e+00	12
99	1.000000000000000e+00	6
100	1.000000000000000e+00	28
101	1.000000000000000e+00	16
102	1.000000000000000e+00	10
103	1.000000000000000e+00	6
104	1.000000000000000e+00	18
105	1.000000000000000e+00	16
106	1.000000000000000e+00	10
107	1.000000000000000e+00	2
108	1.000000000000000e+00	2
109	1.000000000000000e+00	2
110	1.000000000000000e+00	24
111	1.000000000000000e+00	38
112	1.000000000000000e+00	8
113	1.000000000000000e+00	2
114	1.000000000000000e+00	12
115	1.000000000000000e+00	4
116	1.000000000000000e+00	14
117	1.000000000000000e+00	8
118	1.000000000000000e+00	6
119	1.000000000000000e+00	6
120	1.000000000000000e+00	4
121	1.000000000000000e+00	4
122	1.000000000000000e+00	14
123	1.000000000000000e+00	24
124	1.000000000000000e+00	4
125	1.000000000000000e+00	2
126	1.000000000000000e+00	12
127	1.000000000000000e+00	8
128	1.000000000000000e+00	4
129	1.000000000000000e+00	20
130	1.000000000000000e+00	12
131	1.000000000000000e+00	10
132	1.000000000000000e+00	18
133	1.000000000000000e+00	6
134	1.000000000000000e+00	12
135	1.000000000000000e+00	16
136	1.000000000000000e+00	14
137	1.000000000000000e+00	2
138	1.000000000000000e+00	16
139	1.000000000000000e+00	10
140	1.000000000000000e+00	6
141	1.000000000000000e+00	6
142	1.000000000000000e+00	4
143	1.000000000000000e+00	4
144	1.000000000000000e+00	18
145	1.000000000000000e+00	22
146	1.000000000000000e+00	14
147	1.000000000000000e+00	8
148	1.000000000000000e+00	28
149	1.000000000000000e+00	4
150	1.000000000000000e+00	10
151	1.000000000000000e+00	8
152	1.000000000000000e+00	8
153	1.000000000000000e+00	8
154	1.000000000000000e+00	22
155	1.000000000000000e+00	8
156	1.000000000000000e+00	6
157	1.000000000000000e+00	4
158	1.000000000000000e+00	2
159	1.000000000000000e+00	4
160	1.000000000000000e+00	2
161	1.000000000000000e+00	8
162	1.000000000000000e+00	18
163	1.000000000000000e+00	36
164	1.000000000000000e+00	24
165	1.000000000000000e+00	20
166	1.000000000000000e+00	14
167	1.000000000000000e+00	12
168	1.000000000000000e+00	2
169	1.000000000000000e+00	12
170	1.000000000000000e+00	22
171	1.000000000000000e+00	2
172	1.000000000000000e+00	4
173	1.000000000000000e+00	30
174	1.000000000000000e+00	12
175	1.000000000000000e+00	34
176	1.000000000000000e+00	4
177	1.000000000000000e+00	6
178	1.000000000000000e+00	18
179	1.000000000000000e+00	16
180	1.000000000000000e+00	16
181	1.000000000000000e+00	2
182	1.000000000000000e+00	2
183	1.000000000000000e+00	24
184	1.000000000000000e+00	2
185	1.000000000000000e+00	8
186	1.000000000000000e+00	34
187	1.000000000000000e+00	42
188	1.000000000000000e+00	10
189	1.000000000000000e+00	14
190	1.000000000000000e+00	24
191	1.000000000000000e+00	2
192	1.000000000000000e+00	10
193	1.000000000000000e+00	2
194	1.000000000000000e+00	2
195	1.000000000000000e+00	18
196	1.000000000000000e+00	4
197	1.000000000000000e+00	12
198	1.000000000000000e+00	8
199	1.000000000000000e+00	2
200	1.000000000000000e+00	2
201	1.000000000000000e+00	10
202	1.000000000000000e+00	20
203	1.000000000000000e+00	8
204	1.000000000000000e+00	2
205	1.000000000000000e+00	2
206	1.000000000000000e+00	4
207	1.000000000000000e+00	6
208	1.000000000000000e+00	8
209	1.000000000000000e+00	4
210	1.000000000000000e+00	4
211	1.000000000000000e+00	44
212	1.000000000000000e+00	6
213	1.000000000000000e+00	4
214	1.000000000000000e+00	4
215	1.000000000000000e+00	32
216	1.000000000000000e+00	4
217	1.000000000000000e+00	4
218	1.000000000000000e+00	4
219	1.000000000000000e+00	4
220	1.000000000000000e+00	4
221	1.000000000000000e+00	10
222	1.000000000000000e+00	4
223	1.000000000000000e+00	6
224	1.000000000000000e+00	2
225	1.000000000000000e+00	2
226	1.000000000000000e+00	26
227	1.000000000000000e+00	16
228	1.000000000000000e+00	4
229	1.000000000000000e+00	16
230	1.000000000000000e+00	8
231	1.000000000000000e+00	12
232	1.000000000000000e+00	26
233	1.000000000000000e+00	4
234	1.000000000000000e+00	4
235	1.000000000000000e+00	4
236	1.000000000000000e+00	16
237	1.000000000000000e+00	4
238	1.000000000000000e+00	8
239	1.000000000000000e+00	6
240	1.000000000000000e+00	10
241	1.000000000000000e+00	8
242	1.000000000000000e+00	6
243	1.000000000000000e+00	10
244	1.000000000000000e+00	10
245	1.000000000000000e+00	24
246	1.000000000000000e+00	6
247	1.000000000000000e+00	4
248	1.000000000000000e+00	14
249	1.000000000000000e+00	4
250	1.000000000000000e+00	2
251	1.000000000000000e+00	6
252	1.000000000000000e+00	6
253	1.000000000000000e+00	24
254	1.000000000000000e+00	14
255	1.000000000000000e+00	20
256	1.000000000000000e+00	14
257	1.000000000000000e+00	8
258	1.000000000000000e+00	16
259	1.000000000000000e+00	4
260	1.000000000000000e+00	4
261	1.000000000000000e+00	10
262	1.000000000000000e+00	8
263	1.000000000000000e+00	32
264	1.000000000000000e+00	2
265	1.000000000000000e+00	28
266	1.000000000000000e+00	6
267	1.000000000000000e+00	6
268	1.000000000000000e+00	4
269	1.000000000000000e+00	14
270	1.000000000000000e+00	8
271	1.000000000000000e+00	8
272	1.000000000000000e+00	2
273	1.000000000000000e+00	4
274	1.000000000000000e+00	12
275	1.000000000000000e+00	12
276	1.000000000000000e+00	12
277	1.000000000000000e+00	2
278	1.000000000000000e+00	16
279	1.000000000000000e+00	26
280	1.000000000000000e+00	50
281	1.000000000000000e+00	20
282	1.000000000000000e+00	16
283	1.000000000000000e+00	18
284	1.000000000000000e+00	6
285	1.000000000000000e+00	8
286	1.000000000000000e+00	6
287	1.000000000000000e+00	18
288	1.000000000000000e+00	2
289	1.000000000000000e+00	10
290	1.000000000000000e+00	20
291	1.000000000000000e+00	12
292	1.000000000000000e+00	22
293	1.000000000000000e+00	6
294	1.000000000000000e+00	8
295	1.000000000000000e+00	10
296	1.000000000000000e+00	2
297	1.000000000000000e+00	22
298	1.000000000000000e+00	8
299	1.000000000000000e+00	10
300	1.000000000000000e+00	8
301	1.000000000000000e+00	4
302	1.000000000000000e+00	4
303	1.000000000000000e+00	14
304	1.000000000000000e+00	2
305	1.000000000000000e+00	4
306	1.000000000000000e+00	20
307	1.000000000000000e+00	4
308	1.000000000000000e+00	16
309	1.000000000000000e+00	8
310	1.000000000000000e+00	10
311	1.000000000000000e+00	2
312	1.000000000000000e+00	2
313	1.000000000000000e+00	14
314	1.000000000000000e+00	22
315	1.000000000000000e+00	52
316	1.000000000000000e+00	8
317	1.000000000000000e+00	12
318	1.000000000000000e+00	12
319	1.000000000000000e+00	8
320	1.000000000000000e+00	10
321	1.000000000000000e+00	6
322	1.000000000000000e+00	2
323	1.000000000000000e+00	18
324	1.000000000000000e+00	14
325	1.000000000000000e+00	34
326	1.000000000000000e+00	4
327	1.000000000000000e+00	4
328	1.000000000000000e+00	6
329	1.000000000000000e+00	8
330	1.000000000000000e+00	12
331	1.000000000000000e+00	36
332	1.000000000000000e+00	12
333	1.000000000000000e+00	14
334	1.000000000000000e+00	32
335	1.000000000000000e+00	2
336	1.000000000000000e+00	2
337	1.000000000000000e+00	14
338	1.000000000000000e+00	4
339	1.000000000000000e+00	16
340	1.000000000000000e+00	6
341	1.000000000000000e+00	4
342	1.000000000000000e+00	6
343	1.000000000000000e+00	10
344	1.000000000000000e+00	16
345	1.000000000000000e+00	12
346	1.000000000000000e+00	2
347	1.000000000000000e+00	10
348	1.000000000000000e+00	54
349	1.000000000000000e+00	8
350	1.000000000000000e+00	10
351	1.000000000000000e+00	4
352	9.499914527215362e-01	188
353	9.000054459251098e-01	156
354	8.500079622974384e-01	318
355	8.000192445981207e-01	228
356	7.500172123241222e-01	134
357	7.000261860826524e-01	306
358	6.500321323729535e-01	240
359	6.000226890328667e-01	314
360	5.500172339654491e-01	270
361	5.000213945434746e-01	276
362	5.000215151822404e-01	194
363	5.250318647566824e-01	292
364	5.500329518514966e-01	190
365	5.750286253336546e-01	212
366	6.000350990500144e-01	322
367	6.250377861501604e-01	316
368	6.500375283352001e-01	310
369	6.750429883695076e-01	264
370	7.000491571669881e-01	234
371	7.250468800688763e-01	252
372	7.500533755104718e-01	300
373	8.000698928227802e-01	270
374	8.500809413188128e-01	260
375	9.000975753092954e-01	286
376	9.501200591626010e-01	228
377	1.000000000000000e+00	1000
378	1.000000000000000e+00	2
379	1.000000000000000e+00	28
380	1.000000000000000e+00	10
381	1.000000000000000e+00	8
382	1.000000000000000e+00	2
383	1.000000000000000e+00	14
384	1.000000000000000e+00	24
385	1.000000000000000e+00	2
386	1.000000000000000e+00	6
387	1.000000000000000e+00	24
388	1.000000000000000e+00	4
389	1.000000000000000e+00	16
390	1.000000000000000e+00	4
391	1.000000000000000e+00	4
392	1.000000000000000e+00	14
393	1.000000000000000e+00	6
394	1.000000000000000e+00	8
395	1.000000000000000e+00	14
396	1.000000000000000e+00	18
397	1.000000000000000e+00	6
398	1.000000000000000e+00	8
399	1.000000000000000e+00	6
400	1.000000000000000e+00	6
401	1.000000000000000e+00	2
402	1.000000000000000e+00	32
403	1.000000000000000e+00	14
404	1.000000000000000e+00	8
405	1.000000000000000e+00	2
406	1.000000000000000e+00	18
407	1.000000000000000e+00	6
408	1.000000000000000e+00	2
409	1.000000000000000e+00	40
410	1.000000000000000e+00	6
411	1.000000000000000e+00	8
412	1.000000000000000e+00	32
413	1.000000000000000e+00	8
414	1.000000000000000e+00	24
415	1.000000000000000e+00	14
416	1.000000000000000e+00	14
417	1.000000000000000e+00	2
418	1.000000000000000e+00	18
419	1.000000000000000e+00	4
420	1.000000000000000e+00	22
421	1.000000000000000e+00	6
422	1.000000000000000e+00	14
423	1.000000000000000e+00	8
424	1.000000000000000e+00	36
425	1.000000000000000e+00	4
426	1.000000000000000e+00	8
427	1.000000000000000e+00	8
428	1.000000000000000e+00	8
429	1.000000000000000e+00	8
430	1.000000000000000e+00	16
431	1.000000000000000e+00	8
432	1.000000000000000e+00	14
433	1.000000000000000e+00	12
434	1.000000000000000e+00	36
435	1.000000000000000e+00	4
436	1.000000000000000e+00	12
437	1.000000000000000e+00	4
438	1.000000000000000e+00	16
439	1.000000000000000e+00	10
440	1.000000000000000e+00	14
441	1.000000000000000e+00	2
442	1.000000000000000e+00	18
443	1.000000000000000e+00	6
444	1.000000000000000e+00	12
445	1.000000000000000e+00	12
446	1.000000000000000e+00	18
447	1.000000000000000e+00	34
448	1.000000000000000e+00	6
449	1.000000000000000e+00	16
450	1.000000000000000e+00	2
451	1.000000000000000e+00	16
452	1.000000000000000e+00	16
453	1.000000000000000e+00	18
454	1.000000000000000e+00	4
455	1.000000000000000e+00	14
456	1.000000000000000e+00	6
457	1.000000000000000e+00	10
458	1.000000000000000e+00	32
459	1.000000000000000e+00	32
460	1.000000000000000e+00	8
461	1.000000000000000e+00	70
462	1.000000000000000e+00	6
463	1.000000000000000e+00	2
464	1.000000000000000e+00	24
465	1.000000000000000e+00	6
466	1.000000000000000e+00	14
467	1.000000000000000e+00	4
468	1.000000000000000e+00	2
469	1.000000000000000e+00	10
470	1.000000000000000e+00	20
471	1.000000000000000e+00	8
472	1.000000000000000e+00	8
473	1.000000000000000e+00	6
474	1.000000000000000e+00	8
475	1.000000000000000e+00	6
476	1.000000000000000e+00	4
477	1.000000000000000e+00	8
478	1.000000000000000e+00	2
479	1.000000000000000e+00	2
480	1.000000000000000e+00	10
481	1.000000000000000e+00	20
482	1.000000000000000e+00	2
483	1.000000000000000e+00	8
484	1.000000000000000e+00	26
485	1.000000000000000e+00	10
486	1.000000000000000e+00	56
487	1.000000000000000e+00	10
488	1.000000000000000e+00	6
489	1.000000000000000e+00	38
490	1.000000000000000e+00	4
491	1.000000000000000e+00	22
492	1.000000000000000e+00	8
493	1.000000000000000e+00	22
494	1.000000000000000e+00	14
495	1.000000000000000e+00	16
496	1.000000000000000e+00	4
497	1.000000000000000e+00	14
498	1.000000000000000e+00	10
499	1.000000000000000e+00	14
500	1.000000000000000e+00	12
501	1.000000000000000e+00	18
502	1.000000000000000e+00	12
503	1.000000000000000e+00	4
504	1.000000000000000e+00	14
505	1.000000000000000e+00	2
506	1.000000000000000e+00	6
507	1.000000000000000e+00	10
508	1.000000000000000e+00	14
509	1.000000000000000e+00	2
510	1.000000000000000e+00	14
511	1.000000000000000e+00	30
512	1.000000000000000e+00	6
513	1.000000000000000e+00	4
514	1.000000000000000e+00	10
515	1.000000000000000e+00	2
516	1.000000000000000e+00	8
517	1.000000000000000e+00	8
518	1.000000000000000e+00	18
519	1.000000000000000e+00	12
520	1.000000000000000e+00	28
521	1.000000000000000e+00	36
522	1.000000000000000e+00	18
523	1.000000000000000e+00	2
524	1.000000000000000e+00	18
525	1.000000000000000e+00	4
526	1.000000000000000e+00	4
527	1.000000000000000e+00	4
528	1.000000000000000e+00	14
529	1.000000000000000e+00	4
530	1.000000000000000e+00	10
531	1.000000000000000e+00	22
532	1.000000000000000e+00	18
533	1.000000000000000e+00	18
534	1.000000000000000e+00	18
535	1.000000000000000e+00	8
536	1.000000000000000e+00	10
537	1.000000000000000e+00	28
538	1.000000000000000e+00	6
539	1.000000000000000e+00	34
540	1.000000000000000e+00	2
541	1.000000000000000e+00	22
542	1.000000000000000e+00	14
543	1.000000000000000e+00	10
544	1.000000000000000e+00	8
545	1.000000000000000e+00	12
546	1.000000000000000e+00	2
547	1.000000000000000e+00	4
548	1.000000000000000e+00	16
549	1.000000000000000e+00	20
550	1.000000000000000e+00	2
551	1.000000000000000e+00	14
552	1.000000000000000e+00	12
553	1.000000000000000e+00	2
554	1.000000000000000e+00	2
555	1.000000000000000e+00	34
556	1.000000000000000e+00	10
557	1.000000000000000e+00	2
558	1.000000000000000e+00	14
559	1.000000000000000e+00	18
560	1.000000000000000e+00	4
561	1.000000000000000e+00	22
562	1.000000000000000e+00	12
563	1.000000000000000e+00	28
564	1.000000000000000e+00	2
565	1.000000000000000e+00	10
566	1.000000000000000e+00	10
567	1.000000000000000e+00	26
568	1.000000000000000e+00	12
569	1.000000000000000e+00	14
570	1.000000000000000e+00	8
571	1.000000000000000e+00	20
572	1.000000000000000e+00	14
573	1.000000000000000e+00	14
574	1.000000000000000e+00	8
575	1.000000000000000e+00	16
576	1.000000000000000e+00	8
577	1.000000000000000e+00	16
578	1.000000000000000e+00	12
579	1.000000000000000e+00	4
580	1.000000000000000e+00	6
581	1.000000000000000e+00	4
582	1.000000000000000e+00	4
583	1.000000000000000e+00	2
584	1.000000000000000e+00	16
585	1.000000000000000e+00	26
586	1.000000000000000e+00	6
587	1.000000000000000e+00	12
588	1.000000000000000e+00	4
589	1.000000000000000e+00	28
590	1.000000000000000e+00	18
591	1.000000000000000e+00	4
592	1.000000000000000e+00	18
593	1.000000000000000e+00	8
594	1.000000000000000e+00	4
595	1.000000000000000e+00	26
596	1.000000000000000e+00	6
597	1.000000000000000e+00	2
598	1.000000000000000e+00	18
599	1.000000000000000e+00	34
600	1.000000000000000e+00	16
601	1.000000000000000e+00	18
602	1.000000000000000e+00	10
603	1.000000000000000e+00	16
604	1.000000000000000e+00	4
605	1.000000000000000e+00	10
606	1.000000000000000e+00	14
607	1.000000000000000e+00	6
608	1.000000000000000e+00	16
609	1.000000000000000e+00	14
610	1.000000000000000e+00	4
611	1.000000000000000e+00	10
612	1.000000000000000e+00	10
613	1.000000000000000e+00	4
614	1.000000000000000e+00	8
615	1.000000000000000e+00	12
616	1.000000000000000e+00	10
617	1.000000000000000e+00	4
618	1.000000000000000e+00	40
619	1.000000000000000e+00	8
620	1.000000000000000e+00	8
621	1.000000000000000e+00	4
622	1.000000000000000e+00	44
623	1.000000000000000e+00	38
624	1.000000000000000e+00	6
625	1.000000000000000e+00	18
626	1.000000000000000e+00	4
627	1.000000000000000e+00	2
628	1.000000000000000e+00	16
629	1.000000000000000e+00	2
630	1.000000000000000e+00	20
631	1.000000000000000e+00	2
632	1.000000000000000e+00	6
633	1.000000000000000e+00	12
634	1.000000000000000e+00	2
635	1.000000000000000e+00	12
636	1.000000000000000e+00	10
637	1.000000000000000e+00	20
638	1.000000000000000e+00	2
639	1.000000000000000e+00	42
640	1.000000000000000e+00	2
641	1.000000000000000e+00	22
642	1.000000000000000e+00	4
643	1.000000000000000e+00	4
644	1.000000000000000e+00	10
645	1.000000000000000e+00	6
646	1.000000000000000e+00	4
647	1.000000000000000e+00	2
648	1.000000000000000e+00	26
649	1.000000000000000e+00	10
650	1.000000000000000e+00	12
651	9.703979412778821e-01	288
652	9.373971247362344e-01	278
653	9.056149784221155e-01	264
654	8.750185504059053e-01	230
655	8.456037344998876e-01	302
656	8.174080451130530e-01	290
657	7.904089347183122e-01	300
658	7.646039640016021e-01	286
659	7.399992739520954e-01	262
660	7.166056753862314e-01	248
661	6.944075019751774e-01	330
662	6.734054878744906e-01	342
663	6.535955528490794e-01	306
664	6.350048396784156e-01	330
665	6.175959337974012e-01	312
666	6.013842145433798e-01	298
667	5.863736392080232e-01	326
668	5.725828710486346e-01	336
669	5.599924154525402e-01	304
670	5.485818972946827e-01	290
671	5.383714836218461e-01	274
672	5.293645215049056e-01	286
673	5.215709382817743e-01	332
674	5.149681326656285e-01	294
675	5.095621802377113e-01	312
676	5.053630912948378e-01	344
677	5.023652435368829e-01	276
678	5.005734474199203e-01	262
679	4.999711580042922e-01	330
680	5.005669131552694e-01	324
681	5.023738131108847e-01	324
682	5.053648539900856e-01	322
683	5.095601876869834e-01	320
684	5.149658730522498e-01	274
685	5.215647396570966e-01	304
686	5.293616719616824e-01	284
687	5.383700600826283e-01	286
688	5.485788611424450e-01	214
689	5.599787469407649e-01	328
690	5.725856544772840e-01	204
691	5.863885253706480e-01	322
692	6.013830249861272e-01	262
693	6.175780672646667e-01	312
694	6.349697762968176e-01	282
695	6.535789596584249e-01	308
696	6.733855224411307e-01	260
697	6.943971431468514e-01	292
698	7.166030538682395e-01	246
699	7.400103821489035e-01	242
700	7.646039071414615e-01	308
701	7.903996266232080e-01	280
702	8.174031590600818e-01	286
703	8.455946701547622e-01	204
704	8.750042721356112e-01	256
705	9.056133937680401e-01	290
706	9.373977647212950e-01	264
707	1.000000000000000e+00	4
708	1.000000000000000e+00	8
709	1.000000000000000e+00	16
710	1.000000000000000e+00	18
711	1.000000000000000e+00	44
712	1.000000000000000e+00	8
713	1.000000000000000e+00	8
714	1.000000000000000e+00	14
715	1.000000000000000e+00	6
716	1.000000000000000e+00	24
717	1.000000000000000e+00	26
718	1.000000000000000e+00	12
719	1.000000000000000e+00	10
720	1.000000000000000e+00	22
721	1.000000000000000e+00	10
722	1.000000000000000e+00	2
723	1.000000000000000e+00	32
724	1.000000000000000e+00	24
725	1.000000000000000e+00	6
726	1.000000000000000e+00	4
727	1.000000000000000e+00	2
728	1.000000000000000e+00	2
729	1.000000000000000e+00	34
730	1.000000000000000e+00	8
731	1.000000000000000e+00	16
732	1.000000000000000e+00	2
733	1.000000000000000e+00	12
734	1.000000000000000e+00	2
735	1.000000000000000e+00	4
736	1.000000000000000e+00	12
737	1.000000000000000e+00	14
738	1.000000000000000e+00	12
739	1.000000000000000e+00	22
740	1.000000000000000e+00	8
741	1.000000000000000e+00	36
742	1.000000000000000e+00	6
743	1.000000000000000e+00	12
744	1.000000000000000e+00	12
745	1.000000000000000e+00	8
746	1.000000000000000e+00	6
747	1.000000000000000e+00	28
748	1.000000000000000e+00	16
749	1.000000000000000e+00	16
750	1.000000000000000e+00	6
751	1.000000000000000e+00	22
752	1.000000000000000e+00	18
753	1.000000000000000e+00	2
754	1.000000000000000e+00	28
755	1.000000000000000e+00	2
756	1.000000000000000e+00	40
757	1.000000000000000e+00	4
758	1.000000000000000e+00	2
759	1.000000000000000e+00	26
760	1.000000000000000e+00	8
761	1.000000000000000e+00	2
762	1.000000000000000e+00	6
763	1.000000000000000e+00	26
764	1.000000000000000e+00	8
765	1.000000000000000e+00	6
766	1.000000000000000e+00	2
767	1.000000000000000e+00	8
768	1.000000000000000e+00	4
769	1.000000000000000e+00	2
770	1.000000000000000e+00	16
771	1.000000000000000e+00	10
772	1.000000000000000e+00	8
773	1.000000000000000e+00	2
774	1.000000000000000e+00	10
775	1.000000000000000e+00	4
776	1.000000000000000e+00	4
777	1.000000000000000e+00	6
778	1.000000000000000e+00	34
779	1.000000000000000e+00	16
780	1.000000000000000e+00	30
781	1.000000000000000e+00	18
782	1.000000000000000e+00	12
783	1.000000000000000e+00	6
784	1.000000000000000e+00	36
785	1.000000000000000e+00	8
786	1.000000000000000e+00	18
787	1.000000000000000e+00	8
788	1.000000000000000e+00	12
789	1.000000000000000e+00	12
790	1.000000000000000e+00	14
791	1.000000000000000e+00	4
792	1.000000000000000e+00	20
793	1.000000000000000e+00	28
794	1.000000000000000e+00	6
795	1.000000000000000e+00	10
796	1.000000000000000e+00	10
797	1.000000000000000e+00	4
798	1.000000000000000e+00	18
799	1.000000000000000e+00	8
800	1.000000000000000e+00	44
801	1.000000000000000e+00	2
802	1.000000000000000e+00	18
803	1.000000000000000e+00	12
804	1.000000000000000e+00	4
805	1.000000000000000e+00	6
806	1.000000000000000e+00	64
807	1.000000000000000e+00	16
808	1.000000000000000e+00	16
809	1.000000000000000e+00	38
810	1.000000000000000e+00	10
811	1.000000000000000e+00	12
812	1.000000000000000e+00	6
813	1.000000000000000e+00	2
814	1.000000000000000e+00	12
815	1.000000000000000e+00	4
816	1.000000000000000e+00	20
817	1.000000000000000e+00	22
818	1.000000000000000e+00	8
819	1.000000000000000e+00	8
820	1.000000000000000e+00	30
821	1.000000000000000e+00	12
822	1.000000000000000e+00	12
823	1.000000000000000e+00	2
824	1.000000000000000e+00	2
825	1.000000000000000e+00	2
826	1.000000000000000e+00	6
827	1.000000000000000e+00	6
828	1.000000000000000e+00	26
829	1.000000000000000e+00	22
830	1.000000000000000e+00	6
831	1.000000000000000e+00	6
832	1.000000000000000e+00	38
833	1.000000000000000e+00	2
834	1.000000000000000e+00	28
835	1.000000000000000e+00	40
836	1.000000000000000e+00	12
837	1.000000000000000e+00	6
838	1.000000000000000e+00	6
839	1.000000000000000e+00	22
840	1.000000000000000e+00	4
841	1.000000000000000e+00	10
842	1.000000000000000e+00	6
843	1.000000000000000e+00	20
844	1.000000000000000e+00	20
845	1.000000000000000e+00	2
846	1.000000000000000e+00	2
847	1.000000000000000e+00	4
848	1.000000000000000e+00	6
849	1.000000000000000e+00	14
850	1.000000000000000e+00	30
851	1.000000000000000e+00	28
852	1.000000000000000e+00	30
853	1.000000000000000e+00	12
854	1.000000000000000e+00	12
855	1.000000000000000e+00	12
856	1.000000000000000e+00	8
857	1.000000000000000e+00	2
858	1.000000000000000e+00	6
859	1.000000000000000e+00	18
860	1.000000000000000e+00	16
861	1.000000000000000e+00	2
862	1.000000000000000e+00	12
863	1.000000000000000e+00	14
864	1.000000000000000e+00	22
865	1.000000000000000e+00	8
866	1.000000000000000e+00	8
867	1.000000000000000e+00	20
868	1.000000000000000e+00	4
869	1.000000000000000e+00	8
870	1.000000000000000e+00	12
871	1.000000000000000e+00	12
872	1.000000000000000e+00	14
873	1.000000000000000e+00	20
874	1.000000000000000e+00	6
875	1.000000000000000e+00	20
876	1.000000000000000e+00	4
877	1.000000000000000e+00	26
878	1.000000000000000e+00	8
879	1.000000000000000e+00	28
880	1.000000000000000e+00	4
881	1.000000000000000e+00	22
882	1.000000000000000e+00	16
883	1.000000000000000e+00	8
884	1.000000000000000e+00	2
885	1.000000000000000e+00	4
886	1.000000000000000e+00	6
887	1.000000000000000e+00	16
888	1.000000000000000e+00	4
889	1.000000000000000e+00	4
890	1.000000000000000e+00	20
891	1.000000000000000e+00	18
892	1.000000000000000e+00	12
893	1.000000000000000e+00	16
894	1.000000000000000e+00	36
895	1.000000000000000e+00	12
896	1.000000000000000e+00	10
897	1.000000000000000e+00	2
898	1.000000000000000e+00	22
899	1.000000000000000e+00	22
900	1.000000000000000e+00	28
901	1.000000000000000e+00	10
902	1.000000000000000e+00	2
903	1.000000000000000e+00	12
904	1.000000000000000e+00	2
905	1.000000000000000e+00	2
906	1.000000000000000e+00	2
907	1.000000000000000e+00	16
908	1.000000000000000e+00	6
909	1.000000000000000e+00	22
910	1.000000000000000e+00	6
911	1.000000000000000e+00	14
912	1.000000000000000e+00	28
913	1.000000000000000e+00	8
914	1.000000000000000e+00	4
915	1.000000000000000e+00	2
916	1.000000000000000e+00	10
917	1.000000000000000e+00	2
918	1.000000000000000e+00	12
919	1.000000000000000e+00	12
920	1.000000000000000e+00	2
921	1.000000000000000e+00	26
922	1.000000000000000e+00	6
923	1.000000000000000e+00	6
924	1.000000000000000e+00	2
925	1.000000000000000e+00	6
926	1.000000000000000e+00	8
927	1.000000000000000e+00	18
928	1.000000000000000e+00	6
929	1.000000000000000e+00	16
930	1.000000000000000e+00	12
931	1.000000000000000e+00	4
932	1.000000000000000e+00	8
933	1.000000000000000e+00	8
934	1.000000000000000e+00	24
935	1.000000000000000e+00	4
936	1.000000000000000e+00	24
937	1.000000000000000e+00	22
938	1.000000000000000e+00	10
939	1.000000000000000e+00	28
940	1.000000000000000e+00	36
941	1.000000000000000e+00	2
942	1.000000000000000e+00	12
943	1.000000000000000e+00	14
944	1.000000000000000e+00	2
945	1.000000000000000e+00	8
946	1.000000000000000e+00	8
947	1.000000000000000e+00	2
948	1.000000000000000e+00	18
949	1.000000000000000e+00	10
950	1.000000000000000e+00	10
951	1.000000000000000e+00	4
952	1.000000000000000e+00	2
953	1.000000000000000e+00	8
954	1.000000000000000e+00	36
955	1.000000000000000e+00	4
956	1.000000000000000e+00	8
957	1.000000000000000e+00	10
958	1.000000000000000e+00	8
959	1.000000000000000e+00	10
960	1.000000000000000e+00	16
961	1.000000000000000e+00	32
962	1.000000000000000e+00	10
963	1.000000000000000e+00	4
964	1.000000000000000e+00	22
965	1.000000000000000e+00	8
966	1.000000000000000e+00	2
967	1.000000000000000e+00	42
968	1.000000000000000e+00	12
969	1.000000000000000e+00	4
970	1.000000000000000e+00	8
971	1.000000000000000e+00	6
972	1.000000000000000e+00	4
973	1.000000000000000e+00	50
974	1.000000000000000e+00	12
975	1.000000000000000e+00	14
976	1.000000000000000e+00	4
977	1.000000000000000e+00	8
978	1.000000000000000e+00	10
979	1.000000000000000e+00	4
980	1.000000000000000e+00	22
981	1.000000000000000e+00	4
982	1.000000000000000e+00	12
983	1.000000000000000e+00	8
984	1.000000000000000e+00	26
985	1.000000000000000e+00	22
986	1.000000000000000e+00	16
987	1.000000000000000e+00	4
988	1.000000000000000e+00	52
989	1.000000000000000e+00	2
990	1.000000000000000e+00	14
991	1.000000000000000e+00	6
992	1.000000000000000e+00	22
993	1.000000000000000e+00	20
994	1.000000000000000e+00	14
995	1.000000000000000e+00	8
996	1.000000000000000e+00	2
997	1.000000000000000e+00	4
998	1.000000000000000e+00	16
999	1.000000000000000e+00	34
1000	1.000000000000000e+00	4


Tempo gasto: 13.372953
