Método usado: LUUS JAAKOLA

POSIÇÃO	ÁREA(mm²)	CUSTO

1	1.000000000000000e+00	12
2	1.000000000000000e+00	10
3	1.000000000000000e+00	34
4	1.000000000000000e+00	6
5	1.000000000000000e+00	12
6	1.000000000000000e+00	20
7	1.000000000000000e+00	12
8	1.000000000000000e+00	6
9	1.000000000000000e+00	8
10	1.000000000000000e+00	22
11	1.000000000000000e+00	14
12	1.000000000000000e+00	14
13	1.000000000000000e+00	4
14	1.000000000000000e+00	14
15	1.000000000000000e+00	12
16	1.000000000000000e+00	14
17	1.000000000000000e+00	10
18	1.000000000000000e+00	2
19	1.000000000000000e+00	8
20	1.000000000000000e+00	10
21	1.000000000000000e+00	2
22	1.000000000000000e+00	18
23	1.000000000000000e+00	6
24	1.000000000000000e+00	6
25	1.000000000000000e+00	46
26	1.000000000000000e+00	16
27	1.000000000000000e+00	4
28	1.000000000000000e+00	12
29	1.000000000000000e+00	16
30	1.000000000000000e+00	38
31	1.000000000000000e+00	18
32	1.000000000000000e+00	2
33	1.000000000000000e+00	8
34	1.000000000000000e+00	8
35	1.000000000000000e+00	8
36	1.000000000000000e+00	8
37	1.000000000000000e+00	16
38	1.000000000000000e+00	6
39	1.000000000000000e+00	12
40	1.000000000000000e+00	26
41	1.000000000000000e+00	6
42	1.000000000000000e+00	8
43	1.000000000000000e+00	22
44	1.000000000000000e+00	12
45	1.000000000000000e+00	14
46	1.000000000000000e+00	2
47	1.000000000000000e+00	2
48	1.000000000000000e+00	8
49	1.000000000000000e+00	10
50	1.000000000000000e+00	8
51	1.000000000000000e+00	14
52	1.000000000000000e+00	14
53	1.000000000000000e+00	14
54	1.000000000000000e+00	24
55	1.000000000000000e+00	16
56	1.000000000000000e+00	10
57	1.000000000000000e+00	6
58	1.000000000000000e+00	14
59	1.000000000000000e+00	6
60	1.000000000000000e+00	16
61	1.000000000000000e+00	16
62	1.000000000000000e+00	4
63	1.000000000000000e+00	12
64	1.000000000000000e+00	4
65	1.000000000000000e+00	16
66	1.000000000000000e+00	2
67	1.000000000000000e+00	14
68	1.000000000000000e+00	12
69	1.000000000000000e+00	12
70	1.000000000000000e+00	40
71	1.000000000000000e+00	4
72	1.000000000000000e+00	8
73	1.000000000000000e+00	8
74	1.000000000000000e+00	14
75	1.000000000000000e+00	22
76	1.000000000000000e+00	10
77	1.000000000000000e+00	18
78	1.000000000000000e+00	6
79	1.000000000000000e+00	18
80	1.000000000000000e+00	22
81	1.000000000000000e+00	10
82	1.000000000000000e+00	14
83	1.000000000000000e+00	20
84	1.000000000000000e+00	24
85	1.000000000000000e+00	12
86	1.000000000000000e+00	6
87	1.000000000000000e+00	22
88	1.000000000000000e+00	4
89	1.000000000000000e+00	4
90	1.000000000000000e+00	18
91	1.000000000000000e+00	2
92	1.000000000000000e+00	6
93	1.000000000000000e+00	2
94	1.000000000000000e+00	20
95	1.000000000000000e+00	18
96	1.000000000000000e+00	14
97	1.000000000000000e+00	14
98	1.000000000000000e+00	10
99	1.000000000000000e+00	10
100	1.000000000000000e+00	26
101	1.000000000000000e+00	16
102	1.000000000000000e+00	2
103	1.000000000000000e+00	10
104	1.000000000000000e+00	4
105	1.000000000000000e+00	26
106	1.000000000000000e+00	6
107	1.000000000000000e+00	2
108	1.000000000000000e+00	16
109	1.000000000000000e+00	38
110	1.000000000000000e+00	8
111	1.000000000000000e+00	6
112	1.000000000000000e+00	2
113	1.000000000000000e+00	16
114	1.000000000000000e+00	28
115	1.000000000000000e+00	2
116	1.000000000000000e+00	18
117	1.000000000000000e+00	2
118	1.000000000000000e+00	20
119	1.000000000000000e+00	38
120	1.000000000000000e+00	8
121	1.000000000000000e+00	8
122	1.000000000000000e+00	30
123	1.000000000000000e+00	6
124	1.000000000000000e+00	2
125	1.000000000000000e+00	4
126	1.000000000000000e+00	14
127	1.000000000000000e+00	2
128	1.000000000000000e+00	10
129	1.000000000000000e+00	4
130	1.000000000000000e+00	28
131	1.000000000000000e+00	18
132	1.000000000000000e+00	6
133	1.000000000000000e+00	26
134	1.000000000000000e+00	8
135	1.000000000000000e+00	8
136	1.000000000000000e+00	6
137	1.000000000000000e+00	6
138	1.000000000000000e+00	10
139	1.000000000000000e+00	20
140	1.000000000000000e+00	8
141	1.000000000000000e+00	14
142	1.000000000000000e+00	10
143	1.000000000000000e+00	12
144	1.000000000000000e+00	60
145	1.000000000000000e+00	12
146	1.000000000000000e+00	2
147	1.000000000000000e+00	18
148	1.000000000000000e+00	20
149	1.000000000000000e+00	18
150	1.000000000000000e+00	30
151	1.000000000000000e+00	2
152	1.000000000000000e+00	42
153	1.000000000000000e+00	14
154	1.000000000000000e+00	26
155	1.000000000000000e+00	12
156	1.000000000000000e+00	8
157	1.000000000000000e+00	20
158	1.000000000000000e+00	2
159	1.000000000000000e+00	14
160	1.000000000000000e+00	14
161	1.000000000000000e+00	8
162	1.000000000000000e+00	4
163	1.000000000000000e+00	10
164	1.000000000000000e+00	12
165	1.000000000000000e+00	22
166	1.000000000000000e+00	8
167	1.000000000000000e+00	12
168	1.000000000000000e+00	6
169	1.000000000000000e+00	22
170	1.000000000000000e+00	6
171	1.000000000000000e+00	6
172	1.000000000000000e+00	4
173	1.000000000000000e+00	4
174	1.000000000000000e+00	2
175	1.000000000000000e+00	8
176	1.000000000000000e+00	6
177	1.000000000000000e+00	10
178	1.000000000000000e+00	12
179	1.000000000000000e+00	14
180	1.000000000000000e+00	6
181	1.000000000000000e+00	6
182	1.000000000000000e+00	10
183	1.000000000000000e+00	8
184	1.000000000000000e+00	12
185	1.000000000000000e+00	8
186	1.000000000000000e+00	10
187	1.000000000000000e+00	2
188	1.000000000000000e+00	10
189	1.000000000000000e+00	16
190	1.000000000000000e+00	6
191	1.000000000000000e+00	18
192	1.000000000000000e+00	12
193	1.000000000000000e+00	12
194	1.000000000000000e+00	2
195	1.000000000000000e+00	4
196	1.000000000000000e+00	14
197	1.000000000000000e+00	14
198	1.000000000000000e+00	2
199	1.000000000000000e+00	10
200	1.000000000000000e+00	8
201	1.000000000000000e+00	56
202	1.000000000000000e+00	16
203	1.000000000000000e+00	6
204	1.000000000000000e+00	22
205	1.000000000000000e+00	12
206	1.000000000000000e+00	6
207	1.000000000000000e+00	8
208	1.000000000000000e+00	8
209	1.000000000000000e+00	8
210	1.000000000000000e+00	10
211	1.000000000000000e+00	28
212	1.000000000000000e+00	14
213	1.000000000000000e+00	14
214	1.000000000000000e+00	10
215	1.000000000000000e+00	6
216	1.000000000000000e+00	24
217	1.000000000000000e+00	20
218	1.000000000000000e+00	10
219	1.000000000000000e+00	20
220	1.000000000000000e+00	26
221	1.000000000000000e+00	30
222	1.000000000000000e+00	8
223	1.000000000000000e+00	6
224	1.000000000000000e+00	10
225	1.000000000000000e+00	10
226	1.000000000000000e+00	38
227	1.000000000000000e+00	2
228	1.000000000000000e+00	4
229	1.000000000000000e+00	2
230	1.000000000000000e+00	12
231	1.000000000000000e+00	22
232	1.000000000000000e+00	6
233	1.000000000000000e+00	6
234	1.000000000000000e+00	2
235	1.000000000000000e+00	8
236	1.000000000000000e+00	6
237	1.000000000000000e+00	26
238	1.000000000000000e+00	6
239	1.000000000000000e+00	10
240	1.000000000000000e+00	14
241	1.000000000000000e+00	14
242	1.000000000000000e+00	2
243	1.000000000000000e+00	4
244	1.000000000000000e+00	2
245	1.000000000000000e+00	22
246	1.000000000000000e+00	14
247	1.000000000000000e+00	24
248	1.000000000000000e+00	18
249	1.000000000000000e+00	8
250	1.000000000000000e+00	22
251	1.000000000000000e+00	2
252	1.000000000000000e+00	6
253	1.000000000000000e+00	22
254	1.000000000000000e+00	12
255	1.000000000000000e+00	6
256	1.000000000000000e+00	22
257	1.000000000000000e+00	8
258	1.000000000000000e+00	4
259	1.000000000000000e+00	6
260	1.000000000000000e+00	12
261	1.000000000000000e+00	10
262	1.000000000000000e+00	6
263	1.000000000000000e+00	8
264	1.000000000000000e+00	4
265	1.000000000000000e+00	10
266	1.000000000000000e+00	18
267	1.000000000000000e+00	12
268	1.000000000000000e+00	16
269	1.000000000000000e+00	12
270	1.000000000000000e+00	6
271	1.000000000000000e+00	2
272	1.000000000000000e+00	6
273	1.000000000000000e+00	20
274	1.000000000000000e+00	12
275	1.000000000000000e+00	6
276	1.000000000000000e+00	4
277	1.000000000000000e+00	30
278	1.000000000000000e+00	8
279	1.000000000000000e+00	30
280	1.000000000000000e+00	20
281	1.000000000000000e+00	18
282	1.000000000000000e+00	2
283	1.000000000000000e+00	6
284	1.000000000000000e+00	40
285	1.000000000000000e+00	24
286	1.000000000000000e+00	4
287	1.000000000000000e+00	20
288	1.000000000000000e+00	2
289	1.000000000000000e+00	20
290	1.000000000000000e+00	14
291	1.000000000000000e+00	8
292	1.000000000000000e+00	8
293	1.000000000000000e+00	4
294	1.000000000000000e+00	8
295	1.000000000000000e+00	12
296	1.000000000000000e+00	10
297	1.000000000000000e+00	2
298	1.000000000000000e+00	12
299	1.000000000000000e+00	22
300	1.000000000000000e+00	6
301	1.000000000000000e+00	16
302	1.000000000000000e+00	6
303	1.000000000000000e+00	14
304	1.000000000000000e+00	28
305	1.000000000000000e+00	14
306	1.000000000000000e+00	6
307	1.000000000000000e+00	8
308	1.000000000000000e+00	8
309	1.000000000000000e+00	12
310	1.000000000000000e+00	4
311	1.000000000000000e+00	6
312	1.000000000000000e+00	4
313	1.000000000000000e+00	8
314	1.000000000000000e+00	16
315	1.000000000000000e+00	14
316	1.000000000000000e+00	8
317	1.000000000000000e+00	14
318	1.000000000000000e+00	4
319	1.000000000000000e+00	8
320	1.000000000000000e+00	4
321	1.000000000000000e+00	28
322	1.000000000000000e+00	2
323	1.000000000000000e+00	12
324	1.000000000000000e+00	12
325	1.000000000000000e+00	2
326	1.000000000000000e+00	26
327	1.000000000000000e+00	24
328	1.000000000000000e+00	4
329	1.000000000000000e+00	4
330	1.000000000000000e+00	8
331	1.000000000000000e+00	16
332	1.000000000000000e+00	12
333	1.000000000000000e+00	10
334	1.000000000000000e+00	6
335	1.000000000000000e+00	4
336	1.000000000000000e+00	12
337	1.000000000000000e+00	4
338	1.000000000000000e+00	6
339	1.000000000000000e+00	2
340	1.000000000000000e+00	30
341	1.000000000000000e+00	10
342	1.000000000000000e+00	16
343	1.000000000000000e+00	4
344	1.000000000000000e+00	4
345	1.000000000000000e+00	16
346	1.000000000000000e+00	32
347	1.000000000000000e+00	42
348	1.000000000000000e+00	14
349	1.000000000000000e+00	8
350	1.000000000000000e+00	10
351	1.000000000000000e+00	12
352	9.500036657122969e-01	192
353	8.999885756534104e-01	292
354	8.499866079613225e-01	264
355	7.999989333156196e-01	268
356	7.499898868234419e-01	260
357	6.999783830997580e-01	252
358	6.499789640845490e-01	294
359	5.999743762419887e-01	344
360	5.499853197071410e-01	340
361	4.999956964301730e-01	312
362	4.999895973595007e-01	296
363	5.249920160310599e-01	284
364	5.499973133618115e-01	108
365	5.750084532403078e-01	218
366	5.999972942627937e-01	308
367	6.249966749529728e-01	240
368	6.499929420663775e-01	260
369	6.750026309497474e-01	314
370	7.000044728845757e-01	286
371	7.249980519974697e-01	304
372	7.499924857506380e-01	260
373	7.999960043795622e-01	308
374	8.500057824661248e-01	312
375	9.000232818671638e-01	216
376	9.500095512596475e-01	198
377	1.000000000000000e+00	10
378	1.000000000000000e+00	8
379	1.000000000000000e+00	12
380	1.000000000000000e+00	6
381	1.000000000000000e+00	8
382	1.000000000000000e+00	4
383	1.000000000000000e+00	12
384	1.000000000000000e+00	2
385	1.000000000000000e+00	8
386	1.000000000000000e+00	6
387	1.000000000000000e+00	6
388	1.000000000000000e+00	6
389	1.000000000000000e+00	4
390	1.000000000000000e+00	10
391	1.000000000000000e+00	6
392	1.000000000000000e+00	34
393	1.000000000000000e+00	6
394	1.000000000000000e+00	24
395	1.000000000000000e+00	6
396	1.000000000000000e+00	2
397	1.000000000000000e+00	52
398	1.000000000000000e+00	20
399	1.000000000000000e+00	6
400	1.000000000000000e+00	14
401	1.000000000000000e+00	20
402	1.000000000000000e+00	6
403	1.000000000000000e+00	8
404	1.000000000000000e+00	8
405	1.000000000000000e+00	30
406	1.000000000000000e+00	8
407	1.000000000000000e+00	56
408	1.000000000000000e+00	8
409	1.000000000000000e+00	8
410	1.000000000000000e+00	18
411	1.000000000000000e+00	16
412	1.000000000000000e+00	6
413	1.000000000000000e+00	12
414	1.000000000000000e+00	16
415	1.000000000000000e+00	2
416	1.000000000000000e+00	34
417	1.000000000000000e+00	16
418	1.000000000000000e+00	14
419	1.000000000000000e+00	16
420	1.000000000000000e+00	6
421	1.000000000000000e+00	28
422	1.000000000000000e+00	6
423	1.000000000000000e+00	2
424	1.000000000000000e+00	2
425	1.000000000000000e+00	34
426	1.000000000000000e+00	16
427	1.000000000000000e+00	10
428	1.000000000000000e+00	10
429	1.000000000000000e+00	32
430	1.000000000000000e+00	8
431	1.000000000000000e+00	2
432	1.000000000000000e+00	6
433	1.000000000000000e+00	18
434	1.000000000000000e+00	24
435	1.000000000000000e+00	2
436	1.000000000000000e+00	16
437	1.000000000000000e+00	26
438	1.000000000000000e+00	16
439	1.000000000000000e+00	10
440	1.000000000000000e+00	2
441	1.000000000000000e+00	12
442	1.000000000000000e+00	12
443	1.000000000000000e+00	12
444	1.000000000000000e+00	2
445	1.000000000000000e+00	14
446	1.000000000000000e+00	10
447	1.000000000000000e+00	4
448	1.000000000000000e+00	14
449	1.000000000000000e+00	12
450	1.000000000000000e+00	28
451	1.000000000000000e+00	4
452	1.000000000000000e+00	16
453	1.000000000000000e+00	14
454	1.000000000000000e+00	24
455	1.000000000000000e+00	4
456	1.000000000000000e+00	2
457	1.000000000000000e+00	4
458	1.000000000000000e+00	22
459	1.000000000000000e+00	18
460	1.000000000000000e+00	6
461	1.000000000000000e+00	10
462	1.000000000000000e+00	18
463	1.000000000000000e+00	28
464	1.000000000000000e+00	2
465	1.000000000000000e+00	8
466	1.000000000000000e+00	8
467	1.000000000000000e+00	10
468	1.000000000000000e+00	8
469	1.000000000000000e+00	10
470	1.000000000000000e+00	10
471	1.000000000000000e+00	22
472	1.000000000000000e+00	16
473	1.000000000000000e+00	26
474	1.000000000000000e+00	2
475	1.000000000000000e+00	2
476	1.000000000000000e+00	14
477	1.000000000000000e+00	4
478	1.000000000000000e+00	4
479	1.000000000000000e+00	24
480	1.000000000000000e+00	16
481	1.000000000000000e+00	4
482	1.000000000000000e+00	24
483	1.000000000000000e+00	6
484	1.000000000000000e+00	10
485	1.000000000000000e+00	4
486	1.000000000000000e+00	4
487	1.000000000000000e+00	16
488	1.000000000000000e+00	18
489	1.000000000000000e+00	8
490	1.000000000000000e+00	12
491	1.000000000000000e+00	20
492	1.000000000000000e+00	18
493	1.000000000000000e+00	2
494	1.000000000000000e+00	6
495	1.000000000000000e+00	16
496	1.000000000000000e+00	24
497	1.000000000000000e+00	10
498	1.000000000000000e+00	30
499	1.000000000000000e+00	6
500	1.000000000000000e+00	6
501	1.000000000000000e+00	10
502	1.000000000000000e+00	8
503	1.000000000000000e+00	4
504	1.000000000000000e+00	4
505	1.000000000000000e+00	6
506	1.000000000000000e+00	4
507	1.000000000000000e+00	12
508	1.000000000000000e+00	8
509	1.000000000000000e+00	8
510	1.000000000000000e+00	22
511	1.000000000000000e+00	16
512	1.000000000000000e+00	6
513	1.000000000000000e+00	4
514	1.000000000000000e+00	30
515	1.000000000000000e+00	8
516	1.000000000000000e+00	4
517	1.000000000000000e+00	22
518	1.000000000000000e+00	20
519	1.000000000000000e+00	6
520	1.000000000000000e+00	4
521	1.000000000000000e+00	12
522	1.000000000000000e+00	22
523	1.000000000000000e+00	10
524	1.000000000000000e+00	22
525	1.000000000000000e+00	28
526	1.000000000000000e+00	10
527	1.000000000000000e+00	12
528	1.000000000000000e+00	36
529	1.000000000000000e+00	10
530	1.000000000000000e+00	6
531	1.000000000000000e+00	2
532	1.000000000000000e+00	8
533	1.000000000000000e+00	6
534	1.000000000000000e+00	10
535	1.000000000000000e+00	6
536	1.000000000000000e+00	10
537	1.000000000000000e+00	2
538	1.000000000000000e+00	6
539	1.000000000000000e+00	14
540	1.000000000000000e+00	10
541	1.000000000000000e+00	14
542	1.000000000000000e+00	2
543	1.000000000000000e+00	6
544	1.000000000000000e+00	4
545	1.000000000000000e+00	20
546	1.000000000000000e+00	40
547	1.000000000000000e+00	14
548	1.000000000000000e+00	4
549	1.000000000000000e+00	8
550	1.000000000000000e+00	54
551	1.000000000000000e+00	4
552	1.000000000000000e+00	8
553	1.000000000000000e+00	4
554	1.000000000000000e+00	10
555	1.000000000000000e+00	2
556	1.000000000000000e+00	28
557	1.000000000000000e+00	8
558	1.000000000000000e+00	4
559	1.000000000000000e+00	26
560	1.000000000000000e+00	12
561	1.000000000000000e+00	4
562	1.000000000000000e+00	10
563	1.000000000000000e+00	16
564	1.000000000000000e+00	10
565	1.000000000000000e+00	2
566	1.000000000000000e+00	12
567	1.000000000000000e+00	6
568	1.000000000000000e+00	2
569	1.000000000000000e+00	8
570	1.000000000000000e+00	22
571	1.000000000000000e+00	12
572	1.000000000000000e+00	14
573	1.000000000000000e+00	4
574	1.000000000000000e+00	10
575	1.000000000000000e+00	14
576	1.000000000000000e+00	18
577	1.000000000000000e+00	26
578	1.000000000000000e+00	20
579	1.000000000000000e+00	10
580	1.000000000000000e+00	2
581	1.000000000000000e+00	24
582	1.000000000000000e+00	6
583	1.000000000000000e+00	14
584	1.000000000000000e+00	14
585	1.000000000000000e+00	6
586	1.000000000000000e+00	12
587	1.000000000000000e+00	72
588	1.000000000000000e+00	10
589	1.000000000000000e+00	4
590	1.000000000000000e+00	20
591	1.000000000000000e+00	26
592	1.000000000000000e+00	16
593	1.000000000000000e+00	28
594	1.000000000000000e+00	6
595	1.000000000000000e+00	14
596	1.000000000000000e+00	10
597	1.000000000000000e+00	16
598	1.000000000000000e+00	2
599	1.000000000000000e+00	8
600	1.000000000000000e+00	4
601	1.000000000000000e+00	12
602	1.000000000000000e+00	10
603	1.000000000000000e+00	6
604	1.000000000000000e+00	4
605	1.000000000000000e+00	18
606	1.000000000000000e+00	18
607	1.000000000000000e+00	4
608	1.000000000000000e+00	2
609	1.000000000000000e+00	4
610	1.000000000000000e+00	6
611	1.000000000000000e+00	30
612	1.000000000000000e+00	6
613	1.000000000000000e+00	18
614	1.000000000000000e+00	16
615	1.000000000000000e+00	36
616	1.000000000000000e+00	8
617	1.000000000000000e+00	6
618	1.000000000000000e+00	2
619	1.000000000000000e+00	2
620	1.000000000000000e+00	10
621	1.000000000000000e+00	44
622	1.000000000000000e+00	30
623	1.000000000000000e+00	34
624	1.000000000000000e+00	14
625	1.000000000000000e+00	6
626	1.000000000000000e+00	14
627	1.000000000000000e+00	10
628	1.000000000000000e+00	14
629	1.000000000000000e+00	8
630	1.000000000000000e+00	6
631	1.000000000000000e+00	18
632	1.000000000000000e+00	4
633	1.000000000000000e+00	2
634	1.000000000000000e+00	14
635	1.000000000000000e+00	6
636	1.000000000000000e+00	4
637	1.000000000000000e+00	8
638	1.000000000000000e+00	6
639	1.000000000000000e+00	12
640	1.000000000000000e+00	22
641	1.000000000000000e+00	10
642	1.000000000000000e+00	2
643	1.000000000000000e+00	16
644	1.000000000000000e+00	48
645	1.000000000000000e+00	8
646	1.000000000000000e+00	6
647	1.000000000000000e+00	4
648	1.000000000000000e+00	22
649	1.000000000000000e+00	20
650	1.000000000000000e+00	26
651	9.704156117625831e-01	254
652	9.373977054824599e-01	252
653	9.056079245544466e-01	274
654	8.749994350626878e-01	290
655	8.456081618392760e-01	182
656	8.173959879598454e-01	254
657	7.904103720048014e-01	252
658	7.646061276775816e-01	332
659	7.400174013269426e-01	270
660	7.166062195299375e-01	298
661	6.943950045720556e-01	334
662	6.734003758234925e-01	340
663	6.535898528598695e-01	288
664	6.349902365339781e-01	302
665	6.175994419305163e-01	254
666	6.014036840342473e-01	300
667	5.864129585122764e-01	248
668	5.726188033985619e-01	288
669	5.600108548674317e-01	344
670	5.486064353218544e-01	294
671	5.384027261074803e-01	240
672	5.294104311370963e-01	340
673	5.216208860550257e-01	314
674	5.150307575437965e-01	268
675	5.096327440464511e-01	320
676	5.054425141345525e-01	322
677	5.024339756154876e-01	116
678	5.006359917534396e-01	314
679	5.000462900292465e-01	266
680	5.006533980249243e-01	332
681	5.024465762079642e-01	326
682	5.054470871688687e-01	336
683	5.096559218444849e-01	328
684	5.150539425516238e-01	240
685	5.216593541973488e-01	270
686	5.294664392098596e-01	250
687	5.384611267827795e-01	274
688	5.486704439495687e-01	244
689	5.600744632656068e-01	224
690	5.726746830229664e-01	308
691	5.864674947041626e-01	168
692	6.014805990598980e-01	294
693	6.176848779135631e-01	270
694	6.350925873264744e-01	342
695	6.536936201443333e-01	302
696	6.735038006450670e-01	318
697	6.945054521043044e-01	264
698	7.167109581460676e-01	306
699	7.401179053541191e-01	278
700	7.647231394297975e-01	206
701	7.905328897327850e-01	266
702	8.175321550463203e-01	242
703	8.457393395528814e-01	290
704	8.751521212828955e-01	192
705	9.057502700009198e-01	314
706	9.375515600366465e-01	282
707	1.000000000000000e+00	1000
708	1.000000000000000e+00	16
709	1.000000000000000e+00	2
710	1.000000000000000e+00	12
711	1.000000000000000e+00	6
712	1.000000000000000e+00	8
713	1.000000000000000e+00	6
714	1.000000000000000e+00	6
715	1.000000000000000e+00	12
716	1.000000000000000e+00	22
717	1.000000000000000e+00	4
718	1.000000000000000e+00	4
719	1.000000000000000e+00	16
720	1.000000000000000e+00	18
721	1.000000000000000e+00	8
722	1.000000000000000e+00	6
723	1.000000000000000e+00	4
724	1.000000000000000e+00	16
725	1.000000000000000e+00	12
726	1.000000000000000e+00	2
727	1.000000000000000e+00	12
728	1.000000000000000e+00	8
729	1.000000000000000e+00	8
730	1.000000000000000e+00	46
731	1.000000000000000e+00	4
732	1.000000000000000e+00	26
733	1.000000000000000e+00	16
734	1.000000000000000e+00	8
735	1.000000000000000e+00	4
736	1.000000000000000e+00	14
737	1.000000000000000e+00	2
738	1.000000000000000e+00	14
739	1.000000000000000e+00	8
740	1.000000000000000e+00	6
741	1.000000000000000e+00	20
742	1.000000000000000e+00	6
743	1.000000000000000e+00	14
744	1.000000000000000e+00	34
745	1.000000000000000e+00	22
746	1.000000000000000e+00	8
747	1.000000000000000e+00	14
748	1.000000000000000e+00	20
749	1.000000000000000e+00	12
750	1.000000000000000e+00	2
751	1.000000000000000e+00	24
752	1.000000000000000e+00	8
753	1.000000000000000e+00	6
754	1.000000000000000e+00	16
755	1.000000000000000e+00	30
756	1.000000000000000e+00	8
757	1.000000000000000e+00	6
758	1.000000000000000e+00	6
759	1.000000000000000e+00	2
760	1.000000000000000e+00	12
761	1.000000000000000e+00	18
762	1.000000000000000e+00	6
763	1.000000000000000e+00	44
764	1.000000000000000e+00	36
765	1.000000000000000e+00	24
766	1.000000000000000e+00	4
767	1.000000000000000e+00	14
768	1.000000000000000e+00	10
769	1.000000000000000e+00	2
770	1.000000000000000e+00	4
771	1.000000000000000e+00	8
772	1.000000000000000e+00	2
773	1.000000000000000e+00	4
774	1.000000000000000e+00	20
775	1.000000000000000e+00	6
776	1.000000000000000e+00	4
777	1.000000000000000e+00	16
778	1.000000000000000e+00	8
779	1.000000000000000e+00	6
780	1.000000000000000e+00	24
781	1.000000000000000e+00	8
782	1.000000000000000e+00	8
783	1.000000000000000e+00	10
784	1.000000000000000e+00	6
785	1.000000000000000e+00	12
786	1.000000000000000e+00	6
787	1.000000000000000e+00	6
788	1.000000000000000e+00	6
789	1.000000000000000e+00	24
790	1.000000000000000e+00	4
791	1.000000000000000e+00	6
792	1.000000000000000e+00	18
793	1.000000000000000e+00	38
794	1.000000000000000e+00	22
795	1.000000000000000e+00	16
796	1.000000000000000e+00	6
797	1.000000000000000e+00	8
798	1.000000000000000e+00	20
799	1.000000000000000e+00	38
800	1.000000000000000e+00	30
801	1.000000000000000e+00	6
802	1.000000000000000e+00	2
803	1.000000000000000e+00	2
804	1.000000000000000e+00	22
805	1.000000000000000e+00	2
806	1.000000000000000e+00	2
807	1.000000000000000e+00	10
808	1.000000000000000e+00	8
809	1.000000000000000e+00	6
810	1.000000000000000e+00	6
811	1.000000000000000e+00	2
812	1.000000000000000e+00	20
813	1.000000000000000e+00	14
814	1.000000000000000e+00	12
815	1.000000000000000e+00	6
816	1.000000000000000e+00	8
817	1.000000000000000e+00	28
818	1.000000000000000e+00	12
819	1.000000000000000e+00	14
820	1.000000000000000e+00	12
821	1.000000000000000e+00	22
822	1.000000000000000e+00	8
823	1.000000000000000e+00	4
824	1.000000000000000e+00	10
825	1.000000000000000e+00	26
826	1.000000000000000e+00	2
827	1.000000000000000e+00	2
828	1.000000000000000e+00	4
829	1.000000000000000e+00	18
830	1.000000000000000e+00	4
831	1.000000000000000e+00	18
832	1.000000000000000e+00	22
833	1.000000000000000e+00	8
834	1.000000000000000e+00	10
835	1.000000000000000e+00	18
836	1.000000000000000e+00	22
837	1.000000000000000e+00	8
838	1.000000000000000e+00	14
839	1.000000000000000e+00	4
840	1.000000000000000e+00	20
841	1.000000000000000e+00	18
842	1.000000000000000e+00	2
843	1.000000000000000e+00	10
844	1.000000000000000e+00	4
845	1.000000000000000e+00	16
846	1.000000000000000e+00	14
847	1.000000000000000e+00	4
848	1.000000000000000e+00	4
849	1.000000000000000e+00	4
850	1.000000000000000e+00	16
851	1.000000000000000e+00	14
852	1.000000000000000e+00	2
853	1.000000000000000e+00	4
854	1.000000000000000e+00	18
855	1.000000000000000e+00	20
856	1.000000000000000e+00	20
857	1.000000000000000e+00	32
858	1.000000000000000e+00	14
859	1.000000000000000e+00	6
860	1.000000000000000e+00	22
861	1.000000000000000e+00	20
862	1.000000000000000e+00	10
863	1.000000000000000e+00	6
864	1.000000000000000e+00	16
865	1.000000000000000e+00	12
866	1.000000000000000e+00	2
867	1.000000000000000e+00	10
868	1.000000000000000e+00	14
869	1.000000000000000e+00	12
870	1.000000000000000e+00	10
871	1.000000000000000e+00	14
872	1.000000000000000e+00	6
873	1.000000000000000e+00	6
874	1.000000000000000e+00	6
875	1.000000000000000e+00	24
876	1.000000000000000e+00	6
877	1.000000000000000e+00	26
878	1.000000000000000e+00	2
879	1.000000000000000e+00	4
880	1.000000000000000e+00	8
881	1.000000000000000e+00	14
882	1.000000000000000e+00	4
883	1.000000000000000e+00	22
884	1.000000000000000e+00	4
885	1.000000000000000e+00	4
886	1.000000000000000e+00	42
887	1.000000000000000e+00	2
888	1.000000000000000e+00	6
889	1.000000000000000e+00	26
890	1.000000000000000e+00	2
891	1.000000000000000e+00	14
892	1.000000000000000e+00	2
893	1.000000000000000e+00	14
894	1.000000000000000e+00	20
895	1.000000000000000e+00	8
896	1.000000000000000e+00	4
897	1.000000000000000e+00	24
898	1.000000000000000e+00	2
899	1.000000000000000e+00	8
900	1.000000000000000e+00	14
901	1.000000000000000e+00	20
902	1.000000000000000e+00	20
903	1.000000000000000e+00	16
904	1.000000000000000e+00	10
905	1.000000000000000e+00	16
906	1.000000000000000e+00	6
907	1.000000000000000e+00	28
908	1.000000000000000e+00	2
909	1.000000000000000e+00	8
910	1.000000000000000e+00	10
911	1.000000000000000e+00	22
912	1.000000000000000e+00	6
913	1.000000000000000e+00	28
914	1.000000000000000e+00	2
915	1.000000000000000e+00	6
916	1.000000000000000e+00	38
917	1.000000000000000e+00	16
918	1.000000000000000e+00	2
919	1.000000000000000e+00	8
920	1.000000000000000e+00	2
921	1.000000000000000e+00	28
922	1.000000000000000e+00	60
923	1.000000000000000e+00	2
924	1.000000000000000e+00	44
925	1.000000000000000e+00	2
926	1.000000000000000e+00	14
927	1.000000000000000e+00	22
928	1.000000000000000e+00	12
929	1.000000000000000e+00	14
930	1.000000000000000e+00	2
931	1.000000000000000e+00	14
932	1.000000000000000e+00	32
933	1.000000000000000e+00	8
934	1.000000000000000e+00	10
935	1.000000000000000e+00	14
936	1.000000000000000e+00	14
937	1.000000000000000e+00	4
938	1.000000000000000e+00	4
939	1.000000000000000e+00	8
940	1.000000000000000e+00	12
941	1.000000000000000e+00	4
942	1.000000000000000e+00	12
943	1.000000000000000e+00	14
944	1.000000000000000e+00	4
945	1.000000000000000e+00	8
946	1.000000000000000e+00	6
947	1.000000000000000e+00	14
948	1.000000000000000e+00	2
949	1.000000000000000e+00	14
950	1.000000000000000e+00	14
951	1.000000000000000e+00	22
952	1.000000000000000e+00	2
953	1.000000000000000e+00	10
954	1.000000000000000e+00	10
955	1.000000000000000e+00	6
956	1.000000000000000e+00	4
957	1.000000000000000e+00	20
958	1.000000000000000e+00	18
959	1.000000000000000e+00	4
960	1.000000000000000e+00	10
961	1.000000000000000e+00	8
962	1.000000000000000e+00	16
963	1.000000000000000e+00	18
964	1.000000000000000e+00	14
965	1.000000000000000e+00	10
966	1.000000000000000e+00	14
967	1.000000000000000e+00	8
968	1.000000000000000e+00	4
969	1.000000000000000e+00	4
970	1.000000000000000e+00	38
971	1.000000000000000e+00	16
972	1.000000000000000e+00	4
973	1.000000000000000e+00	2
974	1.000000000000000e+00	24
975	1.000000000000000e+00	14
976	1.000000000000000e+00	18
977	1.000000000000000e+00	4
978	1.000000000000000e+00	26
979	1.000000000000000e+00	4
980	1.000000000000000e+00	6
981	1.000000000000000e+00	12
982	1.000000000000000e+00	10
983	1.000000000000000e+00	18
984	1.000000000000000e+00	48
985	1.000000000000000e+00	18
986	1.000000000000000e+00	10
987	1.000000000000000e+00	22
988	1.000000000000000e+00	16
989	1.000000000000000e+00	2
990	1.000000000000000e+00	2
991	1.000000000000000e+00	10
992	1.000000000000000e+00	10
993	1.000000000000000e+00	6
994	1.000000000000000e+00	2
995	1.000000000000000e+00	14
996	1.000000000000000e+00	4
997	1.000000000000000e+00	16
998	1.000000000000000e+00	82
999	1.000000000000000e+00	6
1000	1.000000000000000e+00	14


Tempo gasto: 13.474178
