Método usado: LUUS JAAKOLA

POSIÇÃO	ÁREA(mm²)	CUSTO

1	1.000000000000000e+00	6
2	1.000000000000000e+00	8
3	1.000000000000000e+00	20
4	1.000000000000000e+00	4
5	1.000000000000000e+00	10
6	1.000000000000000e+00	8
7	1.000000000000000e+00	12
8	1.000000000000000e+00	24
9	1.000000000000000e+00	2
10	1.000000000000000e+00	22
11	1.000000000000000e+00	34
12	1.000000000000000e+00	12
13	1.000000000000000e+00	30
14	1.000000000000000e+00	28
15	1.000000000000000e+00	12
16	1.000000000000000e+00	10
17	1.000000000000000e+00	4
18	1.000000000000000e+00	18
19	1.000000000000000e+00	22
20	1.000000000000000e+00	24
21	1.000000000000000e+00	6
22	1.000000000000000e+00	16
23	1.000000000000000e+00	6
24	1.000000000000000e+00	18
25	1.000000000000000e+00	18
26	1.000000000000000e+00	10
27	1.000000000000000e+00	8
28	1.000000000000000e+00	14
29	1.000000000000000e+00	16
30	1.000000000000000e+00	4
31	1.000000000000000e+00	18
32	1.000000000000000e+00	20
33	1.000000000000000e+00	2
34	1.000000000000000e+00	2
35	1.000000000000000e+00	26
36	1.000000000000000e+00	24
37	1.000000000000000e+00	4
38	1.000000000000000e+00	8
39	1.000000000000000e+00	12
40	1.000000000000000e+00	4
41	1.000000000000000e+00	2
42	1.000000000000000e+00	10
43	1.000000000000000e+00	8
44	1.000000000000000e+00	6
45	1.000000000000000e+00	22
46	1.000000000000000e+00	4
47	1.000000000000000e+00	14
48	1.000000000000000e+00	2
49	1.000000000000000e+00	24
50	1.000000000000000e+00	18
51	1.000000000000000e+00	24
52	1.000000000000000e+00	12
53	1.000000000000000e+00	12
54	1.000000000000000e+00	12
55	1.000000000000000e+00	2
56	1.000000000000000e+00	12
57	1.000000000000000e+00	8
58	1.000000000000000e+00	14
59	1.000000000000000e+00	22
60	1.000000000000000e+00	18
61	1.000000000000000e+00	2
62	1.000000000000000e+00	10
63	1.000000000000000e+00	24
64	1.000000000000000e+00	6
65	1.000000000000000e+00	30
66	1.000000000000000e+00	6
67	1.000000000000000e+00	24
68	1.000000000000000e+00	2
69	1.000000000000000e+00	28
70	1.000000000000000e+00	2
71	1.000000000000000e+00	32
72	1.000000000000000e+00	8
73	1.000000000000000e+00	10
74	1.000000000000000e+00	2
75	1.000000000000000e+00	46
76	1.000000000000000e+00	8
77	1.000000000000000e+00	6
78	1.000000000000000e+00	6
79	1.000000000000000e+00	12
80	1.000000000000000e+00	22
81	1.000000000000000e+00	14
82	1.000000000000000e+00	12
83	1.000000000000000e+00	4
84	1.000000000000000e+00	22
85	1.000000000000000e+00	26
86	1.000000000000000e+00	20
87	1.000000000000000e+00	12
88	1.000000000000000e+00	10
89	1.000000000000000e+00	16
90	1.000000000000000e+00	26
91	1.000000000000000e+00	2
92	1.000000000000000e+00	24
93	1.000000000000000e+00	56
94	1.000000000000000e+00	14
95	1.000000000000000e+00	30
96	1.000000000000000e+00	26
97	1.000000000000000e+00	4
98	1.000000000000000e+00	10
99	1.000000000000000e+00	12
100	1.000000000000000e+00	16
101	1.000000000000000e+00	18
102	1.000000000000000e+00	4
103	1.000000000000000e+00	8
104	1.000000000000000e+00	18
105	1.000000000000000e+00	14
106	1.000000000000000e+00	14
107	1.000000000000000e+00	6
108	1.000000000000000e+00	48
109	1.000000000000000e+00	6
110	1.000000000000000e+00	6
111	1.000000000000000e+00	8
112	1.000000000000000e+00	12
113	1.000000000000000e+00	14
114	1.000000000000000e+00	4
115	1.000000000000000e+00	10
116	1.000000000000000e+00	10
117	1.000000000000000e+00	8
118	1.000000000000000e+00	6
119	1.000000000000000e+00	4
120	1.000000000000000e+00	12
121	1.000000000000000e+00	6
122	1.000000000000000e+00	14
123	1.000000000000000e+00	8
124	1.000000000000000e+00	28
125	1.000000000000000e+00	14
126	1.000000000000000e+00	22
127	1.000000000000000e+00	14
128	1.000000000000000e+00	2
129	1.000000000000000e+00	18
130	1.000000000000000e+00	8
131	1.000000000000000e+00	6
132	1.000000000000000e+00	14
133	1.000000000000000e+00	10
134	1.000000000000000e+00	18
135	1.000000000000000e+00	24
136	1.000000000000000e+00	2
137	1.000000000000000e+00	20
138	1.000000000000000e+00	16
139	1.000000000000000e+00	20
140	1.000000000000000e+00	10
141	1.000000000000000e+00	14
142	1.000000000000000e+00	6
143	1.000000000000000e+00	22
144	1.000000000000000e+00	20
145	1.000000000000000e+00	52
146	1.000000000000000e+00	8
147	1.000000000000000e+00	12
148	1.000000000000000e+00	4
149	1.000000000000000e+00	6
150	1.000000000000000e+00	12
151	1.000000000000000e+00	22
152	1.000000000000000e+00	2
153	1.000000000000000e+00	38
154	1.000000000000000e+00	10
155	1.000000000000000e+00	10
156	1.000000000000000e+00	16
157	1.000000000000000e+00	18
158	1.000000000000000e+00	14
159	1.000000000000000e+00	4
160	1.000000000000000e+00	6
161	1.000000000000000e+00	52
162	1.000000000000000e+00	18
163	1.000000000000000e+00	14
164	1.000000000000000e+00	14
165	1.000000000000000e+00	12
166	1.000000000000000e+00	10
167	1.000000000000000e+00	2
168	1.000000000000000e+00	4
169	1.000000000000000e+00	4
170	1.000000000000000e+00	14
171	1.000000000000000e+00	2
172	1.000000000000000e+00	8
173	1.000000000000000e+00	12
174	1.000000000000000e+00	4
175	1.000000000000000e+00	6
176	1.000000000000000e+00	12
177	1.000000000000000e+00	2
178	1.000000000000000e+00	4
179	1.000000000000000e+00	6
180	1.000000000000000e+00	26
181	1.000000000000000e+00	10
182	1.000000000000000e+00	20
183	1.000000000000000e+00	18
184	1.000000000000000e+00	4
185	1.000000000000000e+00	6
186	1.000000000000000e+00	10
187	1.000000000000000e+00	24
188	1.000000000000000e+00	34
189	1.000000000000000e+00	20
190	1.000000000000000e+00	10
191	1.000000000000000e+00	4
192	1.000000000000000e+00	12
193	1.000000000000000e+00	18
194	1.000000000000000e+00	2
195	1.000000000000000e+00	34
196	1.000000000000000e+00	28
197	1.000000000000000e+00	6
198	1.000000000000000e+00	8
199	1.000000000000000e+00	26
200	1.000000000000000e+00	2
201	1.000000000000000e+00	12
202	1.000000000000000e+00	8
203	1.000000000000000e+00	36
204	1.000000000000000e+00	2
205	1.000000000000000e+00	8
206	1.000000000000000e+00	10
207	1.000000000000000e+00	14
208	1.000000000000000e+00	4
209	1.000000000000000e+00	4
210	1.000000000000000e+00	8
211	1.000000000000000e+00	2
212	1.000000000000000e+00	6
213	1.000000000000000e+00	12
214	1.000000000000000e+00	22
215	1.000000000000000e+00	24
216	1.000000000000000e+00	28
217	1.000000000000000e+00	46
218	1.000000000000000e+00	10
219	1.000000000000000e+00	14
220	1.000000000000000e+00	12
221	1.000000000000000e+00	8
222	1.000000000000000e+00	10
223	1.000000000000000e+00	12
224	1.000000000000000e+00	6
225	1.000000000000000e+00	18
226	1.000000000000000e+00	36
227	1.000000000000000e+00	4
228	1.000000000000000e+00	2
229	1.000000000000000e+00	24
230	1.000000000000000e+00	6
231	1.000000000000000e+00	8
232	1.000000000000000e+00	16
233	1.000000000000000e+00	28
234	1.000000000000000e+00	8
235	1.000000000000000e+00	12
236	1.000000000000000e+00	18
237	1.000000000000000e+00	16
238	1.000000000000000e+00	6
239	1.000000000000000e+00	18
240	1.000000000000000e+00	18
241	1.000000000000000e+00	22
242	1.000000000000000e+00	14
243	1.000000000000000e+00	18
244	1.000000000000000e+00	2
245	1.000000000000000e+00	24
246	1.000000000000000e+00	14
247	1.000000000000000e+00	30
248	1.000000000000000e+00	6
249	1.000000000000000e+00	2
250	1.000000000000000e+00	8
251	1.000000000000000e+00	16
252	1.000000000000000e+00	8
253	1.000000000000000e+00	32
254	1.000000000000000e+00	14
255	1.000000000000000e+00	2
256	1.000000000000000e+00	8
257	1.000000000000000e+00	10
258	1.000000000000000e+00	20
259	1.000000000000000e+00	16
260	1.000000000000000e+00	20
261	1.000000000000000e+00	12
262	1.000000000000000e+00	14
263	1.000000000000000e+00	6
264	1.000000000000000e+00	28
265	1.000000000000000e+00	6
266	1.000000000000000e+00	10
267	1.000000000000000e+00	26
268	1.000000000000000e+00	26
269	1.000000000000000e+00	12
270	1.000000000000000e+00	28
271	1.000000000000000e+00	30
272	1.000000000000000e+00	2
273	1.000000000000000e+00	10
274	1.000000000000000e+00	20
275	1.000000000000000e+00	4
276	1.000000000000000e+00	30
277	1.000000000000000e+00	6
278	1.000000000000000e+00	18
279	1.000000000000000e+00	6
280	1.000000000000000e+00	24
281	1.000000000000000e+00	14
282	1.000000000000000e+00	6
283	1.000000000000000e+00	8
284	1.000000000000000e+00	4
285	1.000000000000000e+00	6
286	1.000000000000000e+00	2
287	1.000000000000000e+00	16
288	1.000000000000000e+00	6
289	1.000000000000000e+00	4
290	1.000000000000000e+00	14
291	1.000000000000000e+00	10
292	1.000000000000000e+00	12
293	1.000000000000000e+00	10
294	1.000000000000000e+00	18
295	1.000000000000000e+00	24
296	1.000000000000000e+00	36
297	1.000000000000000e+00	12
298	1.000000000000000e+00	2
299	1.000000000000000e+00	4
300	1.000000000000000e+00	2
301	1.000000000000000e+00	18
302	1.000000000000000e+00	12
303	1.000000000000000e+00	2
304	1.000000000000000e+00	32
305	1.000000000000000e+00	2
306	1.000000000000000e+00	6
307	1.000000000000000e+00	6
308	1.000000000000000e+00	6
309	1.000000000000000e+00	2
310	1.000000000000000e+00	34
311	1.000000000000000e+00	4
312	1.000000000000000e+00	16
313	1.000000000000000e+00	2
314	1.000000000000000e+00	6
315	1.000000000000000e+00	20
316	1.000000000000000e+00	36
317	1.000000000000000e+00	16
318	1.000000000000000e+00	20
319	1.000000000000000e+00	6
320	1.000000000000000e+00	8
321	1.000000000000000e+00	10
322	1.000000000000000e+00	4
323	1.000000000000000e+00	2
324	1.000000000000000e+00	20
325	1.000000000000000e+00	10
326	1.000000000000000e+00	6
327	1.000000000000000e+00	2
328	1.000000000000000e+00	10
329	1.000000000000000e+00	20
330	1.000000000000000e+00	26
331	1.000000000000000e+00	6
332	1.000000000000000e+00	6
333	1.000000000000000e+00	10
334	1.000000000000000e+00	24
335	1.000000000000000e+00	12
336	1.000000000000000e+00	18
337	1.000000000000000e+00	4
338	1.000000000000000e+00	52
339	1.000000000000000e+00	4
340	1.000000000000000e+00	4
341	1.000000000000000e+00	22
342	1.000000000000000e+00	2
343	1.000000000000000e+00	12
344	1.000000000000000e+00	6
345	1.000000000000000e+00	16
346	1.000000000000000e+00	10
347	1.000000000000000e+00	2
348	1.000000000000000e+00	6
349	1.000000000000000e+00	40
350	1.000000000000000e+00	2
351	1.000000000000000e+00	4
352	9.500011685998231e-01	236
353	9.000096708355966e-01	302
354	8.499958098530025e-01	206
355	8.000043578148125e-01	286
356	7.500177784979655e-01	322
357	7.000167291989067e-01	320
358	6.500160496331346e-01	326
359	6.000095171153901e-01	302
360	5.499988440054373e-01	324
361	5.000063496912844e-01	242
362	5.000143763924622e-01	290
363	5.250206930617883e-01	162
364	5.500205426868280e-01	318
365	5.750251109767160e-01	236
366	6.000197985123079e-01	330
367	6.250252847676351e-01	290
368	6.500261522977744e-01	230
369	6.750358817013529e-01	322
370	7.000236475444337e-01	308
371	7.250341385437270e-01	294
372	7.500480368322368e-01	220
373	8.000635929582048e-01	300
374	8.500603086718829e-01	248
375	9.000634411364089e-01	294
376	9.500628607391854e-01	244
377	1.000000000000000e+00	1000
378	1.000000000000000e+00	26
379	1.000000000000000e+00	18
380	1.000000000000000e+00	2
381	1.000000000000000e+00	24
382	1.000000000000000e+00	18
383	1.000000000000000e+00	10
384	1.000000000000000e+00	4
385	1.000000000000000e+00	12
386	1.000000000000000e+00	2
387	1.000000000000000e+00	16
388	1.000000000000000e+00	18
389	1.000000000000000e+00	16
390	1.000000000000000e+00	2
391	1.000000000000000e+00	10
392	1.000000000000000e+00	14
393	1.000000000000000e+00	18
394	1.000000000000000e+00	62
395	1.000000000000000e+00	4
396	1.000000000000000e+00	6
397	1.000000000000000e+00	12
398	1.000000000000000e+00	36
399	1.000000000000000e+00	8
400	1.000000000000000e+00	6
401	1.000000000000000e+00	2
402	1.000000000000000e+00	6
403	1.000000000000000e+00	4
404	1.000000000000000e+00	6
405	1.000000000000000e+00	28
406	1.000000000000000e+00	4
407	1.000000000000000e+00	16
408	1.000000000000000e+00	4
409	1.000000000000000e+00	10
410	1.000000000000000e+00	18
411	1.000000000000000e+00	16
412	1.000000000000000e+00	4
413	1.000000000000000e+00	2
414	1.000000000000000e+00	6
415	1.000000000000000e+00	2
416	1.000000000000000e+00	10
417	1.000000000000000e+00	20
418	1.000000000000000e+00	6
419	1.000000000000000e+00	6
420	1.000000000000000e+00	8
421	1.000000000000000e+00	4
422	1.000000000000000e+00	6
423	1.000000000000000e+00	2
424	1.000000000000000e+00	6
425	1.000000000000000e+00	4
426	1.000000000000000e+00	24
427	1.000000000000000e+00	8
428	1.000000000000000e+00	24
429	1.000000000000000e+00	2
430	1.000000000000000e+00	38
431	1.000000000000000e+00	20
432	1.000000000000000e+00	4
433	1.000000000000000e+00	8
434	1.000000000000000e+00	4
435	1.000000000000000e+00	6
436	1.000000000000000e+00	8
437	1.000000000000000e+00	6
438	1.000000000000000e+00	10
439	1.000000000000000e+00	26
440	1.000000000000000e+00	6
441	1.000000000000000e+00	10
442	1.000000000000000e+00	4
443	1.000000000000000e+00	2
444	1.000000000000000e+00	4
445	1.000000000000000e+00	12
446	1.000000000000000e+00	6
447	1.000000000000000e+00	14
448	1.000000000000000e+00	16
449	1.000000000000000e+00	42
450	1.000000000000000e+00	8
451	1.000000000000000e+00	12
452	1.000000000000000e+00	6
453	1.000000000000000e+00	30
454	1.000000000000000e+00	16
455	1.000000000000000e+00	16
456	1.000000000000000e+00	4
457	1.000000000000000e+00	8
458	1.000000000000000e+00	2
459	1.000000000000000e+00	16
460	1.000000000000000e+00	22
461	1.000000000000000e+00	4
462	1.000000000000000e+00	10
463	1.000000000000000e+00	14
464	1.000000000000000e+00	6
465	1.000000000000000e+00	18
466	1.000000000000000e+00	14
467	1.000000000000000e+00	6
468	1.000000000000000e+00	44
469	1.000000000000000e+00	22
470	1.000000000000000e+00	22
471	1.000000000000000e+00	2
472	1.000000000000000e+00	14
473	1.000000000000000e+00	2
474	1.000000000000000e+00	20
475	1.000000000000000e+00	12
476	1.000000000000000e+00	10
477	1.000000000000000e+00	26
478	1.000000000000000e+00	4
479	1.000000000000000e+00	8
480	1.000000000000000e+00	20
481	1.000000000000000e+00	2
482	1.000000000000000e+00	8
483	1.000000000000000e+00	22
484	1.000000000000000e+00	6
485	1.000000000000000e+00	18
486	1.000000000000000e+00	2
487	1.000000000000000e+00	18
488	1.000000000000000e+00	6
489	1.000000000000000e+00	26
490	1.000000000000000e+00	2
491	1.000000000000000e+00	20
492	1.000000000000000e+00	22
493	1.000000000000000e+00	2
494	1.000000000000000e+00	8
495	1.000000000000000e+00	42
496	1.000000000000000e+00	14
497	1.000000000000000e+00	10
498	1.000000000000000e+00	20
499	1.000000000000000e+00	6
500	1.000000000000000e+00	6
501	1.000000000000000e+00	32
502	1.000000000000000e+00	8
503	1.000000000000000e+00	34
504	1.000000000000000e+00	6
505	1.000000000000000e+00	4
506	1.000000000000000e+00	6
507	1.000000000000000e+00	2
508	1.000000000000000e+00	6
509	1.000000000000000e+00	18
510	1.000000000000000e+00	12
511	1.000000000000000e+00	10
512	1.000000000000000e+00	12
513	1.000000000000000e+00	14
514	1.000000000000000e+00	20
515	1.000000000000000e+00	16
516	1.000000000000000e+00	10
517	1.000000000000000e+00	16
518	1.000000000000000e+00	6
519	1.000000000000000e+00	16
520	1.000000000000000e+00	28
521	1.000000000000000e+00	8
522	1.000000000000000e+00	4
523	1.000000000000000e+00	6
524	1.000000000000000e+00	26
525	1.000000000000000e+00	18
526	1.000000000000000e+00	4
527	1.000000000000000e+00	6
528	1.000000000000000e+00	4
529	1.000000000000000e+00	14
530	1.000000000000000e+00	16
531	1.000000000000000e+00	4
532	1.000000000000000e+00	6
533	1.000000000000000e+00	10
534	1.000000000000000e+00	2
535	1.000000000000000e+00	4
536	1.000000000000000e+00	14
537	1.000000000000000e+00	4
538	1.000000000000000e+00	4
539	1.000000000000000e+00	2
540	1.000000000000000e+00	8
541	1.000000000000000e+00	4
542	1.000000000000000e+00	12
543	1.000000000000000e+00	8
544	1.000000000000000e+00	14
545	1.000000000000000e+00	8
546	1.000000000000000e+00	6
547	1.000000000000000e+00	2
548	1.000000000000000e+00	10
549	1.000000000000000e+00	18
550	1.000000000000000e+00	6
551	1.000000000000000e+00	20
552	1.000000000000000e+00	8
553	1.000000000000000e+00	6
554	1.000000000000000e+00	8
555	1.000000000000000e+00	10
556	1.000000000000000e+00	8
557	1.000000000000000e+00	4
558	1.000000000000000e+00	8
559	1.000000000000000e+00	26
560	1.000000000000000e+00	16
561	1.000000000000000e+00	28
562	1.000000000000000e+00	12
563	1.000000000000000e+00	14
564	1.000000000000000e+00	12
565	1.000000000000000e+00	2
566	1.000000000000000e+00	8
567	1.000000000000000e+00	2
568	1.000000000000000e+00	28
569	1.000000000000000e+00	32
570	1.000000000000000e+00	4
571	1.000000000000000e+00	28
572	1.000000000000000e+00	2
573	1.000000000000000e+00	4
574	1.000000000000000e+00	6
575	1.000000000000000e+00	8
576	1.000000000000000e+00	4
577	1.000000000000000e+00	4
578	1.000000000000000e+00	4
579	1.000000000000000e+00	28
580	1.000000000000000e+00	24
581	1.000000000000000e+00	4
582	1.000000000000000e+00	2
583	1.000000000000000e+00	14
584	1.000000000000000e+00	4
585	1.000000000000000e+00	24
586	1.000000000000000e+00	10
587	1.000000000000000e+00	2
588	1.000000000000000e+00	16
589	1.000000000000000e+00	24
590	1.000000000000000e+00	18
591	1.000000000000000e+00	10
592	1.000000000000000e+00	8
593	1.000000000000000e+00	6
594	1.000000000000000e+00	8
595	1.000000000000000e+00	34
596	1.000000000000000e+00	10
597	1.000000000000000e+00	20
598	1.000000000000000e+00	22
599	1.000000000000000e+00	24
600	1.000000000000000e+00	22
601	1.000000000000000e+00	26
602	1.000000000000000e+00	2
603	1.000000000000000e+00	8
604	1.000000000000000e+00	6
605	1.000000000000000e+00	2
606	1.000000000000000e+00	12
607	1.000000000000000e+00	66
608	1.000000000000000e+00	10
609	1.000000000000000e+00	16
610	1.000000000000000e+00	8
611	1.000000000000000e+00	8
612	1.000000000000000e+00	16
613	1.000000000000000e+00	12
614	1.000000000000000e+00	16
615	1.000000000000000e+00	22
616	1.000000000000000e+00	2
617	1.000000000000000e+00	4
618	1.000000000000000e+00	26
619	1.000000000000000e+00	30
620	1.000000000000000e+00	2
621	1.000000000000000e+00	12
622	1.000000000000000e+00	6
623	1.000000000000000e+00	8
624	1.000000000000000e+00	12
625	1.000000000000000e+00	2
626	1.000000000000000e+00	2
627	1.000000000000000e+00	8
628	1.000000000000000e+00	12
629	1.000000000000000e+00	18
630	1.000000000000000e+00	10
631	1.000000000000000e+00	20
632	1.000000000000000e+00	2
633	1.000000000000000e+00	6
634	1.000000000000000e+00	10
635	1.000000000000000e+00	2
636	1.000000000000000e+00	18
637	1.000000000000000e+00	10
638	1.000000000000000e+00	32
639	1.000000000000000e+00	12
640	1.000000000000000e+00	20
641	1.000000000000000e+00	20
642	1.000000000000000e+00	8
643	1.000000000000000e+00	12
644	1.000000000000000e+00	18
645	1.000000000000000e+00	16
646	1.000000000000000e+00	12
647	1.000000000000000e+00	2
648	1.000000000000000e+00	2
649	1.000000000000000e+00	6
650	1.000000000000000e+00	2
651	9.704093450379386e-01	292
652	9.374239024895489e-01	294
653	9.056111907983511e-01	272
654	8.749936390374456e-01	268
655	8.456037217275830e-01	26
656	8.173959486841469e-01	296
657	7.904065434227170e-01	330
658	7.645999435529984e-01	298
659	7.400035183313658e-01	244
660	7.166053617268632e-01	304
661	6.944012064808999e-01	292
662	6.733888228921993e-01	262
663	6.535871286064454e-01	296
664	6.349849951252682e-01	324
665	6.175764917516025e-01	246
666	6.013866737665539e-01	278
667	5.863759112280140e-01	280
668	5.725874258018587e-01	308
669	5.599840072928394e-01	336
670	5.485831661316884e-01	246
671	5.383864528048730e-01	314
672	5.293866963780922e-01	236
673	5.215817737104957e-01	278
674	5.149760353296343e-01	306
675	5.095733797719052e-01	260
676	5.053833331519726e-01	306
677	5.023925076501528e-01	334
678	5.005867420856844e-01	306
679	4.999828914768139e-01	322
680	5.005811737529157e-01	286
681	5.023791440866872e-01	290
682	5.053866316991651e-01	316
683	5.095769529661329e-01	268
684	5.149860694678677e-01	296
685	5.215916445563181e-01	326
686	5.293834530430434e-01	262
687	5.383786186146885e-01	292
688	5.485870962984304e-01	380
689	5.599886678759083e-01	282
690	5.725930001058641e-01	270
691	5.864018388114931e-01	274
692	6.014038175318518e-01	236
693	6.175965766773192e-01	296
694	6.349925510406833e-01	284
695	6.535913551860852e-01	284
696	6.734007053537870e-01	356
697	6.944063245309523e-01	292
698	7.166172638199874e-01	320
699	7.400079308403182e-01	220
700	7.646191702010700e-01	312
701	7.904322965543971e-01	328
702	8.174485075243260e-01	268
703	8.456473948603009e-01	216
704	8.750563388335213e-01	202
705	9.056426454538723e-01	280
706	9.374405411550392e-01	308
707	1.000000000000000e+00	1000
708	1.000000000000000e+00	22
709	1.000000000000000e+00	10
710	1.000000000000000e+00	2
711	1.000000000000000e+00	4
712	1.000000000000000e+00	14
713	1.000000000000000e+00	4
714	1.000000000000000e+00	16
715	1.000000000000000e+00	12
716	1.000000000000000e+00	14
717	1.000000000000000e+00	4
718	1.000000000000000e+00	20
719	1.000000000000000e+00	14
720	1.000000000000000e+00	24
721	1.000000000000000e+00	12
722	1.000000000000000e+00	4
723	1.000000000000000e+00	4
724	1.000000000000000e+00	26
725	1.000000000000000e+00	14
726	1.000000000000000e+00	8
727	1.000000000000000e+00	4
728	1.000000000000000e+00	10
729	1.000000000000000e+00	2
730	1.000000000000000e+00	14
731	1.000000000000000e+00	2
732	1.000000000000000e+00	10
733	1.000000000000000e+00	26
734	1.000000000000000e+00	2
735	1.000000000000000e+00	20
736	1.000000000000000e+00	12
737	1.000000000000000e+00	8
738	1.000000000000000e+00	4
739	1.000000000000000e+00	4
740	1.000000000000000e+00	2
741	1.000000000000000e+00	6
742	1.000000000000000e+00	20
743	1.000000000000000e+00	16
744	1.000000000000000e+00	4
745	1.000000000000000e+00	4
746	1.000000000000000e+00	4
747	1.000000000000000e+00	4
748	1.000000000000000e+00	2
749	1.000000000000000e+00	30
750	1.000000000000000e+00	2
751	1.000000000000000e+00	4
752	1.000000000000000e+00	4
753	1.000000000000000e+00	24
754	1.000000000000000e+00	4
755	1.000000000000000e+00	2
756	1.000000000000000e+00	4
757	1.000000000000000e+00	4
758	1.000000000000000e+00	18
759	1.000000000000000e+00	6
760	1.000000000000000e+00	34
761	1.000000000000000e+00	2
762	1.000000000000000e+00	4
763	1.000000000000000e+00	20
764	1.000000000000000e+00	18
765	1.000000000000000e+00	14
766	1.000000000000000e+00	8
767	1.000000000000000e+00	30
768	1.000000000000000e+00	34
769	1.000000000000000e+00	38
770	1.000000000000000e+00	4
771	1.000000000000000e+00	36
772	1.000000000000000e+00	24
773	1.000000000000000e+00	20
774	1.000000000000000e+00	30
775	1.000000000000000e+00	4
776	1.000000000000000e+00	14
777	1.000000000000000e+00	14
778	1.000000000000000e+00	8
779	1.000000000000000e+00	6
780	1.000000000000000e+00	24
781	1.000000000000000e+00	2
782	1.000000000000000e+00	4
783	1.000000000000000e+00	20
784	1.000000000000000e+00	4
785	1.000000000000000e+00	10
786	1.000000000000000e+00	10
787	1.000000000000000e+00	12
788	1.000000000000000e+00	52
789	1.000000000000000e+00	12
790	1.000000000000000e+00	22
791	1.000000000000000e+00	10
792	1.000000000000000e+00	22
793	1.000000000000000e+00	12
794	1.000000000000000e+00	22
795	1.000000000000000e+00	2
796	1.000000000000000e+00	22
797	1.000000000000000e+00	10
798	1.000000000000000e+00	4
799	1.000000000000000e+00	2
800	1.000000000000000e+00	6
801	1.000000000000000e+00	8
802	1.000000000000000e+00	6
803	1.000000000000000e+00	6
804	1.000000000000000e+00	20
805	1.000000000000000e+00	18
806	1.000000000000000e+00	10
807	1.000000000000000e+00	14
808	1.000000000000000e+00	10
809	1.000000000000000e+00	28
810	1.000000000000000e+00	2
811	1.000000000000000e+00	10
812	1.000000000000000e+00	14
813	1.000000000000000e+00	16
814	1.000000000000000e+00	8
815	1.000000000000000e+00	40
816	1.000000000000000e+00	26
817	1.000000000000000e+00	20
818	1.000000000000000e+00	10
819	1.000000000000000e+00	2
820	1.000000000000000e+00	8
821	1.000000000000000e+00	36
822	1.000000000000000e+00	16
823	1.000000000000000e+00	4
824	1.000000000000000e+00	28
825	1.000000000000000e+00	4
826	1.000000000000000e+00	2
827	1.000000000000000e+00	28
828	1.000000000000000e+00	34
829	1.000000000000000e+00	16
830	1.000000000000000e+00	4
831	1.000000000000000e+00	16
832	1.000000000000000e+00	2
833	1.000000000000000e+00	12
834	1.000000000000000e+00	8
835	1.000000000000000e+00	8
836	1.000000000000000e+00	10
837	1.000000000000000e+00	12
838	1.000000000000000e+00	30
839	1.000000000000000e+00	18
840	1.000000000000000e+00	10
841	1.000000000000000e+00	16
842	1.000000000000000e+00	18
843	1.000000000000000e+00	24
844	1.000000000000000e+00	10
845	1.000000000000000e+00	20
846	1.000000000000000e+00	36
847	1.000000000000000e+00	10
848	1.000000000000000e+00	18
849	1.000000000000000e+00	8
850	1.000000000000000e+00	8
851	1.000000000000000e+00	8
852	1.000000000000000e+00	2
853	1.000000000000000e+00	22
854	1.000000000000000e+00	42
855	1.000000000000000e+00	14
856	1.000000000000000e+00	12
857	1.000000000000000e+00	10
858	1.000000000000000e+00	12
859	1.000000000000000e+00	12
860	1.000000000000000e+00	8
861	1.000000000000000e+00	2
862	1.000000000000000e+00	10
863	1.000000000000000e+00	2
864	1.000000000000000e+00	16
865	1.000000000000000e+00	4
866	1.000000000000000e+00	14
867	1.000000000000000e+00	2
868	1.000000000000000e+00	18
869	1.000000000000000e+00	6
870	1.000000000000000e+00	12
871	1.000000000000000e+00	10
872	1.000000000000000e+00	4
873	1.000000000000000e+00	12
874	1.000000000000000e+00	4
875	1.000000000000000e+00	10
876	1.000000000000000e+00	6
877	1.000000000000000e+00	4
878	1.000000000000000e+00	2
879	1.000000000000000e+00	4
880	1.000000000000000e+00	8
881	1.000000000000000e+00	2
882	1.000000000000000e+00	16
883	1.000000000000000e+00	42
884	1.000000000000000e+00	14
885	1.000000000000000e+00	8
886	1.000000000000000e+00	2
887	1.000000000000000e+00	20
888	1.000000000000000e+00	2
889	1.000000000000000e+00	20
890	1.000000000000000e+00	20
891	1.000000000000000e+00	36
892	1.000000000000000e+00	36
893	1.000000000000000e+00	20
894	1.000000000000000e+00	12
895	1.000000000000000e+00	20
896	1.000000000000000e+00	16
897	1.000000000000000e+00	12
898	1.000000000000000e+00	2
899	1.000000000000000e+00	62
900	1.000000000000000e+00	14
901	1.000000000000000e+00	18
902	1.000000000000000e+00	6
903	1.000000000000000e+00	12
904	1.000000000000000e+00	20
905	1.000000000000000e+00	8
906	1.000000000000000e+00	18
907	1.000000000000000e+00	6
908	1.000000000000000e+00	12
909	1.000000000000000e+00	4
910	1.000000000000000e+00	2
911	1.000000000000000e+00	30
912	1.000000000000000e+00	32
913	1.000000000000000e+00	10
914	1.000000000000000e+00	16
915	1.000000000000000e+00	14
916	1.000000000000000e+00	14
917	1.000000000000000e+00	4
918	1.000000000000000e+00	32
919	1.000000000000000e+00	6
920	1.000000000000000e+00	8
921	1.000000000000000e+00	16
922	1.000000000000000e+00	8
923	1.000000000000000e+00	14
924	1.000000000000000e+00	10
925	1.000000000000000e+00	2
926	1.000000000000000e+00	8
927	1.000000000000000e+00	6
928	1.000000000000000e+00	22
929	1.000000000000000e+00	16
930	1.000000000000000e+00	6
931	1.000000000000000e+00	6
932	1.000000000000000e+00	8
933	1.000000000000000e+00	4
934	1.000000000000000e+00	30
935	1.000000000000000e+00	4
936	1.000000000000000e+00	16
937	1.000000000000000e+00	4
938	1.000000000000000e+00	6
939	1.000000000000000e+00	4
940	1.000000000000000e+00	20
941	1.000000000000000e+00	14
942	1.000000000000000e+00	18
943	1.000000000000000e+00	14
944	1.000000000000000e+00	2
945	1.000000000000000e+00	4
946	1.000000000000000e+00	12
947	1.000000000000000e+00	14
948	1.000000000000000e+00	2
949	1.000000000000000e+00	4
950	1.000000000000000e+00	6
951	1.000000000000000e+00	60
952	1.000000000000000e+00	2
953	1.000000000000000e+00	12
954	1.000000000000000e+00	6
955	1.000000000000000e+00	2
956	1.000000000000000e+00	16
957	1.000000000000000e+00	2
958	1.000000000000000e+00	8
959	1.000000000000000e+00	14
960	1.000000000000000e+00	10
961	1.000000000000000e+00	12
962	1.000000000000000e+00	22
963	1.000000000000000e+00	20
964	1.000000000000000e+00	2
965	1.000000000000000e+00	20
966	1.000000000000000e+00	24
967	1.000000000000000e+00	8
968	1.000000000000000e+00	4
969	1.000000000000000e+00	16
970	1.000000000000000e+00	10
971	1.000000000000000e+00	2
972	1.000000000000000e+00	6
973	1.000000000000000e+00	22
974	1.000000000000000e+00	8
975	1.000000000000000e+00	6
976	1.000000000000000e+00	12
977	1.000000000000000e+00	24
978	1.000000000000000e+00	6
979	1.000000000000000e+00	8
980	1.000000000000000e+00	16
981	1.000000000000000e+00	22
982	1.000000000000000e+00	26
983	1.000000000000000e+00	6
984	1.000000000000000e+00	2
985	1.000000000000000e+00	16
986	1.000000000000000e+00	30
987	1.000000000000000e+00	18
988	1.000000000000000e+00	2
989	1.000000000000000e+00	22
990	1.000000000000000e+00	6
991	1.000000000000000e+00	10
992	1.000000000000000e+00	16
993	1.000000000000000e+00	14
994	1.000000000000000e+00	6
995	1.000000000000000e+00	4
996	1.000000000000000e+00	20
997	1.000000000000000e+00	50
998	1.000000000000000e+00	18
999	1.000000000000000e+00	24
1000	1.000000000000000e+00	4


Tempo gasto: 13.885916
