Método usado: LUUS JAAKOLA

POSIÇÃO	ÁREA(mm²)	CUSTO

1	1.000000000000000e+00	22
2	1.000000000000000e+00	10
3	1.000000000000000e+00	16
4	1.000000000000000e+00	16
5	1.000000000000000e+00	6
6	1.000000000000000e+00	14
7	1.000000000000000e+00	10
8	1.000000000000000e+00	4
9	1.000000000000000e+00	22
10	1.000000000000000e+00	12
11	1.000000000000000e+00	6
12	1.000000000000000e+00	20
13	1.000000000000000e+00	12
14	1.000000000000000e+00	2
15	1.000000000000000e+00	36
16	1.000000000000000e+00	18
17	1.000000000000000e+00	4
18	1.000000000000000e+00	8
19	1.000000000000000e+00	6
20	1.000000000000000e+00	6
21	1.000000000000000e+00	14
22	1.000000000000000e+00	2
23	1.000000000000000e+00	20
24	1.000000000000000e+00	24
25	1.000000000000000e+00	4
26	1.000000000000000e+00	4
27	1.000000000000000e+00	4
28	1.000000000000000e+00	2
29	1.000000000000000e+00	14
30	1.000000000000000e+00	12
31	1.000000000000000e+00	18
32	1.000000000000000e+00	8
33	1.000000000000000e+00	16
34	1.000000000000000e+00	2
35	1.000000000000000e+00	14
36	1.000000000000000e+00	6
37	1.000000000000000e+00	30
38	1.000000000000000e+00	14
39	1.000000000000000e+00	10
40	1.000000000000000e+00	2
41	1.000000000000000e+00	34
42	1.000000000000000e+00	10
43	1.000000000000000e+00	2
44	1.000000000000000e+00	4
45	1.000000000000000e+00	6
46	1.000000000000000e+00	4
47	1.000000000000000e+00	14
48	1.000000000000000e+00	4
49	1.000000000000000e+00	12
50	1.000000000000000e+00	26
51	1.000000000000000e+00	10
52	1.000000000000000e+00	14
53	1.000000000000000e+00	4
54	1.000000000000000e+00	14
55	1.000000000000000e+00	16
56	1.000000000000000e+00	14
57	1.000000000000000e+00	2
58	1.000000000000000e+00	8
59	1.000000000000000e+00	18
60	1.000000000000000e+00	16
61	1.000000000000000e+00	10
62	1.000000000000000e+00	2
63	1.000000000000000e+00	2
64	1.000000000000000e+00	6
65	1.000000000000000e+00	18
66	1.000000000000000e+00	4
67	1.000000000000000e+00	20
68	1.000000000000000e+00	4
69	1.000000000000000e+00	4
70	1.000000000000000e+00	6
71	1.000000000000000e+00	4
72	1.000000000000000e+00	12
73	1.000000000000000e+00	18
74	1.000000000000000e+00	4
75	1.000000000000000e+00	16
76	1.000000000000000e+00	8
77	1.000000000000000e+00	20
78	1.000000000000000e+00	26
79	1.000000000000000e+00	2
80	1.000000000000000e+00	20
81	1.000000000000000e+00	6
82	1.000000000000000e+00	18
83	1.000000000000000e+00	2
84	1.000000000000000e+00	6
85	1.000000000000000e+00	2
86	1.000000000000000e+00	2
87	1.000000000000000e+00	12
88	1.000000000000000e+00	4
89	1.000000000000000e+00	12
90	1.000000000000000e+00	4
91	1.000000000000000e+00	4
92	1.000000000000000e+00	2
93	1.000000000000000e+00	2
94	1.000000000000000e+00	2
95	1.000000000000000e+00	4
96	1.000000000000000e+00	10
97	1.000000000000000e+00	4
98	1.000000000000000e+00	14
99	1.000000000000000e+00	32
100	1.000000000000000e+00	10
101	1.000000000000000e+00	10
102	1.000000000000000e+00	4
103	1.000000000000000e+00	8
104	1.000000000000000e+00	6
105	1.000000000000000e+00	12
106	1.000000000000000e+00	12
107	1.000000000000000e+00	6
108	1.000000000000000e+00	4
109	1.000000000000000e+00	18
110	1.000000000000000e+00	8
111	1.000000000000000e+00	6
112	1.000000000000000e+00	8
113	1.000000000000000e+00	10
114	1.000000000000000e+00	26
115	1.000000000000000e+00	2
116	1.000000000000000e+00	24
117	1.000000000000000e+00	2
118	1.000000000000000e+00	6
119	1.000000000000000e+00	12
120	1.000000000000000e+00	4
121	1.000000000000000e+00	8
122	1.000000000000000e+00	6
123	1.000000000000000e+00	24
124	1.000000000000000e+00	12
125	1.000000000000000e+00	26
126	1.000000000000000e+00	14
127	1.000000000000000e+00	18
128	1.000000000000000e+00	10
129	1.000000000000000e+00	8
130	1.000000000000000e+00	18
131	1.000000000000000e+00	16
132	1.000000000000000e+00	8
133	1.000000000000000e+00	2
134	1.000000000000000e+00	24
135	1.000000000000000e+00	28
136	1.000000000000000e+00	4
137	1.000000000000000e+00	4
138	1.000000000000000e+00	6
139	1.000000000000000e+00	22
140	1.000000000000000e+00	26
141	1.000000000000000e+00	24
142	1.000000000000000e+00	10
143	1.000000000000000e+00	2
144	1.000000000000000e+00	22
145	1.000000000000000e+00	18
146	1.000000000000000e+00	2
147	1.000000000000000e+00	4
148	1.000000000000000e+00	10
149	1.000000000000000e+00	6
150	1.000000000000000e+00	20
151	1.000000000000000e+00	4
152	1.000000000000000e+00	14
153	1.000000000000000e+00	10
154	1.000000000000000e+00	6
155	1.000000000000000e+00	10
156	1.000000000000000e+00	10
157	1.000000000000000e+00	4
158	1.000000000000000e+00	8
159	1.000000000000000e+00	38
160	1.000000000000000e+00	8
161	1.000000000000000e+00	16
162	1.000000000000000e+00	22
163	1.000000000000000e+00	2
164	1.000000000000000e+00	4
165	1.000000000000000e+00	24
166	1.000000000000000e+00	4
167	1.000000000000000e+00	12
168	1.000000000000000e+00	2
169	1.000000000000000e+00	4
170	1.000000000000000e+00	6
171	1.000000000000000e+00	16
172	1.000000000000000e+00	26
173	1.000000000000000e+00	14
174	1.000000000000000e+00	4
175	1.000000000000000e+00	8
176	1.000000000000000e+00	10
177	1.000000000000000e+00	2
178	1.000000000000000e+00	20
179	1.000000000000000e+00	2
180	1.000000000000000e+00	36
181	1.000000000000000e+00	4
182	1.000000000000000e+00	8
183	1.000000000000000e+00	4
184	1.000000000000000e+00	12
185	1.000000000000000e+00	2
186	1.000000000000000e+00	16
187	1.000000000000000e+00	6
188	1.000000000000000e+00	8
189	1.000000000000000e+00	30
190	1.000000000000000e+00	2
191	1.000000000000000e+00	14
192	1.000000000000000e+00	20
193	1.000000000000000e+00	16
194	1.000000000000000e+00	4
195	1.000000000000000e+00	28
196	1.000000000000000e+00	6
197	1.000000000000000e+00	4
198	1.000000000000000e+00	16
199	1.000000000000000e+00	4
200	1.000000000000000e+00	20
201	1.000000000000000e+00	6
202	1.000000000000000e+00	10
203	1.000000000000000e+00	6
204	1.000000000000000e+00	4
205	1.000000000000000e+00	8
206	1.000000000000000e+00	8
207	1.000000000000000e+00	18
208	1.000000000000000e+00	4
209	1.000000000000000e+00	14
210	1.000000000000000e+00	26
211	1.000000000000000e+00	26
212	1.000000000000000e+00	12
213	1.000000000000000e+00	16
214	1.000000000000000e+00	4
215	1.000000000000000e+00	18
216	1.000000000000000e+00	44
217	1.000000000000000e+00	36
218	1.000000000000000e+00	16
219	1.000000000000000e+00	12
220	1.000000000000000e+00	6
221	1.000000000000000e+00	4
222	1.000000000000000e+00	24
223	1.000000000000000e+00	6
224	1.000000000000000e+00	10
225	1.000000000000000e+00	14
226	1.000000000000000e+00	6
227	1.000000000000000e+00	2
228	1.000000000000000e+00	12
229	1.000000000000000e+00	10
230	1.000000000000000e+00	12
231	1.000000000000000e+00	30
232	1.000000000000000e+00	8
233	1.000000000000000e+00	10
234	1.000000000000000e+00	38
235	1.000000000000000e+00	38
236	1.000000000000000e+00	2
237	1.000000000000000e+00	20
238	1.000000000000000e+00	4
239	1.000000000000000e+00	8
240	1.000000000000000e+00	18
241	1.000000000000000e+00	10
242	1.000000000000000e+00	4
243	1.000000000000000e+00	8
244	1.000000000000000e+00	2
245	1.000000000000000e+00	4
246	1.000000000000000e+00	14
247	1.000000000000000e+00	18
248	1.000000000000000e+00	6
249	1.000000000000000e+00	20
250	1.000000000000000e+00	12
251	1.000000000000000e+00	14
252	1.000000000000000e+00	26
253	1.000000000000000e+00	10
254	1.000000000000000e+00	8
255	1.000000000000000e+00	12
256	1.000000000000000e+00	12
257	1.000000000000000e+00	12
258	1.000000000000000e+00	6
259	1.000000000000000e+00	10
260	1.000000000000000e+00	2
261	1.000000000000000e+00	14
262	1.000000000000000e+00	6
263	1.000000000000000e+00	12
264	1.000000000000000e+00	2
265	1.000000000000000e+00	8
266	1.000000000000000e+00	16
267	1.000000000000000e+00	8
268	1.000000000000000e+00	16
269	1.000000000000000e+00	4
270	1.000000000000000e+00	6
271	1.000000000000000e+00	6
272	1.000000000000000e+00	6
273	1.000000000000000e+00	28
274	1.000000000000000e+00	16
275	1.000000000000000e+00	16
276	1.000000000000000e+00	28
277	1.000000000000000e+00	18
278	1.000000000000000e+00	18
279	1.000000000000000e+00	18
280	1.000000000000000e+00	6
281	1.000000000000000e+00	4
282	1.000000000000000e+00	18
283	1.000000000000000e+00	2
284	1.000000000000000e+00	8
285	1.000000000000000e+00	24
286	1.000000000000000e+00	20
287	1.000000000000000e+00	12
288	1.000000000000000e+00	32
289	1.000000000000000e+00	8
290	1.000000000000000e+00	34
291	1.000000000000000e+00	10
292	1.000000000000000e+00	22
293	1.000000000000000e+00	2
294	1.000000000000000e+00	26
295	1.000000000000000e+00	28
296	1.000000000000000e+00	10
297	1.000000000000000e+00	14
298	1.000000000000000e+00	10
299	1.000000000000000e+00	4
300	1.000000000000000e+00	20
301	1.000000000000000e+00	22
302	1.000000000000000e+00	24
303	1.000000000000000e+00	46
304	1.000000000000000e+00	20
305	1.000000000000000e+00	34
306	1.000000000000000e+00	2
307	1.000000000000000e+00	18
308	1.000000000000000e+00	16
309	1.000000000000000e+00	16
310	1.000000000000000e+00	6
311	1.000000000000000e+00	6
312	1.000000000000000e+00	22
313	1.000000000000000e+00	2
314	1.000000000000000e+00	2
315	1.000000000000000e+00	6
316	1.000000000000000e+00	4
317	1.000000000000000e+00	10
318	1.000000000000000e+00	12
319	1.000000000000000e+00	14
320	1.000000000000000e+00	4
321	1.000000000000000e+00	14
322	1.000000000000000e+00	8
323	1.000000000000000e+00	12
324	1.000000000000000e+00	10
325	1.000000000000000e+00	36
326	1.000000000000000e+00	6
327	1.000000000000000e+00	4
328	1.000000000000000e+00	8
329	1.000000000000000e+00	10
330	1.000000000000000e+00	20
331	1.000000000000000e+00	2
332	1.000000000000000e+00	4
333	1.000000000000000e+00	8
334	1.000000000000000e+00	2
335	1.000000000000000e+00	60
336	1.000000000000000e+00	12
337	1.000000000000000e+00	14
338	1.000000000000000e+00	2
339	1.000000000000000e+00	18
340	1.000000000000000e+00	26
341	1.000000000000000e+00	10
342	1.000000000000000e+00	2
343	1.000000000000000e+00	10
344	1.000000000000000e+00	2
345	1.000000000000000e+00	8
346	1.000000000000000e+00	14
347	1.000000000000000e+00	2
348	1.000000000000000e+00	10
349	1.000000000000000e+00	20
350	1.000000000000000e+00	38
351	1.000000000000000e+00	14
352	9.499950883448665e-01	244
353	9.000121793193709e-01	262
354	8.500159449895510e-01	260
355	8.000188750798833e-01	260
356	7.500065036069602e-01	302
357	7.000151930105293e-01	278
358	6.500028540873233e-01	320
359	5.999947139027324e-01	344
360	5.499859987885976e-01	298
361	4.999807010180546e-01	216
362	4.999722255204410e-01	342
363	5.249725566235358e-01	144
364	5.499694760635425e-01	274
365	5.749602799893715e-01	254
366	5.999565628863865e-01	328
367	6.249552100846421e-01	298
368	6.499415538120747e-01	312
369	6.749385871152324e-01	274
370	6.999280372747153e-01	168
371	7.249233427031717e-01	272
372	7.499119160349567e-01	280
373	7.999169851388880e-01	110
374	8.498997815111983e-01	320
375	8.998793436910717e-01	268
376	9.498889774959220e-01	228
377	9.998684852220383e-01	120
378	9.998828443981783e-01	290
379	9.998768217517785e-01	214
380	9.998691222444422e-01	256
381	9.998816898232652e-01	304
382	9.998925403365100e-01	210
383	9.999090794360715e-01	172
384	9.999216559741227e-01	338
385	9.999334598595164e-01	314
386	9.999190127512980e-01	314
387	9.999052375749617e-01	278
388	9.999214478685065e-01	214
389	9.999264437510441e-01	276
390	9.999338101962356e-01	274
391	9.999498233390798e-01	290
392	9.999516497990469e-01	222
393	9.999601472309044e-01	246
394	9.999668089363026e-01	336
395	9.999628756525546e-01	272
396	9.999499699171616e-01	264
397	9.999394498011457e-01	248
398	9.999397122361148e-01	258
399	9.999514821538744e-01	274
400	9.999537931347916e-01	260
401	9.999375766186817e-01	154
402	9.999519393926503e-01	144
403	9.999381657090829e-01	192
404	9.999532169995420e-01	300
405	9.999619305823947e-01	242
406	9.999674407539326e-01	282
407	9.999544828656961e-01	242
408	9.999613078695654e-01	160
409	9.999495489430388e-01	312
410	9.999297624766810e-01	222
411	9.999144688563431e-01	8
412	9.999256718791008e-01	122
413	9.999217141450264e-01	212
414	9.999065799046184e-01	276
415	9.999143542972309e-01	290
416	9.999040580831590e-01	222
417	9.999036986231505e-01	206
418	9.999051209688772e-01	272
419	9.998975177114752e-01	290
420	9.999006561975432e-01	236
421	9.998866583907151e-01	290
422	9.998671638781134e-01	232
423	9.998802425096084e-01	284
424	9.998738477719801e-01	240
425	9.998806468043385e-01	246
426	9.998982581277392e-01	212
427	9.998864359357295e-01	254
428	9.998788839559838e-01	242
429	9.998868288408549e-01	330
430	9.998731903362136e-01	210
431	9.998534322905108e-01	262
432	9.998707150461323e-01	296
433	9.998533306621842e-01	298
434	9.998502632061652e-01	310
435	9.998524312081665e-01	334
436	9.998690569446528e-01	204
437	9.998823278002676e-01	236
438	9.998752536890376e-01	314
439	9.998748304203493e-01	182
440	9.998658575943127e-01	230
441	9.998728686200309e-01	296
442	9.998556883198808e-01	290
443	9.998387173945160e-01	286
444	9.998265283560575e-01	222
445	9.998407367274161e-01	206
446	9.998326110638180e-01	268
447	9.998430960772577e-01	308
448	9.998281749959639e-01	228
449	9.998149697001684e-01	294
450	9.998221013599238e-01	256
451	9.998261877851036e-01	266
452	9.998343913574324e-01	298
453	9.998257050540589e-01	300
454	9.998427492383746e-01	274
455	9.998518558337715e-01	210
456	9.998442040659974e-01	274
457	9.998459976072464e-01	236
458	9.998418774993367e-01	238
459	9.998612853424611e-01	216
460	9.998611534199099e-01	294
461	9.998442523432598e-01	82
462	9.998572925994571e-01	258
463	9.998419182510379e-01	284
464	9.998433580968490e-01	316
465	9.998474194867314e-01	314
466	9.998438804586754e-01	258
467	9.998403315618354e-01	156
468	9.998501706290502e-01	318
469	9.998686029894224e-01	266
470	9.998657119219940e-01	326
471	9.998786352568982e-01	302
472	9.998917222156490e-01	252
473	9.998798516254905e-01	284
474	9.998958672552283e-01	276
475	9.999000173897064e-01	302
476	9.999071383102118e-01	278
477	9.998921129690006e-01	256
478	9.998846179780108e-01	236
479	9.998860342430699e-01	268
480	9.998738134263587e-01	252
481	9.998739020925729e-01	300
482	9.998654283499611e-01	268
483	9.998510039595967e-01	282
484	9.998565450336543e-01	276
485	9.998597420917730e-01	256
486	9.998733987482907e-01	256
487	9.998857798158142e-01	246
488	9.998877154279081e-01	302
489	9.998827430463579e-01	264
490	9.998995062261358e-01	268
491	9.998978767979174e-01	308
492	9.998805570480029e-01	240
493	9.998973900281166e-01	268
494	9.999114424330555e-01	228
495	9.999000930552314e-01	142
496	9.998965832109192e-01	280
497	9.999026750099297e-01	98
498	9.999157846601022e-01	232
499	9.999060250063543e-01	306
500	9.999185033593735e-01	286
501	9.999205667762560e-01	104
502	9.999019423071395e-01	256
503	9.999016090050999e-01	322
504	9.999127320571569e-01	326
505	9.999287049416328e-01	194
506	9.999323806318874e-01	300
507	9.999502699479504e-01	226
508	9.999338217040489e-01	284
509	9.999232506469010e-01	242
510	9.999286093992841e-01	286
511	9.999370201410056e-01	240
512	9.999419320606567e-01	240
513	9.999261147792621e-01	330
514	9.999416120509848e-01	298
515	9.999386560041924e-01	270
516	9.999202013159646e-01	226
517	9.999223958965310e-01	318
518	9.999373765295421e-01	290
519	9.999517584534143e-01	260
520	9.999421260664996e-01	242
521	9.999558422606249e-01	332
522	9.999690602496412e-01	314
523	9.999841354432759e-01	298
524	1.000000000000000e+00	10
525	1.000000000000000e+00	22
526	1.000000000000000e+00	20
527	1.000000000000000e+00	4
528	1.000000000000000e+00	2
529	1.000000000000000e+00	2
530	1.000000000000000e+00	2
531	1.000000000000000e+00	6
532	1.000000000000000e+00	18
533	1.000000000000000e+00	26
534	1.000000000000000e+00	20
535	1.000000000000000e+00	26
536	1.000000000000000e+00	2
537	1.000000000000000e+00	52
538	1.000000000000000e+00	26
539	1.000000000000000e+00	18
540	1.000000000000000e+00	6
541	1.000000000000000e+00	12
542	1.000000000000000e+00	16
543	1.000000000000000e+00	18
544	1.000000000000000e+00	16
545	1.000000000000000e+00	18
546	1.000000000000000e+00	18
547	1.000000000000000e+00	24
548	1.000000000000000e+00	14
549	1.000000000000000e+00	2
550	1.000000000000000e+00	6
551	1.000000000000000e+00	14
552	1.000000000000000e+00	2
553	1.000000000000000e+00	8
554	1.000000000000000e+00	2
555	1.000000000000000e+00	16
556	1.000000000000000e+00	4
557	1.000000000000000e+00	6
558	1.000000000000000e+00	6
559	1.000000000000000e+00	34
560	1.000000000000000e+00	20
561	1.000000000000000e+00	26
562	1.000000000000000e+00	4
563	1.000000000000000e+00	22
564	1.000000000000000e+00	20
565	1.000000000000000e+00	28
566	1.000000000000000e+00	2
567	1.000000000000000e+00	2
568	1.000000000000000e+00	2
569	1.000000000000000e+00	2
570	1.000000000000000e+00	36
571	1.000000000000000e+00	2
572	1.000000000000000e+00	2
573	1.000000000000000e+00	28
574	1.000000000000000e+00	10
575	1.000000000000000e+00	2
576	1.000000000000000e+00	20
577	1.000000000000000e+00	2
578	1.000000000000000e+00	58
579	1.000000000000000e+00	14
580	1.000000000000000e+00	2
581	1.000000000000000e+00	2
582	1.000000000000000e+00	6
583	1.000000000000000e+00	2
584	1.000000000000000e+00	12
585	1.000000000000000e+00	2
586	1.000000000000000e+00	22
587	1.000000000000000e+00	16
588	1.000000000000000e+00	4
589	1.000000000000000e+00	8
590	1.000000000000000e+00	26
591	1.000000000000000e+00	2
592	1.000000000000000e+00	2
593	1.000000000000000e+00	6
594	1.000000000000000e+00	12
595	1.000000000000000e+00	8
596	1.000000000000000e+00	16
597	1.000000000000000e+00	10
598	1.000000000000000e+00	12
599	1.000000000000000e+00	16
600	1.000000000000000e+00	16
601	1.000000000000000e+00	24
602	1.000000000000000e+00	12
603	1.000000000000000e+00	10
604	1.000000000000000e+00	16
605	1.000000000000000e+00	14
606	1.000000000000000e+00	18
607	1.000000000000000e+00	18
608	1.000000000000000e+00	28
609	1.000000000000000e+00	22
610	1.000000000000000e+00	18
611	1.000000000000000e+00	10
612	1.000000000000000e+00	20
613	1.000000000000000e+00	4
614	1.000000000000000e+00	8
615	1.000000000000000e+00	4
616	1.000000000000000e+00	6
617	1.000000000000000e+00	26
618	1.000000000000000e+00	32
619	1.000000000000000e+00	14
620	1.000000000000000e+00	2
621	1.000000000000000e+00	20
622	1.000000000000000e+00	6
623	1.000000000000000e+00	8
624	1.000000000000000e+00	4
625	1.000000000000000e+00	14
626	1.000000000000000e+00	12
627	1.000000000000000e+00	4
628	1.000000000000000e+00	2
629	1.000000000000000e+00	4
630	1.000000000000000e+00	4
631	1.000000000000000e+00	10
632	1.000000000000000e+00	6
633	1.000000000000000e+00	8
634	1.000000000000000e+00	2
635	1.000000000000000e+00	26
636	1.000000000000000e+00	12
637	1.000000000000000e+00	18
638	1.000000000000000e+00	18
639	1.000000000000000e+00	8
640	1.000000000000000e+00	4
641	1.000000000000000e+00	8
642	1.000000000000000e+00	6
643	1.000000000000000e+00	16
644	1.000000000000000e+00	14
645	1.000000000000000e+00	28
646	1.000000000000000e+00	28
647	1.000000000000000e+00	10
648	1.000000000000000e+00	10
649	1.000000000000000e+00	24
650	1.000000000000000e+00	32
651	9.704023273080591e-01	256
652	9.374205798738150e-01	260
653	9.056344770238202e-01	284
654	8.750176090095394e-01	272
655	8.456174478522573e-01	290
656	8.174110397136187e-01	284
657	7.904256678123127e-01	280
658	7.646258389538916e-01	268
659	7.400263368634808e-01	236
660	7.166240950316771e-01	322
661	6.944184490708184e-01	308
662	6.734233543852814e-01	324
663	6.536138726622728e-01	304
664	6.350125253736106e-01	304
665	6.176132292796866e-01	272
666	6.014129452454003e-01	306
667	5.864233501599321e-01	368
668	5.726288605059399e-01	160
669	5.600234803057765e-01	260
670	5.486311645232332e-01	180
671	5.384299137817999e-01	328
672	5.294272547576472e-01	284
673	5.216260178736554e-01	274
674	5.150232962180709e-01	308
675	5.096131062750540e-01	232
676	5.054050936752117e-01	152
677	5.024037563410172e-01	314
678	5.005984726381739e-01	332
679	4.999900459643133e-01	268
680	5.005903206905493e-01	292
681	5.023836083299031e-01	312
682	5.053919151877171e-01	290
683	5.096014703508879e-01	274
684	5.150092970071115e-01	304
685	5.216163361122556e-01	322
686	5.294118785869091e-01	186
687	5.384215273462130e-01	314
688	5.486258124454902e-01	328
689	5.600162831518812e-01	280
690	5.726197191829813e-01	330
691	5.864097189884022e-01	294
692	6.014213749969622e-01	340
693	6.176240785489489e-01	244
694	6.350198237547816e-01	292
695	6.536306560829103e-01	288
696	6.734371929737768e-01	272
697	6.944352711589689e-01	310
698	7.166241607921809e-01	244
699	7.400103384819301e-01	334
700	7.646010422614705e-01	294
701	7.903948706010326e-01	278
702	8.174017436185784e-01	264
703	8.455895184330735e-01	278
704	8.749781646562504e-01	328
705	9.055779331177690e-01	276
706	9.373906522755640e-01	252
707	1.000000000000000e+00	18
708	1.000000000000000e+00	14
709	1.000000000000000e+00	2
710	1.000000000000000e+00	10
711	1.000000000000000e+00	12
712	1.000000000000000e+00	16
713	1.000000000000000e+00	10
714	1.000000000000000e+00	10
715	1.000000000000000e+00	16
716	1.000000000000000e+00	4
717	1.000000000000000e+00	4
718	1.000000000000000e+00	8
719	1.000000000000000e+00	18
720	1.000000000000000e+00	4
721	1.000000000000000e+00	26
722	1.000000000000000e+00	22
723	1.000000000000000e+00	14
724	1.000000000000000e+00	10
725	1.000000000000000e+00	2
726	1.000000000000000e+00	30
727	1.000000000000000e+00	10
728	1.000000000000000e+00	8
729	1.000000000000000e+00	18
730	1.000000000000000e+00	60
731	1.000000000000000e+00	2
732	1.000000000000000e+00	6
733	1.000000000000000e+00	4
734	1.000000000000000e+00	2
735	1.000000000000000e+00	30
736	1.000000000000000e+00	4
737	1.000000000000000e+00	4
738	1.000000000000000e+00	48
739	1.000000000000000e+00	12
740	1.000000000000000e+00	24
741	1.000000000000000e+00	14
742	1.000000000000000e+00	2
743	1.000000000000000e+00	14
744	1.000000000000000e+00	14
745	1.000000000000000e+00	18
746	1.000000000000000e+00	14
747	1.000000000000000e+00	34
748	1.000000000000000e+00	6
749	1.000000000000000e+00	2
750	1.000000000000000e+00	14
751	1.000000000000000e+00	2
752	1.000000000000000e+00	6
753	1.000000000000000e+00	6
754	1.000000000000000e+00	12
755	1.000000000000000e+00	24
756	1.000000000000000e+00	36
757	1.000000000000000e+00	4
758	1.000000000000000e+00	24
759	1.000000000000000e+00	8
760	1.000000000000000e+00	12
761	1.000000000000000e+00	4
762	1.000000000000000e+00	4
763	1.000000000000000e+00	6
764	1.000000000000000e+00	26
765	1.000000000000000e+00	4
766	1.000000000000000e+00	18
767	1.000000000000000e+00	8
768	1.000000000000000e+00	14
769	1.000000000000000e+00	38
770	1.000000000000000e+00	18
771	1.000000000000000e+00	26
772	1.000000000000000e+00	2
773	1.000000000000000e+00	4
774	1.000000000000000e+00	2
775	1.000000000000000e+00	28
776	1.000000000000000e+00	8
777	1.000000000000000e+00	14
778	1.000000000000000e+00	12
779	1.000000000000000e+00	12
780	1.000000000000000e+00	8
781	1.000000000000000e+00	10
782	1.000000000000000e+00	8
783	1.000000000000000e+00	12
784	1.000000000000000e+00	16
785	1.000000000000000e+00	26
786	1.000000000000000e+00	6
787	1.000000000000000e+00	8
788	1.000000000000000e+00	8
789	1.000000000000000e+00	22
790	1.000000000000000e+00	4
791	1.000000000000000e+00	8
792	1.000000000000000e+00	18
793	1.000000000000000e+00	2
794	1.000000000000000e+00	8
795	1.000000000000000e+00	8
796	1.000000000000000e+00	20
797	1.000000000000000e+00	26
798	1.000000000000000e+00	8
799	1.000000000000000e+00	24
800	1.000000000000000e+00	18
801	1.000000000000000e+00	8
802	1.000000000000000e+00	14
803	1.000000000000000e+00	14
804	1.000000000000000e+00	8
805	1.000000000000000e+00	12
806	1.000000000000000e+00	14
807	1.000000000000000e+00	16
808	1.000000000000000e+00	4
809	1.000000000000000e+00	18
810	1.000000000000000e+00	18
811	1.000000000000000e+00	10
812	1.000000000000000e+00	12
813	1.000000000000000e+00	20
814	1.000000000000000e+00	4
815	1.000000000000000e+00	2
816	1.000000000000000e+00	14
817	1.000000000000000e+00	76
818	1.000000000000000e+00	16
819	1.000000000000000e+00	16
820	1.000000000000000e+00	18
821	1.000000000000000e+00	14
822	1.000000000000000e+00	4
823	1.000000000000000e+00	22
824	1.000000000000000e+00	2
825	1.000000000000000e+00	24
826	1.000000000000000e+00	2
827	1.000000000000000e+00	4
828	1.000000000000000e+00	14
829	1.000000000000000e+00	8
830	1.000000000000000e+00	6
831	1.000000000000000e+00	10
832	1.000000000000000e+00	8
833	1.000000000000000e+00	6
834	1.000000000000000e+00	6
835	1.000000000000000e+00	52
836	1.000000000000000e+00	6
837	1.000000000000000e+00	4
838	1.000000000000000e+00	34
839	1.000000000000000e+00	10
840	1.000000000000000e+00	6
841	1.000000000000000e+00	12
842	1.000000000000000e+00	20
843	1.000000000000000e+00	8
844	1.000000000000000e+00	8
845	1.000000000000000e+00	6
846	1.000000000000000e+00	46
847	1.000000000000000e+00	4
848	1.000000000000000e+00	16
849	1.000000000000000e+00	34
850	1.000000000000000e+00	4
851	1.000000000000000e+00	10
852	1.000000000000000e+00	4
853	1.000000000000000e+00	14
854	1.000000000000000e+00	14
855	1.000000000000000e+00	4
856	1.000000000000000e+00	6
857	1.000000000000000e+00	36
858	1.000000000000000e+00	8
859	1.000000000000000e+00	34
860	1.000000000000000e+00	10
861	1.000000000000000e+00	26
862	1.000000000000000e+00	8
863	1.000000000000000e+00	8
864	1.000000000000000e+00	2
865	1.000000000000000e+00	8
866	1.000000000000000e+00	2
867	1.000000000000000e+00	38
868	1.000000000000000e+00	12
869	1.000000000000000e+00	40
870	1.000000000000000e+00	2
871	1.000000000000000e+00	4
872	1.000000000000000e+00	2
873	1.000000000000000e+00	32
874	1.000000000000000e+00	2
875	1.000000000000000e+00	30
876	1.000000000000000e+00	4
877	1.000000000000000e+00	2
878	1.000000000000000e+00	8
879	1.000000000000000e+00	4
880	1.000000000000000e+00	2
881	1.000000000000000e+00	28
882	1.000000000000000e+00	2
883	1.000000000000000e+00	2
884	1.000000000000000e+00	4
885	1.000000000000000e+00	10
886	1.000000000000000e+00	10
887	1.000000000000000e+00	4
888	1.000000000000000e+00	6
889	1.000000000000000e+00	10
890	1.000000000000000e+00	6
891	1.000000000000000e+00	14
892	1.000000000000000e+00	14
893	1.000000000000000e+00	6
894	1.000000000000000e+00	2
895	1.000000000000000e+00	6
896	1.000000000000000e+00	34
897	1.000000000000000e+00	30
898	1.000000000000000e+00	20
899	1.000000000000000e+00	28
900	1.000000000000000e+00	6
901	1.000000000000000e+00	32
902	1.000000000000000e+00	12
903	1.000000000000000e+00	10
904	1.000000000000000e+00	2
905	1.000000000000000e+00	64
906	1.000000000000000e+00	8
907	1.000000000000000e+00	6
908	1.000000000000000e+00	14
909	1.000000000000000e+00	4
910	1.000000000000000e+00	8
911	1.000000000000000e+00	14
912	1.000000000000000e+00	16
913	1.000000000000000e+00	8
914	1.000000000000000e+00	4
915	1.000000000000000e+00	4
916	1.000000000000000e+00	2
917	1.000000000000000e+00	4
918	1.000000000000000e+00	34
919	1.000000000000000e+00	10
920	1.000000000000000e+00	10
921	1.000000000000000e+00	10
922	1.000000000000000e+00	22
923	1.000000000000000e+00	12
924	1.000000000000000e+00	6
925	1.000000000000000e+00	12
926	1.000000000000000e+00	14
927	1.000000000000000e+00	50
928	1.000000000000000e+00	12
929	1.000000000000000e+00	2
930	1.000000000000000e+00	2
931	1.000000000000000e+00	10
932	1.000000000000000e+00	4
933	1.000000000000000e+00	16
934	1.000000000000000e+00	6
935	1.000000000000000e+00	30
936	1.000000000000000e+00	10
937	1.000000000000000e+00	18
938	1.000000000000000e+00	22
939	1.000000000000000e+00	4
940	1.000000000000000e+00	10
941	1.000000000000000e+00	2
942	1.000000000000000e+00	2
943	1.000000000000000e+00	32
944	1.000000000000000e+00	20
945	1.000000000000000e+00	16
946	1.000000000000000e+00	6
947	1.000000000000000e+00	6
948	1.000000000000000e+00	10
949	1.000000000000000e+00	28
950	1.000000000000000e+00	20
951	1.000000000000000e+00	14
952	1.000000000000000e+00	42
953	1.000000000000000e+00	6
954	1.000000000000000e+00	8
955	1.000000000000000e+00	8
956	1.000000000000000e+00	4
957	1.000000000000000e+00	6
958	1.000000000000000e+00	12
959	1.000000000000000e+00	4
960	1.000000000000000e+00	2
961	1.000000000000000e+00	16
962	1.000000000000000e+00	10
963	1.000000000000000e+00	20
964	1.000000000000000e+00	16
965	1.000000000000000e+00	12
966	1.000000000000000e+00	32
967	1.000000000000000e+00	8
968	1.000000000000000e+00	2
969	1.000000000000000e+00	24
970	1.000000000000000e+00	14
971	1.000000000000000e+00	10
972	1.000000000000000e+00	6
973	1.000000000000000e+00	24
974	1.000000000000000e+00	4
975	1.000000000000000e+00	10
976	1.000000000000000e+00	44
977	1.000000000000000e+00	12
978	1.000000000000000e+00	28
979	1.000000000000000e+00	2
980	1.000000000000000e+00	2
981	1.000000000000000e+00	4
982	1.000000000000000e+00	32
983	1.000000000000000e+00	8
984	1.000000000000000e+00	6
985	1.000000000000000e+00	4
986	1.000000000000000e+00	12
987	1.000000000000000e+00	26
988	1.000000000000000e+00	18
989	1.000000000000000e+00	8
990	1.000000000000000e+00	6
991	1.000000000000000e+00	28
992	1.000000000000000e+00	10
993	1.000000000000000e+00	12
994	1.000000000000000e+00	8
995	1.000000000000000e+00	6
996	1.000000000000000e+00	24
997	1.000000000000000e+00	4
998	1.000000000000000e+00	6
999	1.000000000000000e+00	4
1000	1.000000000000000e+00	2


Tempo gasto: 20.990620
