Método usado: LUUS JAAKOLA

POSIÇÃO	ÁREA(mm²)	CUSTO

1	1.000000000000000e+00	6
2	1.000000000000000e+00	10
3	1.000000000000000e+00	18
4	1.000000000000000e+00	28
5	1.000000000000000e+00	28
6	1.000000000000000e+00	6
7	1.000000000000000e+00	4
8	1.000000000000000e+00	10
9	1.000000000000000e+00	18
10	1.000000000000000e+00	6
11	1.000000000000000e+00	14
12	1.000000000000000e+00	2
13	1.000000000000000e+00	4
14	1.000000000000000e+00	20
15	1.000000000000000e+00	4
16	1.000000000000000e+00	16
17	1.000000000000000e+00	16
18	1.000000000000000e+00	22
19	1.000000000000000e+00	16
20	1.000000000000000e+00	2
21	1.000000000000000e+00	18
22	1.000000000000000e+00	28
23	1.000000000000000e+00	10
24	1.000000000000000e+00	22
25	1.000000000000000e+00	12
26	1.000000000000000e+00	16
27	1.000000000000000e+00	6
28	1.000000000000000e+00	58
29	1.000000000000000e+00	30
30	1.000000000000000e+00	14
31	1.000000000000000e+00	8
32	1.000000000000000e+00	4
33	1.000000000000000e+00	6
34	1.000000000000000e+00	8
35	1.000000000000000e+00	4
36	1.000000000000000e+00	8
37	1.000000000000000e+00	2
38	1.000000000000000e+00	6
39	1.000000000000000e+00	26
40	1.000000000000000e+00	22
41	1.000000000000000e+00	18
42	1.000000000000000e+00	34
43	1.000000000000000e+00	10
44	1.000000000000000e+00	2
45	1.000000000000000e+00	12
46	1.000000000000000e+00	10
47	1.000000000000000e+00	8
48	1.000000000000000e+00	20
49	1.000000000000000e+00	10
50	1.000000000000000e+00	4
51	1.000000000000000e+00	16
52	1.000000000000000e+00	4
53	1.000000000000000e+00	14
54	1.000000000000000e+00	12
55	1.000000000000000e+00	20
56	1.000000000000000e+00	2
57	1.000000000000000e+00	4
58	1.000000000000000e+00	6
59	1.000000000000000e+00	18
60	1.000000000000000e+00	10
61	1.000000000000000e+00	38
62	1.000000000000000e+00	6
63	1.000000000000000e+00	48
64	1.000000000000000e+00	18
65	1.000000000000000e+00	4
66	1.000000000000000e+00	28
67	1.000000000000000e+00	6
68	1.000000000000000e+00	6
69	1.000000000000000e+00	30
70	1.000000000000000e+00	16
71	1.000000000000000e+00	32
72	1.000000000000000e+00	8
73	1.000000000000000e+00	14
74	1.000000000000000e+00	4
75	1.000000000000000e+00	22
76	1.000000000000000e+00	20
77	1.000000000000000e+00	6
78	1.000000000000000e+00	20
79	1.000000000000000e+00	32
80	1.000000000000000e+00	14
81	1.000000000000000e+00	2
82	1.000000000000000e+00	16
83	1.000000000000000e+00	2
84	1.000000000000000e+00	18
85	1.000000000000000e+00	16
86	1.000000000000000e+00	6
87	1.000000000000000e+00	30
88	1.000000000000000e+00	10
89	1.000000000000000e+00	10
90	1.000000000000000e+00	2
91	1.000000000000000e+00	24
92	1.000000000000000e+00	12
93	1.000000000000000e+00	14
94	1.000000000000000e+00	18
95	1.000000000000000e+00	6
96	1.000000000000000e+00	2
97	1.000000000000000e+00	14
98	1.000000000000000e+00	14
99	1.000000000000000e+00	16
100	1.000000000000000e+00	14
101	1.000000000000000e+00	28
102	1.000000000000000e+00	24
103	1.000000000000000e+00	2
104	1.000000000000000e+00	6
105	1.000000000000000e+00	8
106	1.000000000000000e+00	12
107	1.000000000000000e+00	30
108	1.000000000000000e+00	6
109	1.000000000000000e+00	12
110	1.000000000000000e+00	10
111	1.000000000000000e+00	2
112	1.000000000000000e+00	16
113	1.000000000000000e+00	4
114	1.000000000000000e+00	4
115	1.000000000000000e+00	10
116	1.000000000000000e+00	12
117	1.000000000000000e+00	52
118	1.000000000000000e+00	60
119	1.000000000000000e+00	22
120	1.000000000000000e+00	6
121	1.000000000000000e+00	8
122	1.000000000000000e+00	4
123	1.000000000000000e+00	32
124	1.000000000000000e+00	6
125	1.000000000000000e+00	34
126	1.000000000000000e+00	10
127	1.000000000000000e+00	12
128	1.000000000000000e+00	6
129	1.000000000000000e+00	4
130	1.000000000000000e+00	12
131	1.000000000000000e+00	8
132	1.000000000000000e+00	12
133	1.000000000000000e+00	24
134	1.000000000000000e+00	18
135	1.000000000000000e+00	6
136	1.000000000000000e+00	18
137	1.000000000000000e+00	8
138	1.000000000000000e+00	8
139	1.000000000000000e+00	18
140	1.000000000000000e+00	24
141	1.000000000000000e+00	8
142	1.000000000000000e+00	8
143	1.000000000000000e+00	24
144	1.000000000000000e+00	42
145	1.000000000000000e+00	2
146	1.000000000000000e+00	2
147	1.000000000000000e+00	18
148	1.000000000000000e+00	10
149	1.000000000000000e+00	22
150	1.000000000000000e+00	12
151	1.000000000000000e+00	4
152	1.000000000000000e+00	2
153	1.000000000000000e+00	26
154	1.000000000000000e+00	12
155	1.000000000000000e+00	10
156	1.000000000000000e+00	4
157	1.000000000000000e+00	10
158	1.000000000000000e+00	12
159	1.000000000000000e+00	10
160	1.000000000000000e+00	6
161	1.000000000000000e+00	24
162	1.000000000000000e+00	10
163	1.000000000000000e+00	28
164	1.000000000000000e+00	4
165	1.000000000000000e+00	2
166	1.000000000000000e+00	26
167	1.000000000000000e+00	6
168	1.000000000000000e+00	6
169	1.000000000000000e+00	6
170	1.000000000000000e+00	24
171	1.000000000000000e+00	18
172	1.000000000000000e+00	8
173	1.000000000000000e+00	26
174	1.000000000000000e+00	8
175	1.000000000000000e+00	4
176	1.000000000000000e+00	6
177	1.000000000000000e+00	14
178	1.000000000000000e+00	6
179	1.000000000000000e+00	20
180	1.000000000000000e+00	28
181	1.000000000000000e+00	10
182	1.000000000000000e+00	2
183	1.000000000000000e+00	24
184	1.000000000000000e+00	2
185	1.000000000000000e+00	4
186	1.000000000000000e+00	12
187	1.000000000000000e+00	16
188	1.000000000000000e+00	22
189	1.000000000000000e+00	6
190	1.000000000000000e+00	26
191	1.000000000000000e+00	4
192	1.000000000000000e+00	12
193	1.000000000000000e+00	2
194	1.000000000000000e+00	14
195	1.000000000000000e+00	18
196	1.000000000000000e+00	2
197	1.000000000000000e+00	20
198	1.000000000000000e+00	8
199	1.000000000000000e+00	2
200	1.000000000000000e+00	10
201	1.000000000000000e+00	4
202	1.000000000000000e+00	12
203	1.000000000000000e+00	4
204	1.000000000000000e+00	6
205	1.000000000000000e+00	8
206	1.000000000000000e+00	10
207	1.000000000000000e+00	26
208	1.000000000000000e+00	12
209	1.000000000000000e+00	10
210	1.000000000000000e+00	18
211	1.000000000000000e+00	14
212	1.000000000000000e+00	8
213	1.000000000000000e+00	12
214	1.000000000000000e+00	20
215	1.000000000000000e+00	10
216	1.000000000000000e+00	2
217	1.000000000000000e+00	38
218	1.000000000000000e+00	4
219	1.000000000000000e+00	6
220	1.000000000000000e+00	6
221	1.000000000000000e+00	2
222	1.000000000000000e+00	6
223	1.000000000000000e+00	6
224	1.000000000000000e+00	12
225	1.000000000000000e+00	8
226	1.000000000000000e+00	14
227	1.000000000000000e+00	4
228	1.000000000000000e+00	24
229	1.000000000000000e+00	10
230	1.000000000000000e+00	2
231	1.000000000000000e+00	2
232	1.000000000000000e+00	4
233	1.000000000000000e+00	22
234	1.000000000000000e+00	2
235	1.000000000000000e+00	16
236	1.000000000000000e+00	8
237	1.000000000000000e+00	6
238	1.000000000000000e+00	38
239	1.000000000000000e+00	4
240	1.000000000000000e+00	10
241	1.000000000000000e+00	10
242	1.000000000000000e+00	8
243	1.000000000000000e+00	4
244	1.000000000000000e+00	16
245	1.000000000000000e+00	12
246	1.000000000000000e+00	6
247	1.000000000000000e+00	4
248	1.000000000000000e+00	2
249	1.000000000000000e+00	12
250	1.000000000000000e+00	2
251	1.000000000000000e+00	10
252	1.000000000000000e+00	10
253	1.000000000000000e+00	22
254	1.000000000000000e+00	40
255	1.000000000000000e+00	14
256	1.000000000000000e+00	6
257	1.000000000000000e+00	12
258	1.000000000000000e+00	14
259	1.000000000000000e+00	12
260	1.000000000000000e+00	28
261	1.000000000000000e+00	18
262	1.000000000000000e+00	10
263	1.000000000000000e+00	36
264	1.000000000000000e+00	16
265	1.000000000000000e+00	10
266	1.000000000000000e+00	4
267	1.000000000000000e+00	12
268	1.000000000000000e+00	30
269	1.000000000000000e+00	16
270	1.000000000000000e+00	6
271	1.000000000000000e+00	4
272	1.000000000000000e+00	26
273	1.000000000000000e+00	4
274	1.000000000000000e+00	22
275	1.000000000000000e+00	14
276	1.000000000000000e+00	22
277	1.000000000000000e+00	8
278	1.000000000000000e+00	34
279	1.000000000000000e+00	12
280	1.000000000000000e+00	38
281	1.000000000000000e+00	8
282	1.000000000000000e+00	32
283	1.000000000000000e+00	2
284	1.000000000000000e+00	4
285	1.000000000000000e+00	16
286	1.000000000000000e+00	4
287	1.000000000000000e+00	20
288	1.000000000000000e+00	2
289	1.000000000000000e+00	2
290	1.000000000000000e+00	8
291	1.000000000000000e+00	2
292	1.000000000000000e+00	16
293	1.000000000000000e+00	28
294	1.000000000000000e+00	42
295	1.000000000000000e+00	2
296	1.000000000000000e+00	30
297	1.000000000000000e+00	12
298	1.000000000000000e+00	62
299	1.000000000000000e+00	8
300	1.000000000000000e+00	12
301	1.000000000000000e+00	22
302	1.000000000000000e+00	2
303	1.000000000000000e+00	4
304	1.000000000000000e+00	12
305	1.000000000000000e+00	14
306	1.000000000000000e+00	16
307	1.000000000000000e+00	4
308	1.000000000000000e+00	10
309	1.000000000000000e+00	8
310	1.000000000000000e+00	24
311	1.000000000000000e+00	12
312	1.000000000000000e+00	20
313	1.000000000000000e+00	8
314	1.000000000000000e+00	2
315	1.000000000000000e+00	22
316	1.000000000000000e+00	6
317	1.000000000000000e+00	4
318	1.000000000000000e+00	12
319	1.000000000000000e+00	14
320	1.000000000000000e+00	46
321	1.000000000000000e+00	22
322	1.000000000000000e+00	8
323	1.000000000000000e+00	2
324	1.000000000000000e+00	12
325	1.000000000000000e+00	6
326	1.000000000000000e+00	16
327	1.000000000000000e+00	6
328	1.000000000000000e+00	36
329	1.000000000000000e+00	4
330	1.000000000000000e+00	16
331	1.000000000000000e+00	2
332	1.000000000000000e+00	20
333	1.000000000000000e+00	14
334	1.000000000000000e+00	14
335	1.000000000000000e+00	14
336	1.000000000000000e+00	8
337	1.000000000000000e+00	18
338	1.000000000000000e+00	6
339	1.000000000000000e+00	22
340	1.000000000000000e+00	14
341	1.000000000000000e+00	12
342	1.000000000000000e+00	24
343	1.000000000000000e+00	10
344	1.000000000000000e+00	26
345	1.000000000000000e+00	18
346	1.000000000000000e+00	26
347	1.000000000000000e+00	4
348	1.000000000000000e+00	14
349	1.000000000000000e+00	6
350	1.000000000000000e+00	30
351	1.000000000000000e+00	18
352	1.000000000000000e+00	14
353	1.000000000000000e+00	6
354	1.000000000000000e+00	16
355	1.000000000000000e+00	12
356	1.000000000000000e+00	12
357	1.000000000000000e+00	2
358	1.000000000000000e+00	10
359	1.000000000000000e+00	4
360	1.000000000000000e+00	10
361	1.000000000000000e+00	18
362	1.000000000000000e+00	2
363	1.000000000000000e+00	4
364	1.000000000000000e+00	2
365	1.000000000000000e+00	26
366	1.000000000000000e+00	42
367	1.000000000000000e+00	6
368	1.000000000000000e+00	6
369	1.000000000000000e+00	6
370	1.000000000000000e+00	22
371	1.000000000000000e+00	4
372	1.000000000000000e+00	6
373	1.000000000000000e+00	14
374	1.000000000000000e+00	4
375	1.000000000000000e+00	12
376	1.000000000000000e+00	2
377	1.000000000000000e+00	40
378	1.000000000000000e+00	2
379	1.000000000000000e+00	10
380	1.000000000000000e+00	18
381	1.000000000000000e+00	10
382	1.000000000000000e+00	4
383	1.000000000000000e+00	8
384	1.000000000000000e+00	4
385	1.000000000000000e+00	8
386	1.000000000000000e+00	38
387	1.000000000000000e+00	4
388	1.000000000000000e+00	10
389	1.000000000000000e+00	12
390	1.000000000000000e+00	2
391	1.000000000000000e+00	20
392	1.000000000000000e+00	2
393	1.000000000000000e+00	12
394	1.000000000000000e+00	12
395	1.000000000000000e+00	8
396	1.000000000000000e+00	24
397	1.000000000000000e+00	18
398	1.000000000000000e+00	18
399	1.000000000000000e+00	18
400	1.000000000000000e+00	42
401	1.000000000000000e+00	6
402	1.000000000000000e+00	34
403	1.000000000000000e+00	2
404	1.000000000000000e+00	16
405	1.000000000000000e+00	32
406	1.000000000000000e+00	8
407	1.000000000000000e+00	36
408	1.000000000000000e+00	8
409	1.000000000000000e+00	2
410	1.000000000000000e+00	36
411	1.000000000000000e+00	6
412	1.000000000000000e+00	10
413	1.000000000000000e+00	4
414	1.000000000000000e+00	10
415	1.000000000000000e+00	6
416	1.000000000000000e+00	40
417	1.000000000000000e+00	4
418	1.000000000000000e+00	8
419	1.000000000000000e+00	4
420	1.000000000000000e+00	22
421	1.000000000000000e+00	18
422	1.000000000000000e+00	10
423	1.000000000000000e+00	22
424	1.000000000000000e+00	18
425	1.000000000000000e+00	12
426	1.000000000000000e+00	12
427	1.000000000000000e+00	16
428	1.000000000000000e+00	8
429	1.000000000000000e+00	28
430	1.000000000000000e+00	6
431	1.000000000000000e+00	2
432	1.000000000000000e+00	6
433	1.000000000000000e+00	4
434	1.000000000000000e+00	8
435	1.000000000000000e+00	28
436	1.000000000000000e+00	4
437	1.000000000000000e+00	2
438	1.000000000000000e+00	4
439	1.000000000000000e+00	2
440	1.000000000000000e+00	16
441	1.000000000000000e+00	8
442	1.000000000000000e+00	28
443	1.000000000000000e+00	14
444	1.000000000000000e+00	12
445	1.000000000000000e+00	22
446	1.000000000000000e+00	10
447	1.000000000000000e+00	2
448	1.000000000000000e+00	4
449	1.000000000000000e+00	6
450	1.000000000000000e+00	20
451	1.000000000000000e+00	2
452	1.000000000000000e+00	10
453	1.000000000000000e+00	8
454	1.000000000000000e+00	14
455	1.000000000000000e+00	20
456	1.000000000000000e+00	10
457	1.000000000000000e+00	16
458	1.000000000000000e+00	38
459	1.000000000000000e+00	20
460	1.000000000000000e+00	8
461	1.000000000000000e+00	8
462	1.000000000000000e+00	22
463	1.000000000000000e+00	10
464	1.000000000000000e+00	4
465	1.000000000000000e+00	12
466	1.000000000000000e+00	2
467	1.000000000000000e+00	4
468	1.000000000000000e+00	36
469	1.000000000000000e+00	4
470	1.000000000000000e+00	6
471	1.000000000000000e+00	8
472	1.000000000000000e+00	16
473	1.000000000000000e+00	16
474	1.000000000000000e+00	8
475	1.000000000000000e+00	4
476	1.000000000000000e+00	6
477	1.000000000000000e+00	14
478	1.000000000000000e+00	2
479	1.000000000000000e+00	12
480	1.000000000000000e+00	6
481	1.000000000000000e+00	4
482	1.000000000000000e+00	8
483	1.000000000000000e+00	10
484	1.000000000000000e+00	28
485	1.000000000000000e+00	4
486	1.000000000000000e+00	2
487	1.000000000000000e+00	10
488	1.000000000000000e+00	6
489	1.000000000000000e+00	26
490	1.000000000000000e+00	12
491	9.589999999218705e-01	768
492	8.999999999532693e-01	670
493	8.489999999713908e-01	660
494	7.999999998557954e-01	692
495	7.499999997427413e-01	750
496	6.999999997883146e-01	750
497	6.499999998329848e-01	676
498	5.999999999199555e-01	702
499	5.499999999070061e-01	710
500	4.999999999136773e-01	728
501	5.499999999865343e-01	758
502	5.999999999256344e-01	734
503	6.500000000366629e-01	642
504	7.000000000344878e-01	690
505	7.499999998956774e-01	776
506	7.999999998306100e-01	756
507	8.499999998026299e-01	690
508	8.999999999521683e-01	772
509	9.499999999782476e-01	712
510	8.999999999881331e-01	644
511	8.500000001279721e-01	792
512	8.000000001930309e-01	718
513	7.500000001071150e-01	744
514	8.000000001310603e-01	724
515	8.500000002108437e-01	666
516	9.000000003155064e-01	736
517	9.500000002217638e-01	690
518	1.000000000000000e+00	1000
519	1.000000000000000e+00	4
520	1.000000000000000e+00	2
521	1.000000000000000e+00	10
522	1.000000000000000e+00	14
523	1.000000000000000e+00	18
524	1.000000000000000e+00	4
525	1.000000000000000e+00	14
526	1.000000000000000e+00	18
527	1.000000000000000e+00	6
528	1.000000000000000e+00	18
529	1.000000000000000e+00	14
530	1.000000000000000e+00	42
531	1.000000000000000e+00	6
532	1.000000000000000e+00	22
533	1.000000000000000e+00	4
534	1.000000000000000e+00	82
535	1.000000000000000e+00	4
536	1.000000000000000e+00	6
537	1.000000000000000e+00	24
538	1.000000000000000e+00	10
539	1.000000000000000e+00	14
540	1.000000000000000e+00	28
541	1.000000000000000e+00	12
542	1.000000000000000e+00	6
543	1.000000000000000e+00	2
544	1.000000000000000e+00	10
545	1.000000000000000e+00	18
546	1.000000000000000e+00	24
547	1.000000000000000e+00	2
548	1.000000000000000e+00	2
549	1.000000000000000e+00	18
550	1.000000000000000e+00	6
551	1.000000000000000e+00	8
552	1.000000000000000e+00	6
553	1.000000000000000e+00	12
554	1.000000000000000e+00	26
555	1.000000000000000e+00	6
556	1.000000000000000e+00	20
557	1.000000000000000e+00	6
558	1.000000000000000e+00	8
559	1.000000000000000e+00	18
560	1.000000000000000e+00	12
561	1.000000000000000e+00	12
562	1.000000000000000e+00	8
563	1.000000000000000e+00	4
564	1.000000000000000e+00	16
565	1.000000000000000e+00	22
566	1.000000000000000e+00	4
567	1.000000000000000e+00	8
568	1.000000000000000e+00	24
569	1.000000000000000e+00	12
570	1.000000000000000e+00	6
571	1.000000000000000e+00	24
572	1.000000000000000e+00	42
573	1.000000000000000e+00	8
574	1.000000000000000e+00	10
575	1.000000000000000e+00	20
576	1.000000000000000e+00	6
577	1.000000000000000e+00	6
578	1.000000000000000e+00	14
579	1.000000000000000e+00	6
580	1.000000000000000e+00	12
581	1.000000000000000e+00	2
582	1.000000000000000e+00	2
583	1.000000000000000e+00	14
584	1.000000000000000e+00	4
585	1.000000000000000e+00	16
586	1.000000000000000e+00	8
587	1.000000000000000e+00	10
588	1.000000000000000e+00	10
589	1.000000000000000e+00	10
590	1.000000000000000e+00	4
591	1.000000000000000e+00	14
592	1.000000000000000e+00	10
593	1.000000000000000e+00	16
594	1.000000000000000e+00	18
595	1.000000000000000e+00	18
596	1.000000000000000e+00	12
597	1.000000000000000e+00	20
598	1.000000000000000e+00	4
599	1.000000000000000e+00	10
600	1.000000000000000e+00	2
601	1.000000000000000e+00	2
602	1.000000000000000e+00	2
603	1.000000000000000e+00	8
604	1.000000000000000e+00	6
605	1.000000000000000e+00	2
606	1.000000000000000e+00	10
607	1.000000000000000e+00	18
608	1.000000000000000e+00	10
609	1.000000000000000e+00	18
610	1.000000000000000e+00	10
611	1.000000000000000e+00	22
612	1.000000000000000e+00	10
613	1.000000000000000e+00	20
614	1.000000000000000e+00	2
615	1.000000000000000e+00	18
616	1.000000000000000e+00	18
617	1.000000000000000e+00	10
618	1.000000000000000e+00	4
619	1.000000000000000e+00	28
620	1.000000000000000e+00	32
621	1.000000000000000e+00	8
622	1.000000000000000e+00	8
623	1.000000000000000e+00	8
624	1.000000000000000e+00	24
625	1.000000000000000e+00	10
626	1.000000000000000e+00	10
627	1.000000000000000e+00	8
628	1.000000000000000e+00	82
629	1.000000000000000e+00	38
630	1.000000000000000e+00	10
631	1.000000000000000e+00	12
632	1.000000000000000e+00	20
633	1.000000000000000e+00	4
634	1.000000000000000e+00	16
635	1.000000000000000e+00	6
636	1.000000000000000e+00	4
637	1.000000000000000e+00	10
638	1.000000000000000e+00	12
639	1.000000000000000e+00	14
640	1.000000000000000e+00	12
641	1.000000000000000e+00	4
642	1.000000000000000e+00	6
643	1.000000000000000e+00	22
644	1.000000000000000e+00	38
645	1.000000000000000e+00	4
646	1.000000000000000e+00	8
647	1.000000000000000e+00	2
648	1.000000000000000e+00	10
649	1.000000000000000e+00	26
650	1.000000000000000e+00	2
651	1.000000000000000e+00	14
652	1.000000000000000e+00	4
653	1.000000000000000e+00	4
654	1.000000000000000e+00	10
655	1.000000000000000e+00	10
656	1.000000000000000e+00	12
657	1.000000000000000e+00	8
658	1.000000000000000e+00	4
659	1.000000000000000e+00	8
660	1.000000000000000e+00	4
661	1.000000000000000e+00	4
662	1.000000000000000e+00	8
663	1.000000000000000e+00	8
664	1.000000000000000e+00	36
665	1.000000000000000e+00	16
666	1.000000000000000e+00	8
667	1.000000000000000e+00	2
668	1.000000000000000e+00	22
669	1.000000000000000e+00	2
670	1.000000000000000e+00	2
671	1.000000000000000e+00	10
672	1.000000000000000e+00	8
673	1.000000000000000e+00	8
674	1.000000000000000e+00	24
675	1.000000000000000e+00	38
676	1.000000000000000e+00	6
677	1.000000000000000e+00	14
678	1.000000000000000e+00	20
679	1.000000000000000e+00	30
680	1.000000000000000e+00	14
681	1.000000000000000e+00	4
682	1.000000000000000e+00	32
683	1.000000000000000e+00	8
684	1.000000000000000e+00	12
685	1.000000000000000e+00	14
686	1.000000000000000e+00	6
687	1.000000000000000e+00	14
688	1.000000000000000e+00	2
689	1.000000000000000e+00	14
690	1.000000000000000e+00	4
691	1.000000000000000e+00	8
692	1.000000000000000e+00	22
693	1.000000000000000e+00	2
694	1.000000000000000e+00	8
695	1.000000000000000e+00	2
696	1.000000000000000e+00	14
697	1.000000000000000e+00	10
698	1.000000000000000e+00	8
699	1.000000000000000e+00	4
700	1.000000000000000e+00	10
701	1.000000000000000e+00	2
702	1.000000000000000e+00	12
703	1.000000000000000e+00	26
704	1.000000000000000e+00	10
705	1.000000000000000e+00	10
706	1.000000000000000e+00	26
707	1.000000000000000e+00	14
708	1.000000000000000e+00	6
709	1.000000000000000e+00	6
710	1.000000000000000e+00	2
711	1.000000000000000e+00	14
712	1.000000000000000e+00	16
713	1.000000000000000e+00	2
714	1.000000000000000e+00	8
715	1.000000000000000e+00	4
716	1.000000000000000e+00	8
717	1.000000000000000e+00	22
718	1.000000000000000e+00	16
719	1.000000000000000e+00	2
720	1.000000000000000e+00	12
721	1.000000000000000e+00	16
722	1.000000000000000e+00	4
723	1.000000000000000e+00	10
724	1.000000000000000e+00	10
725	1.000000000000000e+00	8
726	1.000000000000000e+00	26
727	1.000000000000000e+00	20
728	1.000000000000000e+00	16
729	1.000000000000000e+00	6
730	1.000000000000000e+00	4
731	1.000000000000000e+00	38
732	1.000000000000000e+00	12
733	1.000000000000000e+00	18
734	1.000000000000000e+00	6
735	1.000000000000000e+00	14
736	1.000000000000000e+00	6
737	1.000000000000000e+00	4
738	1.000000000000000e+00	6
739	1.000000000000000e+00	2
740	1.000000000000000e+00	14
741	1.000000000000000e+00	2
742	1.000000000000000e+00	4
743	1.000000000000000e+00	18
744	1.000000000000000e+00	48
745	1.000000000000000e+00	26
746	1.000000000000000e+00	18
747	1.000000000000000e+00	2
748	1.000000000000000e+00	4
749	1.000000000000000e+00	28
750	1.000000000000000e+00	12
751	1.000000000000000e+00	14
752	1.000000000000000e+00	20
753	1.000000000000000e+00	12
754	1.000000000000000e+00	22
755	1.000000000000000e+00	8
756	1.000000000000000e+00	6
757	1.000000000000000e+00	32
758	1.000000000000000e+00	30
759	1.000000000000000e+00	8
760	1.000000000000000e+00	2
761	1.000000000000000e+00	4
762	1.000000000000000e+00	6
763	1.000000000000000e+00	6
764	1.000000000000000e+00	6
765	1.000000000000000e+00	6
766	1.000000000000000e+00	10
767	1.000000000000000e+00	10
768	1.000000000000000e+00	18
769	1.000000000000000e+00	8
770	1.000000000000000e+00	20
771	1.000000000000000e+00	16
772	1.000000000000000e+00	2
773	1.000000000000000e+00	42
774	1.000000000000000e+00	10
775	1.000000000000000e+00	20
776	1.000000000000000e+00	14
777	1.000000000000000e+00	12
778	1.000000000000000e+00	18
779	1.000000000000000e+00	8
780	1.000000000000000e+00	4
781	1.000000000000000e+00	8
782	1.000000000000000e+00	40
783	1.000000000000000e+00	4
784	1.000000000000000e+00	2
785	1.000000000000000e+00	16
786	1.000000000000000e+00	4
787	1.000000000000000e+00	2
788	1.000000000000000e+00	14
789	1.000000000000000e+00	4
790	1.000000000000000e+00	28
791	1.000000000000000e+00	12
792	1.000000000000000e+00	2
793	1.000000000000000e+00	8
794	1.000000000000000e+00	14
795	1.000000000000000e+00	12
796	1.000000000000000e+00	12
797	1.000000000000000e+00	4
798	1.000000000000000e+00	10
799	1.000000000000000e+00	26
800	1.000000000000000e+00	14
801	1.000000000000000e+00	2
802	1.000000000000000e+00	6
803	1.000000000000000e+00	8
804	1.000000000000000e+00	2
805	1.000000000000000e+00	20
806	1.000000000000000e+00	8
807	1.000000000000000e+00	2
808	1.000000000000000e+00	6
809	1.000000000000000e+00	14
810	1.000000000000000e+00	6
811	1.000000000000000e+00	4
812	1.000000000000000e+00	6
813	1.000000000000000e+00	6
814	1.000000000000000e+00	8
815	1.000000000000000e+00	6
816	1.000000000000000e+00	18
817	1.000000000000000e+00	4
818	1.000000000000000e+00	22
819	1.000000000000000e+00	12
820	1.000000000000000e+00	6
821	1.000000000000000e+00	10
822	1.000000000000000e+00	44
823	1.000000000000000e+00	20
824	1.000000000000000e+00	14
825	1.000000000000000e+00	16
826	1.000000000000000e+00	24
827	1.000000000000000e+00	14
828	1.000000000000000e+00	6
829	1.000000000000000e+00	8
830	1.000000000000000e+00	4
831	1.000000000000000e+00	8
832	1.000000000000000e+00	16
833	1.000000000000000e+00	8
834	1.000000000000000e+00	2
835	1.000000000000000e+00	28
836	1.000000000000000e+00	18
837	1.000000000000000e+00	26
838	1.000000000000000e+00	16
839	1.000000000000000e+00	16
840	1.000000000000000e+00	24
841	1.000000000000000e+00	8
842	1.000000000000000e+00	10
843	1.000000000000000e+00	10
844	1.000000000000000e+00	40
845	1.000000000000000e+00	14
846	1.000000000000000e+00	4
847	1.000000000000000e+00	2
848	1.000000000000000e+00	26
849	1.000000000000000e+00	10
850	1.000000000000000e+00	18
851	1.000000000000000e+00	32
852	1.000000000000000e+00	12
853	1.000000000000000e+00	14
854	1.000000000000000e+00	14
855	1.000000000000000e+00	6
856	1.000000000000000e+00	12
857	1.000000000000000e+00	6
858	1.000000000000000e+00	8
859	1.000000000000000e+00	4
860	1.000000000000000e+00	28
861	1.000000000000000e+00	2
862	1.000000000000000e+00	6
863	1.000000000000000e+00	30
864	1.000000000000000e+00	4
865	1.000000000000000e+00	22
866	1.000000000000000e+00	10
867	1.000000000000000e+00	74
868	1.000000000000000e+00	14
869	1.000000000000000e+00	6
870	1.000000000000000e+00	6
871	1.000000000000000e+00	8
872	1.000000000000000e+00	16
873	1.000000000000000e+00	6
874	1.000000000000000e+00	4
875	1.000000000000000e+00	8
876	1.000000000000000e+00	20
877	1.000000000000000e+00	14
878	1.000000000000000e+00	12
879	1.000000000000000e+00	10
880	1.000000000000000e+00	2
881	1.000000000000000e+00	26
882	1.000000000000000e+00	14
883	1.000000000000000e+00	18
884	1.000000000000000e+00	2
885	1.000000000000000e+00	34
886	1.000000000000000e+00	6
887	1.000000000000000e+00	6
888	1.000000000000000e+00	8
889	1.000000000000000e+00	6
890	1.000000000000000e+00	14
891	1.000000000000000e+00	12
892	1.000000000000000e+00	16
893	1.000000000000000e+00	18
894	1.000000000000000e+00	26
895	1.000000000000000e+00	6
896	1.000000000000000e+00	8
897	1.000000000000000e+00	6
898	1.000000000000000e+00	4
899	1.000000000000000e+00	6
900	1.000000000000000e+00	16
901	1.000000000000000e+00	22
902	1.000000000000000e+00	8
903	1.000000000000000e+00	6
904	1.000000000000000e+00	6
905	1.000000000000000e+00	2
906	1.000000000000000e+00	22
907	1.000000000000000e+00	10
908	1.000000000000000e+00	8
909	1.000000000000000e+00	8
910	1.000000000000000e+00	8
911	1.000000000000000e+00	8
912	1.000000000000000e+00	24
913	1.000000000000000e+00	32
914	1.000000000000000e+00	6
915	1.000000000000000e+00	24
916	1.000000000000000e+00	2
917	1.000000000000000e+00	14
918	1.000000000000000e+00	18
919	1.000000000000000e+00	8
920	1.000000000000000e+00	22
921	1.000000000000000e+00	2
922	1.000000000000000e+00	8
923	1.000000000000000e+00	2
924	1.000000000000000e+00	4
925	1.000000000000000e+00	6
926	1.000000000000000e+00	24
927	1.000000000000000e+00	8
928	1.000000000000000e+00	2
929	1.000000000000000e+00	26
930	1.000000000000000e+00	6
931	1.000000000000000e+00	16
932	1.000000000000000e+00	6
933	1.000000000000000e+00	2
934	1.000000000000000e+00	18
935	1.000000000000000e+00	16
936	1.000000000000000e+00	12
937	1.000000000000000e+00	24
938	1.000000000000000e+00	18
939	1.000000000000000e+00	2
940	1.000000000000000e+00	8
941	1.000000000000000e+00	20
942	1.000000000000000e+00	6
943	1.000000000000000e+00	14
944	1.000000000000000e+00	12
945	1.000000000000000e+00	14
946	1.000000000000000e+00	36
947	1.000000000000000e+00	2
948	1.000000000000000e+00	12
949	1.000000000000000e+00	20
950	1.000000000000000e+00	4
951	1.000000000000000e+00	16
952	1.000000000000000e+00	22
953	1.000000000000000e+00	12
954	1.000000000000000e+00	38
955	1.000000000000000e+00	18
956	1.000000000000000e+00	16
957	1.000000000000000e+00	10
958	1.000000000000000e+00	6
959	1.000000000000000e+00	18
960	1.000000000000000e+00	2
961	1.000000000000000e+00	4
962	1.000000000000000e+00	18
963	1.000000000000000e+00	6
964	1.000000000000000e+00	10
965	1.000000000000000e+00	20
966	1.000000000000000e+00	6
967	1.000000000000000e+00	8
968	1.000000000000000e+00	8
969	1.000000000000000e+00	10
970	1.000000000000000e+00	2
971	1.000000000000000e+00	14
972	1.000000000000000e+00	8
973	1.000000000000000e+00	62
974	1.000000000000000e+00	4
975	1.000000000000000e+00	18
976	1.000000000000000e+00	8
977	1.000000000000000e+00	10
978	1.000000000000000e+00	8
979	1.000000000000000e+00	20
980	1.000000000000000e+00	12
981	1.000000000000000e+00	18
982	1.000000000000000e+00	22
983	1.000000000000000e+00	16
984	1.000000000000000e+00	10
985	1.000000000000000e+00	18
986	1.000000000000000e+00	14
987	1.000000000000000e+00	26
988	1.000000000000000e+00	6
989	1.000000000000000e+00	10
990	1.000000000000000e+00	4
991	1.000000000000000e+00	2
992	1.000000000000000e+00	12
993	1.000000000000000e+00	8
994	1.000000000000000e+00	12
995	1.000000000000000e+00	8
996	1.000000000000000e+00	12
997	1.000000000000000e+00	4
998	1.000000000000000e+00	18
999	1.000000000000000e+00	8
1000	1.000000000000000e+00	2


Tempo gasto: 10.165496
