Método usado: LUUS JAAKOLA

POSIÇÃO	ÁREA(mm²)	CUSTO

1	1.000000000000000e+00	4
2	1.000000000000000e+00	16
3	1.000000000000000e+00	30
4	1.000000000000000e+00	12
5	1.000000000000000e+00	4
6	1.000000000000000e+00	34
7	1.000000000000000e+00	8
8	1.000000000000000e+00	12
9	1.000000000000000e+00	24
10	1.000000000000000e+00	14
11	1.000000000000000e+00	32
12	1.000000000000000e+00	12
13	1.000000000000000e+00	12
14	1.000000000000000e+00	38
15	1.000000000000000e+00	2
16	1.000000000000000e+00	14
17	1.000000000000000e+00	6
18	1.000000000000000e+00	18
19	1.000000000000000e+00	46
20	1.000000000000000e+00	18
21	1.000000000000000e+00	26
22	1.000000000000000e+00	8
23	1.000000000000000e+00	18
24	1.000000000000000e+00	8
25	1.000000000000000e+00	24
26	1.000000000000000e+00	6
27	1.000000000000000e+00	8
28	1.000000000000000e+00	16
29	1.000000000000000e+00	18
30	1.000000000000000e+00	6
31	1.000000000000000e+00	16
32	1.000000000000000e+00	14
33	1.000000000000000e+00	22
34	1.000000000000000e+00	4
35	1.000000000000000e+00	26
36	1.000000000000000e+00	8
37	1.000000000000000e+00	2
38	1.000000000000000e+00	18
39	1.000000000000000e+00	36
40	1.000000000000000e+00	8
41	1.000000000000000e+00	12
42	1.000000000000000e+00	10
43	1.000000000000000e+00	2
44	1.000000000000000e+00	6
45	1.000000000000000e+00	24
46	1.000000000000000e+00	2
47	1.000000000000000e+00	2
48	1.000000000000000e+00	10
49	1.000000000000000e+00	2
50	1.000000000000000e+00	4
51	1.000000000000000e+00	2
52	1.000000000000000e+00	6
53	1.000000000000000e+00	6
54	1.000000000000000e+00	32
55	1.000000000000000e+00	2
56	1.000000000000000e+00	4
57	1.000000000000000e+00	6
58	1.000000000000000e+00	22
59	1.000000000000000e+00	30
60	1.000000000000000e+00	8
61	1.000000000000000e+00	8
62	1.000000000000000e+00	2
63	1.000000000000000e+00	2
64	1.000000000000000e+00	4
65	1.000000000000000e+00	2
66	1.000000000000000e+00	16
67	1.000000000000000e+00	4
68	1.000000000000000e+00	46
69	1.000000000000000e+00	14
70	1.000000000000000e+00	8
71	1.000000000000000e+00	6
72	1.000000000000000e+00	10
73	1.000000000000000e+00	4
74	1.000000000000000e+00	26
75	1.000000000000000e+00	44
76	1.000000000000000e+00	36
77	1.000000000000000e+00	2
78	1.000000000000000e+00	32
79	1.000000000000000e+00	16
80	1.000000000000000e+00	10
81	1.000000000000000e+00	12
82	1.000000000000000e+00	14
83	1.000000000000000e+00	6
84	1.000000000000000e+00	4
85	1.000000000000000e+00	14
86	1.000000000000000e+00	6
87	1.000000000000000e+00	12
88	1.000000000000000e+00	12
89	1.000000000000000e+00	6
90	1.000000000000000e+00	16
91	1.000000000000000e+00	10
92	1.000000000000000e+00	34
93	1.000000000000000e+00	24
94	1.000000000000000e+00	2
95	1.000000000000000e+00	30
96	1.000000000000000e+00	6
97	1.000000000000000e+00	12
98	1.000000000000000e+00	12
99	1.000000000000000e+00	12
100	1.000000000000000e+00	4
101	1.000000000000000e+00	36
102	1.000000000000000e+00	2
103	1.000000000000000e+00	16
104	1.000000000000000e+00	20
105	1.000000000000000e+00	2
106	1.000000000000000e+00	18
107	1.000000000000000e+00	16
108	1.000000000000000e+00	16
109	1.000000000000000e+00	6
110	1.000000000000000e+00	2
111	1.000000000000000e+00	4
112	1.000000000000000e+00	12
113	1.000000000000000e+00	20
114	1.000000000000000e+00	24
115	1.000000000000000e+00	8
116	1.000000000000000e+00	4
117	1.000000000000000e+00	4
118	1.000000000000000e+00	4
119	1.000000000000000e+00	4
120	1.000000000000000e+00	6
121	1.000000000000000e+00	6
122	1.000000000000000e+00	2
123	1.000000000000000e+00	6
124	1.000000000000000e+00	8
125	1.000000000000000e+00	14
126	1.000000000000000e+00	22
127	1.000000000000000e+00	30
128	1.000000000000000e+00	28
129	1.000000000000000e+00	12
130	1.000000000000000e+00	6
131	1.000000000000000e+00	12
132	1.000000000000000e+00	2
133	1.000000000000000e+00	4
134	1.000000000000000e+00	6
135	1.000000000000000e+00	2
136	1.000000000000000e+00	18
137	1.000000000000000e+00	8
138	1.000000000000000e+00	14
139	1.000000000000000e+00	4
140	1.000000000000000e+00	18
141	1.000000000000000e+00	8
142	1.000000000000000e+00	2
143	1.000000000000000e+00	14
144	1.000000000000000e+00	22
145	1.000000000000000e+00	16
146	1.000000000000000e+00	8
147	1.000000000000000e+00	12
148	1.000000000000000e+00	22
149	1.000000000000000e+00	4
150	1.000000000000000e+00	16
151	1.000000000000000e+00	10
152	1.000000000000000e+00	16
153	1.000000000000000e+00	22
154	1.000000000000000e+00	2
155	1.000000000000000e+00	102
156	1.000000000000000e+00	18
157	1.000000000000000e+00	20
158	1.000000000000000e+00	6
159	1.000000000000000e+00	2
160	1.000000000000000e+00	6
161	1.000000000000000e+00	18
162	1.000000000000000e+00	6
163	1.000000000000000e+00	12
164	1.000000000000000e+00	8
165	1.000000000000000e+00	20
166	1.000000000000000e+00	2
167	1.000000000000000e+00	14
168	1.000000000000000e+00	22
169	1.000000000000000e+00	6
170	1.000000000000000e+00	14
171	1.000000000000000e+00	24
172	1.000000000000000e+00	10
173	1.000000000000000e+00	2
174	1.000000000000000e+00	26
175	1.000000000000000e+00	16
176	1.000000000000000e+00	2
177	1.000000000000000e+00	2
178	1.000000000000000e+00	2
179	1.000000000000000e+00	4
180	1.000000000000000e+00	18
181	1.000000000000000e+00	10
182	1.000000000000000e+00	28
183	1.000000000000000e+00	6
184	1.000000000000000e+00	16
185	1.000000000000000e+00	6
186	1.000000000000000e+00	6
187	1.000000000000000e+00	4
188	1.000000000000000e+00	16
189	1.000000000000000e+00	6
190	1.000000000000000e+00	12
191	1.000000000000000e+00	6
192	1.000000000000000e+00	6
193	1.000000000000000e+00	2
194	1.000000000000000e+00	20
195	1.000000000000000e+00	2
196	1.000000000000000e+00	2
197	1.000000000000000e+00	4
198	1.000000000000000e+00	4
199	1.000000000000000e+00	2
200	1.000000000000000e+00	38
201	1.000000000000000e+00	12
202	1.000000000000000e+00	4
203	1.000000000000000e+00	6
204	1.000000000000000e+00	4
205	1.000000000000000e+00	10
206	1.000000000000000e+00	10
207	1.000000000000000e+00	22
208	1.000000000000000e+00	28
209	1.000000000000000e+00	32
210	1.000000000000000e+00	22
211	1.000000000000000e+00	4
212	1.000000000000000e+00	4
213	1.000000000000000e+00	18
214	1.000000000000000e+00	4
215	1.000000000000000e+00	6
216	1.000000000000000e+00	24
217	1.000000000000000e+00	42
218	1.000000000000000e+00	4
219	1.000000000000000e+00	10
220	1.000000000000000e+00	12
221	1.000000000000000e+00	24
222	1.000000000000000e+00	22
223	1.000000000000000e+00	10
224	1.000000000000000e+00	12
225	1.000000000000000e+00	6
226	1.000000000000000e+00	30
227	1.000000000000000e+00	14
228	1.000000000000000e+00	22
229	1.000000000000000e+00	10
230	1.000000000000000e+00	4
231	1.000000000000000e+00	20
232	1.000000000000000e+00	12
233	1.000000000000000e+00	2
234	1.000000000000000e+00	2
235	1.000000000000000e+00	16
236	1.000000000000000e+00	14
237	1.000000000000000e+00	34
238	1.000000000000000e+00	12
239	1.000000000000000e+00	6
240	1.000000000000000e+00	10
241	1.000000000000000e+00	16
242	1.000000000000000e+00	16
243	1.000000000000000e+00	10
244	1.000000000000000e+00	6
245	1.000000000000000e+00	2
246	1.000000000000000e+00	10
247	1.000000000000000e+00	10
248	1.000000000000000e+00	4
249	1.000000000000000e+00	10
250	1.000000000000000e+00	4
251	1.000000000000000e+00	8
252	1.000000000000000e+00	12
253	1.000000000000000e+00	32
254	1.000000000000000e+00	14
255	1.000000000000000e+00	50
256	1.000000000000000e+00	8
257	1.000000000000000e+00	8
258	1.000000000000000e+00	10
259	1.000000000000000e+00	18
260	1.000000000000000e+00	16
261	1.000000000000000e+00	2
262	1.000000000000000e+00	6
263	1.000000000000000e+00	20
264	1.000000000000000e+00	18
265	1.000000000000000e+00	20
266	1.000000000000000e+00	14
267	1.000000000000000e+00	36
268	1.000000000000000e+00	10
269	1.000000000000000e+00	14
270	1.000000000000000e+00	20
271	1.000000000000000e+00	6
272	1.000000000000000e+00	6
273	1.000000000000000e+00	4
274	1.000000000000000e+00	14
275	1.000000000000000e+00	12
276	1.000000000000000e+00	4
277	1.000000000000000e+00	20
278	1.000000000000000e+00	8
279	1.000000000000000e+00	16
280	1.000000000000000e+00	6
281	1.000000000000000e+00	10
282	1.000000000000000e+00	6
283	1.000000000000000e+00	4
284	1.000000000000000e+00	6
285	1.000000000000000e+00	6
286	1.000000000000000e+00	22
287	1.000000000000000e+00	22
288	1.000000000000000e+00	12
289	1.000000000000000e+00	14
290	1.000000000000000e+00	22
291	1.000000000000000e+00	10
292	1.000000000000000e+00	2
293	1.000000000000000e+00	10
294	1.000000000000000e+00	6
295	1.000000000000000e+00	26
296	1.000000000000000e+00	4
297	1.000000000000000e+00	6
298	1.000000000000000e+00	52
299	1.000000000000000e+00	20
300	1.000000000000000e+00	24
301	1.000000000000000e+00	14
302	1.000000000000000e+00	18
303	1.000000000000000e+00	6
304	1.000000000000000e+00	12
305	1.000000000000000e+00	6
306	1.000000000000000e+00	12
307	1.000000000000000e+00	4
308	1.000000000000000e+00	4
309	1.000000000000000e+00	18
310	1.000000000000000e+00	34
311	1.000000000000000e+00	12
312	1.000000000000000e+00	22
313	1.000000000000000e+00	32
314	1.000000000000000e+00	8
315	1.000000000000000e+00	4
316	1.000000000000000e+00	8
317	1.000000000000000e+00	28
318	1.000000000000000e+00	6
319	1.000000000000000e+00	28
320	1.000000000000000e+00	16
321	1.000000000000000e+00	24
322	1.000000000000000e+00	34
323	1.000000000000000e+00	18
324	1.000000000000000e+00	12
325	1.000000000000000e+00	8
326	1.000000000000000e+00	6
327	1.000000000000000e+00	60
328	1.000000000000000e+00	8
329	1.000000000000000e+00	10
330	1.000000000000000e+00	18
331	1.000000000000000e+00	4
332	1.000000000000000e+00	26
333	1.000000000000000e+00	24
334	1.000000000000000e+00	8
335	1.000000000000000e+00	2
336	1.000000000000000e+00	20
337	1.000000000000000e+00	16
338	1.000000000000000e+00	12
339	1.000000000000000e+00	8
340	1.000000000000000e+00	6
341	1.000000000000000e+00	2
342	1.000000000000000e+00	2
343	1.000000000000000e+00	18
344	1.000000000000000e+00	14
345	1.000000000000000e+00	8
346	1.000000000000000e+00	6
347	1.000000000000000e+00	2
348	1.000000000000000e+00	6
349	1.000000000000000e+00	2
350	1.000000000000000e+00	10
351	1.000000000000000e+00	40
352	1.000000000000000e+00	16
353	1.000000000000000e+00	8
354	1.000000000000000e+00	14
355	1.000000000000000e+00	12
356	1.000000000000000e+00	2
357	1.000000000000000e+00	10
358	1.000000000000000e+00	2
359	1.000000000000000e+00	6
360	1.000000000000000e+00	4
361	1.000000000000000e+00	4
362	1.000000000000000e+00	2
363	1.000000000000000e+00	10
364	1.000000000000000e+00	8
365	1.000000000000000e+00	2
366	1.000000000000000e+00	34
367	1.000000000000000e+00	8
368	1.000000000000000e+00	18
369	1.000000000000000e+00	6
370	1.000000000000000e+00	30
371	1.000000000000000e+00	16
372	1.000000000000000e+00	22
373	1.000000000000000e+00	8
374	1.000000000000000e+00	2
375	1.000000000000000e+00	18
376	1.000000000000000e+00	12
377	1.000000000000000e+00	16
378	1.000000000000000e+00	2
379	1.000000000000000e+00	4
380	1.000000000000000e+00	2
381	1.000000000000000e+00	20
382	1.000000000000000e+00	10
383	1.000000000000000e+00	26
384	1.000000000000000e+00	14
385	1.000000000000000e+00	10
386	1.000000000000000e+00	44
387	1.000000000000000e+00	10
388	1.000000000000000e+00	12
389	1.000000000000000e+00	2
390	1.000000000000000e+00	22
391	1.000000000000000e+00	10
392	1.000000000000000e+00	10
393	1.000000000000000e+00	4
394	1.000000000000000e+00	10
395	1.000000000000000e+00	2
396	1.000000000000000e+00	4
397	1.000000000000000e+00	8
398	1.000000000000000e+00	16
399	1.000000000000000e+00	12
400	1.000000000000000e+00	6
401	1.000000000000000e+00	20
402	1.000000000000000e+00	10
403	1.000000000000000e+00	2
404	1.000000000000000e+00	6
405	1.000000000000000e+00	16
406	1.000000000000000e+00	4
407	1.000000000000000e+00	14
408	1.000000000000000e+00	6
409	1.000000000000000e+00	12
410	1.000000000000000e+00	8
411	1.000000000000000e+00	10
412	1.000000000000000e+00	2
413	1.000000000000000e+00	6
414	1.000000000000000e+00	12
415	1.000000000000000e+00	6
416	1.000000000000000e+00	22
417	1.000000000000000e+00	8
418	1.000000000000000e+00	2
419	1.000000000000000e+00	4
420	1.000000000000000e+00	12
421	1.000000000000000e+00	2
422	1.000000000000000e+00	14
423	1.000000000000000e+00	10
424	1.000000000000000e+00	16
425	1.000000000000000e+00	2
426	1.000000000000000e+00	4
427	1.000000000000000e+00	2
428	1.000000000000000e+00	12
429	1.000000000000000e+00	14
430	1.000000000000000e+00	8
431	1.000000000000000e+00	14
432	1.000000000000000e+00	22
433	1.000000000000000e+00	20
434	1.000000000000000e+00	10
435	1.000000000000000e+00	58
436	1.000000000000000e+00	14
437	1.000000000000000e+00	4
438	1.000000000000000e+00	8
439	1.000000000000000e+00	2
440	1.000000000000000e+00	10
441	1.000000000000000e+00	22
442	1.000000000000000e+00	14
443	1.000000000000000e+00	8
444	1.000000000000000e+00	8
445	1.000000000000000e+00	12
446	1.000000000000000e+00	6
447	1.000000000000000e+00	60
448	1.000000000000000e+00	38
449	1.000000000000000e+00	44
450	1.000000000000000e+00	4
451	1.000000000000000e+00	26
452	1.000000000000000e+00	18
453	1.000000000000000e+00	6
454	1.000000000000000e+00	4
455	1.000000000000000e+00	8
456	1.000000000000000e+00	18
457	1.000000000000000e+00	12
458	1.000000000000000e+00	4
459	1.000000000000000e+00	8
460	1.000000000000000e+00	6
461	1.000000000000000e+00	12
462	1.000000000000000e+00	2
463	1.000000000000000e+00	8
464	1.000000000000000e+00	12
465	1.000000000000000e+00	8
466	1.000000000000000e+00	2
467	1.000000000000000e+00	4
468	1.000000000000000e+00	2
469	1.000000000000000e+00	14
470	1.000000000000000e+00	34
471	1.000000000000000e+00	6
472	1.000000000000000e+00	14
473	1.000000000000000e+00	12
474	1.000000000000000e+00	6
475	1.000000000000000e+00	12
476	1.000000000000000e+00	12
477	1.000000000000000e+00	12
478	1.000000000000000e+00	10
479	1.000000000000000e+00	44
480	1.000000000000000e+00	4
481	1.000000000000000e+00	20
482	1.000000000000000e+00	4
483	1.000000000000000e+00	22
484	1.000000000000000e+00	10
485	1.000000000000000e+00	26
486	1.000000000000000e+00	4
487	1.000000000000000e+00	4
488	1.000000000000000e+00	2
489	1.000000000000000e+00	10
490	1.000000000000000e+00	22
491	9.589999998736555e-01	762
492	8.999999998958426e-01	736
493	8.489999999860139e-01	708
494	8.000000001306193e-01	728
495	7.500000000375950e-01	672
496	7.000000001350654e-01	676
497	6.500000000874657e-01	646
498	5.999999999837220e-01	760
499	5.499999999101219e-01	760
500	4.999999998552500e-01	712
501	5.499999997458314e-01	664
502	5.999999996461995e-01	718
503	6.499999996516298e-01	802
504	6.999999997600302e-01	742
505	7.499999996524467e-01	764
506	7.999999996151286e-01	786
507	8.499999996621023e-01	742
508	8.999999997323633e-01	744
509	9.499999996038296e-01	722
510	8.999999998067211e-01	696
511	8.499999996561357e-01	764
512	7.999999996711460e-01	730
513	7.499999997048736e-01	718
514	7.999999996839270e-01	794
515	8.499999996933033e-01	688
516	8.999999995086612e-01	672
517	9.499999993389769e-01	688
518	9.999999991073775e-01	732
519	9.999999991499663e-01	748
520	9.999999992507451e-01	714
521	9.999999991901501e-01	746
522	9.999999990509899e-01	772
523	9.999999989217240e-01	712
524	9.999999988768757e-01	746
525	9.999999986804562e-01	720
526	9.999999988622490e-01	598
527	9.999999989090552e-01	786
528	9.999999990795195e-01	736
529	9.999999989399940e-01	728
530	9.999999988041369e-01	740
531	9.999999989150254e-01	664
532	9.999999987348226e-01	578
533	9.999999989014386e-01	630
534	9.999999988588243e-01	712
535	9.999999986946090e-01	718
536	9.999999985439263e-01	728
537	9.999999984369851e-01	780
538	9.999999986050536e-01	720
539	9.999999988082093e-01	748
540	9.999999988010951e-01	762
541	9.999999988330857e-01	642
542	9.999999988067473e-01	722
543	9.999999986190024e-01	724
544	9.999999985535121e-01	714
545	9.999999983820018e-01	710
546	9.999999983013166e-01	672
547	9.999999981639176e-01	622
548	9.999999982470701e-01	730
549	9.999999983134392e-01	698
550	9.999999984724324e-01	728
551	9.999999984705635e-01	714
552	9.999999984962733e-01	748
553	9.999999985323234e-01	670
554	9.999999985702105e-01	716
555	9.999999985398056e-01	712
556	9.999999983698219e-01	670
557	9.999999982121682e-01	744
558	9.999999982751906e-01	632
559	9.999999981588841e-01	676
560	9.999999983301185e-01	706
561	9.999999982677840e-01	772
562	9.999999983878016e-01	630
563	9.999999982597074e-01	672
564	9.999999983323670e-01	644
565	9.999999983547856e-01	678
566	9.999999984614881e-01	740
567	9.999999985035767e-01	754
568	9.999999986992277e-01	532
569	9.999999988140554e-01	692
570	9.999999988890130e-01	740
571	9.999999990898185e-01	730
572	9.999999990890269e-01	652
573	9.999999992525341e-01	680
574	9.999999990959797e-01	590
575	9.999999989241370e-01	706
576	9.999999989647896e-01	734
577	9.999999989200782e-01	642
578	9.999999987642165e-01	668
579	9.999999985615993e-01	702
580	9.999999985801266e-01	700
581	9.999999985702005e-01	736
582	9.999999985322289e-01	740
583	9.999999987314639e-01	756
584	9.999999988634823e-01	742
585	9.999999990462547e-01	702
586	9.999999988715474e-01	752
587	9.999999986996020e-01	698
588	9.999999985141254e-01	760
589	9.999999985719215e-01	756
590	9.999999984582544e-01	704
591	9.999999983894586e-01	656
592	9.999999984959992e-01	748
593	9.999999985632521e-01	750
594	9.999999984807284e-01	692
595	9.999999983875726e-01	778
596	9.999999982845660e-01	764
597	9.999999982542299e-01	778
598	9.999999982015713e-01	738
599	9.999999980238056e-01	736
600	9.999999980580998e-01	750
601	9.999999980532090e-01	636
602	9.999999982379549e-01	684
603	9.999999980859189e-01	654
604	9.999999980328693e-01	634
605	9.999999981826858e-01	626
606	9.999999983505321e-01	682
607	9.999999985120824e-01	668
608	9.999999983907192e-01	654
609	9.999999983364929e-01	660
610	9.999999983675493e-01	622
611	9.999999984013929e-01	604
612	9.999999985863103e-01	580
613	9.999999985966479e-01	706
614	9.999999984926468e-01	724
615	9.999999986515017e-01	712
616	9.999999985189079e-01	734
617	9.999999984210622e-01	702
618	9.999999984523691e-01	670
619	9.999999985239891e-01	676
620	9.999999985071463e-01	712
621	9.999999985603704e-01	674
622	9.999999985657185e-01	738
623	9.999999986165162e-01	666
624	9.999999984941529e-01	686
625	9.999999983029016e-01	772
626	9.999999981105102e-01	666
627	9.999999981108564e-01	702
628	9.999999982912585e-01	682
629	9.999999983557440e-01	586
630	9.999999982193719e-01	698
631	9.999999981507076e-01	736
632	9.999999980614650e-01	722
633	9.999999981876680e-01	636
634	9.999999983635577e-01	738
635	9.999999982326102e-01	714
636	9.999999980356766e-01	756
637	9.999999978964675e-01	744
638	9.999999977309895e-01	696
639	9.999999976071563e-01	672
640	9.999999975515654e-01	774
641	9.999999974136833e-01	732
642	9.999999973050689e-01	706
643	9.999999974675602e-01	798
644	9.999999974184781e-01	674
645	9.999999973115803e-01	684
646	9.999999974630918e-01	690
647	9.999999974959960e-01	748
648	9.999999976801226e-01	668
649	9.999999976964533e-01	732
650	9.999999975767504e-01	754
651	9.999999977390354e-01	716
652	9.999999978277675e-01	652
653	9.999999978537129e-01	786
654	9.999999979625390e-01	744
655	9.999999979791715e-01	686
656	9.999999978671474e-01	772
657	9.999999979251364e-01	702
658	9.999999980542106e-01	616
659	9.999999982132274e-01	738
660	9.999999981954590e-01	712
661	9.999999980414567e-01	640
662	9.999999981953049e-01	720
663	9.999999983127721e-01	712
664	9.999999981454573e-01	728
665	9.999999981212919e-01	748
666	9.999999980946978e-01	568
667	9.999999979275663e-01	738
668	9.999999978572942e-01	730
669	9.999999979710991e-01	744
670	9.999999980293673e-01	710
671	9.999999978539941e-01	722
672	9.999999979766235e-01	732
673	9.999999979316736e-01	698
674	9.999999980146860e-01	770
675	9.999999980241263e-01	650
676	9.999999981010671e-01	808
677	9.999999980453652e-01	712
678	9.999999980608950e-01	800
679	9.999999978652896e-01	736
680	9.999999978531052e-01	738
681	9.999999980469638e-01	708
682	9.999999980394771e-01	710
683	9.999999980235118e-01	690
684	9.999999978767071e-01	746
685	9.999999978710727e-01	736
686	9.999999978809792e-01	752
687	9.999999980528429e-01	696
688	9.999999981183075e-01	712
689	9.999999983093218e-01	668
690	9.999999983121172e-01	522
691	9.999999983783007e-01	768
692	9.999999983970342e-01	728
693	9.999999982798885e-01	690
694	9.999999984168453e-01	710
695	9.999999985762721e-01	742
696	9.999999985400384e-01	728
697	9.999999985151314e-01	670
698	9.999999985210545e-01	730
699	9.999999986852161e-01	714
700	9.999999985508200e-01	758
701	9.999999983858139e-01	770
702	9.999999983258272e-01	618
703	9.999999981354509e-01	662
704	9.999999980481306e-01	722
705	9.999999980983574e-01	716
706	9.999999979681053e-01	722
707	9.999999979584802e-01	732
708	9.999999980420821e-01	758
709	9.999999978896336e-01	740
710	9.999999977297304e-01	748
711	9.999999976519589e-01	750
712	9.999999976547306e-01	794
713	9.999999974780389e-01	770
714	9.999999975523997e-01	690
715	9.999999973745232e-01	752
716	9.999999974096294e-01	682
717	9.999999973351724e-01	708
718	9.999999972965687e-01	774
719	9.999999972897514e-01	736
720	9.999999971344982e-01	656
721	9.999999972209773e-01	736
722	9.999999973431490e-01	770
723	9.999999973952779e-01	700
724	9.999999972526954e-01	736
725	9.999999974289934e-01	532
726	9.999999974227096e-01	744
727	9.999999974035597e-01	638
728	9.999999974288163e-01	672
729	9.999999973502731e-01	650
730	9.999999973545320e-01	778
731	9.999999972458020e-01	736
732	9.999999973375803e-01	696
733	9.999999975377495e-01	588
734	9.999999974458748e-01	768
735	9.999999975867071e-01	750
736	9.999999974212010e-01	704
737	9.999999975098690e-01	706
738	9.999999975765003e-01	760
739	9.999999975524640e-01	718
740	9.999999976101260e-01	754
741	9.999999975906082e-01	724
742	9.999999974780666e-01	694
743	9.999999976640306e-01	708
744	9.999999974993676e-01	740
745	9.999999973360075e-01	706
746	9.999999972733938e-01	774
747	9.999999971003658e-01	654
748	9.999999970110826e-01	758
749	9.999999969425453e-01	504
750	9.999999968121064e-01	750
751	9.999999967186003e-01	710
752	9.999999967678913e-01	726
753	9.999999967759624e-01	672
754	9.999999968656980e-01	698
755	9.999999970559055e-01	622
756	9.999999968741705e-01	766
757	9.999999970134466e-01	744
758	9.999999969320476e-01	746
759	9.999999969409260e-01	764
760	9.999999969654700e-01	776
761	9.999999968164894e-01	750
762	9.999999967996032e-01	748
763	9.999999968019713e-01	696
764	9.999999969913772e-01	690
765	9.999999968938353e-01	718
766	9.999999967337510e-01	708
767	9.999999969279002e-01	608
768	9.999999970897995e-01	658
769	9.999999969062876e-01	722
770	9.999999967929407e-01	724
771	9.999999965976295e-01	764
772	9.999999964605116e-01	710
773	9.999999963533218e-01	682
774	9.999999963681483e-01	698
775	9.999999964315861e-01	708
776	9.999999962453370e-01	678
777	9.999999962245639e-01	688
778	9.999999963142432e-01	776
779	9.999999961363353e-01	716
780	9.999999961860998e-01	712
781	9.999999962300204e-01	738
782	9.999999963784817e-01	652
783	9.999999964577199e-01	722
784	9.999999965288907e-01	656
785	9.999999964042426e-01	722
786	9.999999965851504e-01	678
787	9.999999964492594e-01	672
788	9.999999963217187e-01	748
789	9.999999963433760e-01	766
790	9.999999964021393e-01	660
791	9.999999963764309e-01	774
792	9.999999963332349e-01	726
793	9.999999962391478e-01	748
794	9.999999962746567e-01	642
795	9.999999964384901e-01	672
796	9.999999965832299e-01	772
797	9.999999964510764e-01	600
798	9.999999962753455e-01	756
799	9.999999962237067e-01	696
800	9.999999963228807e-01	764
801	9.999999965005425e-01	610
802	9.999999965201496e-01	792
803	9.999999963913944e-01	732
804	9.999999962459346e-01	702
805	9.999999961289610e-01	762
806	9.999999959619496e-01	664
807	9.999999958208031e-01	658
808	9.999999956535336e-01	774
809	9.999999956493800e-01	694
810	9.999999957504107e-01	700
811	9.999999958686748e-01	562
812	9.999999956925493e-01	592
813	9.999999957518759e-01	694
814	9.999999956372583e-01	764
815	9.999999956247388e-01	556
816	9.999999955512483e-01	694
817	9.999999954937147e-01	730
818	9.999999955595453e-01	716
819	9.999999954889249e-01	684
820	9.999999956072707e-01	534
821	9.999999957680029e-01	624
822	9.999999957234708e-01	746
823	9.999999958726404e-01	746
824	9.999999957805333e-01	516
825	9.999999956232756e-01	718
826	9.999999954647329e-01	766
827	9.999999952705413e-01	744
828	9.999999954387448e-01	620
829	9.999999953327556e-01	758
830	9.999999951513621e-01	720
831	9.999999953358234e-01	616
832	9.999999951866478e-01	710
833	9.999999953270253e-01	690
834	9.999999954698214e-01	706
835	9.999999953208620e-01	770
836	9.999999953708760e-01	718
837	9.999999955271722e-01	698
838	9.999999956993357e-01	678
839	9.999999957298733e-01	744
840	9.999999958857425e-01	664
841	9.999999958311866e-01	698
842	9.999999957459476e-01	768
843	9.999999958459244e-01	750
844	9.999999958393135e-01	670
845	9.999999958521665e-01	710
846	9.999999957088291e-01	732
847	9.999999956480898e-01	712
848	9.999999957957172e-01	710
849	9.999999959300246e-01	766
850	9.999999958498736e-01	668
851	9.999999957283761e-01	728
852	9.999999957779285e-01	744
853	9.999999958279309e-01	712
854	9.999999957064853e-01	760
855	9.999999957668356e-01	754
856	9.999999956958707e-01	758
857	9.999999957340925e-01	768
858	9.999999957059702e-01	728
859	9.999999957314784e-01	680
860	9.999999956168193e-01	700
861	9.999999954223903e-01	756
862	9.999999955586182e-01	756
863	9.999999957561450e-01	670
864	9.999999956737058e-01	754
865	9.999999957339250e-01	586
866	9.999999957712198e-01	704
867	9.999999957160032e-01	720
868	9.999999958877862e-01	724
869	9.999999960801820e-01	770
870	9.999999961653747e-01	766
871	9.999999961278674e-01	674
872	9.999999960502838e-01	670
873	9.999999960027678e-01	714
874	9.999999959890531e-01	706
875	9.999999961354472e-01	668
876	9.999999962723981e-01	698
877	9.999999964398287e-01	738
878	9.999999962755856e-01	718
879	9.999999962315080e-01	714
880	9.999999964106925e-01	634
881	9.999999962739861e-01	682
882	9.999999961068980e-01	672
883	9.999999960106083e-01	610
884	9.999999961747823e-01	714
885	9.999999962370107e-01	630
886	9.999999960454528e-01	730
887	9.999999961654082e-01	622
888	9.999999960681614e-01	704
889	9.999999958640879e-01	672
890	9.999999958031470e-01	762
891	9.999999958124511e-01	704
892	9.999999956318784e-01	710
893	9.999999956761477e-01	644
894	9.999999955656177e-01	680
895	9.999999955783130e-01	746
896	9.999999954047539e-01	742
897	9.999999954737956e-01	678
898	9.999999953756296e-01	762
899	9.999999952711951e-01	740
900	9.999999953076193e-01	662
901	9.999999951550200e-01	724
902	9.999999950171885e-01	744
903	9.999999951220626e-01	732
904	9.999999952327809e-01	740
905	9.999999950560624e-01	714
906	9.999999952352129e-01	692
907	9.999999951481796e-01	734
908	9.999999950325789e-01	758
909	9.999999948327891e-01	684
910	9.999999946709164e-01	730
911	9.999999945244280e-01	696
912	9.999999946196577e-01	692
913	9.999999946604140e-01	744
914	9.999999945043329e-01	660
915	9.999999943394463e-01	660
916	9.999999941916858e-01	710
917	9.999999940801564e-01	740
918	9.999999940712583e-01	714
919	9.999999939826134e-01	724
920	9.999999939124321e-01	746
921	9.999999940407902e-01	716
922	9.999999941184977e-01	702
923	9.999999939505967e-01	674
924	9.999999938484544e-01	746
925	9.999999939290387e-01	682
926	9.999999937509455e-01	752
927	9.999999939352369e-01	732
928	9.999999941158608e-01	680
929	9.999999941961802e-01	752
930	9.999999943422829e-01	788
931	9.999999943083461e-01	726
932	9.999999943186594e-01	750
933	9.999999944578611e-01	708
934	9.999999945078148e-01	684
935	9.999999947114425e-01	730
936	9.999999947512628e-01	712
937	9.999999948385300e-01	758
938	9.999999947948639e-01	716
939	9.999999947085608e-01	788
940	9.999999947014826e-01	714
941	9.999999948206012e-01	630
942	9.999999948403675e-01	702
943	9.999999950031802e-01	664
944	9.999999951045985e-01	748
945	9.999999950381391e-01	586
946	9.999999950396147e-01	718
947	9.999999949072085e-01	734
948	9.999999948245415e-01	728
949	9.999999950162638e-01	758
950	9.999999950835632e-01	730
951	9.999999951356261e-01	604
952	9.999999949776657e-01	674
953	9.999999949069757e-01	770
954	9.999999948806266e-01	750
955	9.999999947623688e-01	598
956	9.999999949242624e-01	664
957	9.999999949883526e-01	736
958	9.999999949268371e-01	678
959	9.999999947459095e-01	694
960	9.999999947653603e-01	750
961	9.999999948597265e-01	786
962	9.999999949271812e-01	698
963	9.999999947930864e-01	674
964	9.999999946339805e-01	620
965	9.999999948088948e-01	712
966	9.999999946729773e-01	676
967	9.999999947749275e-01	668
968	9.999999947637833e-01	696
969	9.999999946995939e-01	730
970	9.999999948135325e-01	684
971	9.999999946903466e-01	754
972	9.999999946056610e-01	714
973	9.999999946861080e-01	668
974	9.999999948398048e-01	710
975	9.999999949063592e-01	722
976	9.999999947822978e-01	724
977	9.999999949159147e-01	666
978	9.999999949374554e-01	710
979	9.999999949068699e-01	740
980	9.999999950363184e-01	732
981	9.999999952004586e-01	680
982	9.999999951650332e-01	766
983	9.999999949951076e-01	740
984	9.999999950843073e-01	706
985	9.999999950948466e-01	652
986	9.999999949717469e-01	692
987	9.999999950073497e-01	696
988	9.999999951174853e-01	752
989	9.999999951100401e-01	746
990	9.999999949707641e-01	748
991	9.999999951089510e-01	714
992	9.999999950269883e-01	676
993	9.999999950031905e-01	716
994	9.999999950532107e-01	616
995	9.999999950195091e-01	712
996	9.999999949340704e-01	684
997	9.999999951146989e-01	676
998	9.999999952160074e-01	748
999	9.999999951273179e-01	636
1000	9.999999950514867e-01	776


Tempo gasto: 220.113689
