Método usado: LUUS JAAKOLA

POSIÇÃO	ÁREA(mm²)	CUSTO

1	1.000000000000000e+00	6
2	1.000000000000000e+00	10
3	1.000000000000000e+00	12
4	1.000000000000000e+00	26
5	1.000000000000000e+00	22
6	1.000000000000000e+00	10
7	1.000000000000000e+00	6
8	1.000000000000000e+00	16
9	1.000000000000000e+00	8
10	1.000000000000000e+00	30
11	1.000000000000000e+00	10
12	1.000000000000000e+00	4
13	1.000000000000000e+00	12
14	1.000000000000000e+00	4
15	1.000000000000000e+00	8
16	1.000000000000000e+00	12
17	1.000000000000000e+00	10
18	1.000000000000000e+00	10
19	1.000000000000000e+00	4
20	1.000000000000000e+00	8
21	1.000000000000000e+00	8
22	1.000000000000000e+00	6
23	1.000000000000000e+00	10
24	1.000000000000000e+00	8
25	1.000000000000000e+00	4
26	1.000000000000000e+00	16
27	1.000000000000000e+00	10
28	1.000000000000000e+00	20
29	1.000000000000000e+00	10
30	1.000000000000000e+00	6
31	1.000000000000000e+00	32
32	1.000000000000000e+00	4
33	1.000000000000000e+00	6
34	1.000000000000000e+00	12
35	1.000000000000000e+00	18
36	1.000000000000000e+00	10
37	1.000000000000000e+00	2
38	1.000000000000000e+00	14
39	1.000000000000000e+00	4
40	1.000000000000000e+00	36
41	1.000000000000000e+00	24
42	1.000000000000000e+00	8
43	1.000000000000000e+00	2
44	1.000000000000000e+00	18
45	1.000000000000000e+00	6
46	1.000000000000000e+00	4
47	1.000000000000000e+00	10
48	1.000000000000000e+00	32
49	1.000000000000000e+00	16
50	1.000000000000000e+00	4
51	1.000000000000000e+00	2
52	1.000000000000000e+00	4
53	1.000000000000000e+00	24
54	1.000000000000000e+00	10
55	1.000000000000000e+00	4
56	1.000000000000000e+00	4
57	1.000000000000000e+00	22
58	1.000000000000000e+00	16
59	1.000000000000000e+00	2
60	1.000000000000000e+00	2
61	1.000000000000000e+00	20
62	1.000000000000000e+00	12
63	1.000000000000000e+00	6
64	1.000000000000000e+00	10
65	1.000000000000000e+00	30
66	1.000000000000000e+00	10
67	1.000000000000000e+00	14
68	1.000000000000000e+00	10
69	1.000000000000000e+00	2
70	1.000000000000000e+00	14
71	1.000000000000000e+00	24
72	1.000000000000000e+00	22
73	1.000000000000000e+00	6
74	1.000000000000000e+00	14
75	1.000000000000000e+00	8
76	1.000000000000000e+00	14
77	1.000000000000000e+00	14
78	1.000000000000000e+00	20
79	1.000000000000000e+00	18
80	1.000000000000000e+00	18
81	1.000000000000000e+00	8
82	1.000000000000000e+00	8
83	1.000000000000000e+00	16
84	1.000000000000000e+00	12
85	1.000000000000000e+00	12
86	1.000000000000000e+00	6
87	1.000000000000000e+00	14
88	1.000000000000000e+00	18
89	1.000000000000000e+00	8
90	1.000000000000000e+00	2
91	1.000000000000000e+00	24
92	1.000000000000000e+00	4
93	1.000000000000000e+00	16
94	1.000000000000000e+00	10
95	1.000000000000000e+00	28
96	1.000000000000000e+00	32
97	1.000000000000000e+00	8
98	1.000000000000000e+00	22
99	1.000000000000000e+00	14
100	1.000000000000000e+00	6
101	1.000000000000000e+00	48
102	1.000000000000000e+00	12
103	1.000000000000000e+00	2
104	1.000000000000000e+00	22
105	1.000000000000000e+00	12
106	1.000000000000000e+00	14
107	1.000000000000000e+00	16
108	1.000000000000000e+00	8
109	1.000000000000000e+00	18
110	1.000000000000000e+00	4
111	1.000000000000000e+00	6
112	1.000000000000000e+00	20
113	1.000000000000000e+00	12
114	1.000000000000000e+00	12
115	1.000000000000000e+00	38
116	1.000000000000000e+00	22
117	1.000000000000000e+00	8
118	1.000000000000000e+00	2
119	1.000000000000000e+00	12
120	1.000000000000000e+00	18
121	1.000000000000000e+00	32
122	1.000000000000000e+00	2
123	1.000000000000000e+00	12
124	1.000000000000000e+00	28
125	1.000000000000000e+00	26
126	1.000000000000000e+00	2
127	1.000000000000000e+00	16
128	1.000000000000000e+00	14
129	1.000000000000000e+00	12
130	1.000000000000000e+00	32
131	1.000000000000000e+00	4
132	1.000000000000000e+00	12
133	1.000000000000000e+00	2
134	1.000000000000000e+00	2
135	1.000000000000000e+00	50
136	1.000000000000000e+00	16
137	1.000000000000000e+00	26
138	1.000000000000000e+00	26
139	1.000000000000000e+00	10
140	1.000000000000000e+00	6
141	1.000000000000000e+00	8
142	1.000000000000000e+00	4
143	1.000000000000000e+00	4
144	1.000000000000000e+00	14
145	1.000000000000000e+00	14
146	1.000000000000000e+00	6
147	1.000000000000000e+00	16
148	1.000000000000000e+00	12
149	1.000000000000000e+00	8
150	1.000000000000000e+00	22
151	1.000000000000000e+00	8
152	1.000000000000000e+00	12
153	1.000000000000000e+00	36
154	1.000000000000000e+00	16
155	1.000000000000000e+00	6
156	1.000000000000000e+00	2
157	1.000000000000000e+00	26
158	1.000000000000000e+00	24
159	1.000000000000000e+00	10
160	1.000000000000000e+00	58
161	1.000000000000000e+00	2
162	1.000000000000000e+00	70
163	1.000000000000000e+00	6
164	1.000000000000000e+00	12
165	1.000000000000000e+00	6
166	1.000000000000000e+00	18
167	1.000000000000000e+00	10
168	1.000000000000000e+00	10
169	1.000000000000000e+00	2
170	1.000000000000000e+00	12
171	1.000000000000000e+00	12
172	1.000000000000000e+00	8
173	1.000000000000000e+00	22
174	1.000000000000000e+00	6
175	1.000000000000000e+00	14
176	1.000000000000000e+00	2
177	1.000000000000000e+00	20
178	1.000000000000000e+00	18
179	1.000000000000000e+00	4
180	1.000000000000000e+00	2
181	1.000000000000000e+00	6
182	1.000000000000000e+00	26
183	1.000000000000000e+00	2
184	1.000000000000000e+00	20
185	1.000000000000000e+00	20
186	1.000000000000000e+00	36
187	1.000000000000000e+00	4
188	1.000000000000000e+00	6
189	1.000000000000000e+00	22
190	1.000000000000000e+00	32
191	1.000000000000000e+00	18
192	1.000000000000000e+00	28
193	1.000000000000000e+00	22
194	1.000000000000000e+00	12
195	1.000000000000000e+00	14
196	1.000000000000000e+00	10
197	1.000000000000000e+00	28
198	1.000000000000000e+00	2
199	1.000000000000000e+00	4
200	1.000000000000000e+00	10
201	1.000000000000000e+00	12
202	1.000000000000000e+00	2
203	1.000000000000000e+00	110
204	1.000000000000000e+00	12
205	1.000000000000000e+00	8
206	1.000000000000000e+00	20
207	1.000000000000000e+00	4
208	1.000000000000000e+00	18
209	1.000000000000000e+00	4
210	1.000000000000000e+00	6
211	1.000000000000000e+00	10
212	1.000000000000000e+00	14
213	1.000000000000000e+00	2
214	1.000000000000000e+00	8
215	1.000000000000000e+00	22
216	1.000000000000000e+00	20
217	1.000000000000000e+00	34
218	1.000000000000000e+00	6
219	1.000000000000000e+00	8
220	1.000000000000000e+00	28
221	1.000000000000000e+00	48
222	1.000000000000000e+00	10
223	1.000000000000000e+00	10
224	1.000000000000000e+00	2
225	1.000000000000000e+00	36
226	1.000000000000000e+00	38
227	1.000000000000000e+00	26
228	1.000000000000000e+00	2
229	1.000000000000000e+00	10
230	1.000000000000000e+00	12
231	1.000000000000000e+00	4
232	1.000000000000000e+00	2
233	1.000000000000000e+00	14
234	1.000000000000000e+00	12
235	1.000000000000000e+00	46
236	1.000000000000000e+00	20
237	1.000000000000000e+00	12
238	1.000000000000000e+00	10
239	1.000000000000000e+00	14
240	1.000000000000000e+00	18
241	1.000000000000000e+00	4
242	1.000000000000000e+00	18
243	1.000000000000000e+00	4
244	1.000000000000000e+00	24
245	1.000000000000000e+00	8
246	1.000000000000000e+00	16
247	1.000000000000000e+00	16
248	1.000000000000000e+00	4
249	1.000000000000000e+00	10
250	1.000000000000000e+00	28
251	1.000000000000000e+00	24
252	1.000000000000000e+00	8
253	1.000000000000000e+00	16
254	1.000000000000000e+00	14
255	1.000000000000000e+00	18
256	1.000000000000000e+00	14
257	1.000000000000000e+00	4
258	1.000000000000000e+00	12
259	1.000000000000000e+00	6
260	1.000000000000000e+00	4
261	1.000000000000000e+00	34
262	1.000000000000000e+00	26
263	1.000000000000000e+00	2
264	1.000000000000000e+00	20
265	1.000000000000000e+00	2
266	1.000000000000000e+00	4
267	1.000000000000000e+00	10
268	1.000000000000000e+00	16
269	1.000000000000000e+00	2
270	1.000000000000000e+00	14
271	1.000000000000000e+00	34
272	1.000000000000000e+00	4
273	1.000000000000000e+00	10
274	1.000000000000000e+00	6
275	1.000000000000000e+00	18
276	1.000000000000000e+00	2
277	1.000000000000000e+00	6
278	1.000000000000000e+00	2
279	1.000000000000000e+00	28
280	1.000000000000000e+00	10
281	1.000000000000000e+00	12
282	1.000000000000000e+00	18
283	1.000000000000000e+00	2
284	1.000000000000000e+00	6
285	1.000000000000000e+00	6
286	1.000000000000000e+00	26
287	1.000000000000000e+00	8
288	1.000000000000000e+00	4
289	1.000000000000000e+00	30
290	1.000000000000000e+00	10
291	1.000000000000000e+00	6
292	1.000000000000000e+00	16
293	1.000000000000000e+00	6
294	1.000000000000000e+00	2
295	1.000000000000000e+00	10
296	1.000000000000000e+00	10
297	1.000000000000000e+00	8
298	1.000000000000000e+00	18
299	1.000000000000000e+00	12
300	1.000000000000000e+00	16
301	1.000000000000000e+00	24
302	1.000000000000000e+00	2
303	1.000000000000000e+00	2
304	1.000000000000000e+00	8
305	1.000000000000000e+00	22
306	1.000000000000000e+00	6
307	1.000000000000000e+00	8
308	1.000000000000000e+00	8
309	1.000000000000000e+00	2
310	1.000000000000000e+00	2
311	1.000000000000000e+00	14
312	1.000000000000000e+00	14
313	1.000000000000000e+00	10
314	1.000000000000000e+00	26
315	1.000000000000000e+00	20
316	1.000000000000000e+00	8
317	1.000000000000000e+00	8
318	1.000000000000000e+00	14
319	1.000000000000000e+00	16
320	1.000000000000000e+00	16
321	1.000000000000000e+00	8
322	1.000000000000000e+00	4
323	1.000000000000000e+00	12
324	1.000000000000000e+00	16
325	1.000000000000000e+00	6
326	1.000000000000000e+00	32
327	1.000000000000000e+00	4
328	1.000000000000000e+00	10
329	1.000000000000000e+00	18
330	1.000000000000000e+00	10
331	1.000000000000000e+00	4
332	1.000000000000000e+00	18
333	1.000000000000000e+00	8
334	1.000000000000000e+00	6
335	1.000000000000000e+00	14
336	1.000000000000000e+00	4
337	1.000000000000000e+00	2
338	1.000000000000000e+00	24
339	1.000000000000000e+00	26
340	1.000000000000000e+00	16
341	1.000000000000000e+00	4
342	1.000000000000000e+00	4
343	1.000000000000000e+00	6
344	1.000000000000000e+00	4
345	1.000000000000000e+00	10
346	1.000000000000000e+00	8
347	1.000000000000000e+00	8
348	1.000000000000000e+00	12
349	1.000000000000000e+00	4
350	1.000000000000000e+00	2
351	1.000000000000000e+00	2
352	9.499942649509683e-01	220
353	8.999823525558440e-01	336
354	8.499742911204206e-01	256
355	7.999675002638317e-01	310
356	7.499709452646323e-01	288
357	6.999699334111418e-01	230
358	6.499839384159682e-01	314
359	5.999786684103997e-01	310
360	5.499832634439140e-01	242
361	4.999762417067944e-01	226
362	4.999803808658290e-01	276
363	5.249843979136183e-01	296
364	5.499778178447855e-01	308
365	5.749752028266807e-01	268
366	5.999640619689035e-01	280
367	6.249506146565067e-01	244
368	6.499563051837287e-01	288
369	6.749618282035980e-01	234
370	6.999499647652916e-01	266
371	7.249494174863773e-01	288
372	7.499618701972002e-01	234
373	7.999482173636364e-01	216
374	8.499350575100670e-01	284
375	8.999166447510055e-01	250
376	9.499002006620425e-01	140
377	9.998778512718673e-01	318
378	9.998893190159774e-01	300
379	9.999004269238631e-01	252
380	9.999165087806015e-01	262
381	9.999030346847088e-01	268
382	9.999126898672311e-01	216
383	9.998987312615001e-01	342
384	9.999065327707615e-01	272
385	9.998972447943621e-01	280
386	9.998939068108721e-01	312
387	9.999028454604187e-01	314
388	9.999120710443108e-01	224
389	9.999037103577715e-01	222
390	9.999045875648385e-01	306
391	9.998924999077404e-01	218
392	9.998899634310097e-01	250
393	9.998781894423694e-01	242
394	9.998960439777308e-01	278
395	9.999061197314427e-01	250
396	9.999236859851104e-01	282
397	9.999070174685566e-01	140
398	9.999215472867587e-01	310
399	9.999110076770515e-01	234
400	9.999070397237971e-01	248
401	9.999073450937883e-01	294
402	9.999010282449927e-01	346
403	9.999040778894871e-01	236
404	9.999150335665968e-01	300
405	9.999237983711490e-01	236
406	9.999435096808816e-01	270
407	9.999530011077947e-01	278
408	9.999561502664592e-01	324
409	9.999560717088219e-01	306
410	9.999741070480026e-01	258
411	9.999627207153299e-01	248
412	9.999483095144072e-01	310
413	9.999385923674580e-01	212
414	9.999347613839135e-01	184
415	9.999424855327576e-01	310
416	9.999278085057984e-01	306
417	9.999283867871948e-01	224
418	9.999353864007056e-01	246
419	9.999301317268372e-01	278
420	9.999172537462706e-01	214
421	9.999275528491689e-01	304
422	9.999253841806003e-01	294
423	9.999332656230893e-01	272
424	9.999328176029104e-01	270
425	9.999205157217331e-01	154
426	9.999062074170783e-01	286
427	9.999112187230544e-01	228
428	9.998940559538594e-01	132
429	9.999119721761183e-01	244
430	9.999252351612811e-01	276
431	9.999298674987124e-01	312
432	9.999110111487883e-01	242
433	9.999090871102639e-01	312
434	9.998912163766575e-01	270
435	9.998952562850445e-01	268
436	9.998951470039593e-01	294
437	9.998832135053612e-01	280
438	9.998733738313726e-01	256
439	9.998543730379821e-01	320
440	9.998705972756549e-01	282
441	9.998686681912996e-01	320
442	9.998829569829073e-01	124
443	9.998953530637749e-01	284
444	9.998760651253924e-01	172
445	9.998909339577932e-01	202
446	9.998980349161694e-01	326
447	9.998934858915032e-01	278
448	9.998777742305011e-01	204
449	9.998632595490281e-01	254
450	9.998545816924787e-01	336
451	9.998347809136452e-01	324
452	9.998372726638834e-01	296
453	9.998484493874682e-01	204
454	9.998493912042560e-01	250
455	9.998353708446055e-01	180
456	9.998514223117894e-01	260
457	9.998581218764898e-01	236
458	9.998465338872492e-01	334
459	9.998369252304850e-01	242
460	9.998426342257658e-01	252
461	9.998234786154960e-01	310
462	9.998428919269974e-01	186
463	9.998616200048439e-01	262
464	9.998435483929533e-01	288
465	9.998319365662502e-01	250
466	9.998396057473840e-01	240
467	9.998379136899813e-01	300
468	9.998405335963535e-01	252
469	9.998262340955381e-01	298
470	9.998088713365821e-01	288
471	9.998182977412404e-01	276
472	9.998319888208642e-01	176
473	9.998420302688412e-01	298
474	9.998619298784490e-01	204
475	9.998563912464483e-01	326
476	9.998496931283292e-01	256
477	9.998348561085247e-01	248
478	9.998163284617878e-01	260
479	9.998344237409400e-01	246
480	9.998438060254846e-01	316
481	9.998244281100874e-01	312
482	9.998374098836178e-01	248
483	9.998480501280727e-01	240
484	9.998556589074786e-01	256
485	9.998471523210373e-01	226
486	9.998587043076610e-01	260
487	9.998696265978075e-01	272
488	9.998688513917096e-01	272
489	9.998534449203601e-01	242
490	9.998349930761510e-01	202
491	9.998339188315907e-01	284
492	9.998502633294333e-01	326
493	9.998425931891456e-01	228
494	9.998622756578498e-01	296
495	9.998704345649424e-01	156
496	9.998596729422817e-01	192
497	9.998609255134745e-01	266
498	9.998792522175061e-01	260
499	9.998793805627247e-01	312
500	9.998650401898372e-01	232
501	9.998520010279053e-01	238
502	9.998378239976023e-01	282
503	9.998453565608301e-01	264
504	9.998301328108792e-01	258
505	9.998226284865034e-01	270
506	9.998319416135549e-01	316
507	9.998440541702448e-01	270
508	9.998280918929657e-01	330
509	9.998224991101401e-01	236
510	9.998098789224782e-01	302
511	9.998202684051952e-01	164
512	9.998022485488017e-01	304
513	9.997930349814038e-01	284
514	9.997878645618172e-01	342
515	9.997869081313177e-01	306
516	9.997796463132415e-01	280
517	9.997625430653057e-01	278
518	9.997429323205698e-01	342
519	9.997321873506376e-01	224
520	9.997463526466307e-01	286
521	9.997602762502404e-01	244
522	9.997680054709833e-01	334
523	9.997517466590703e-01	164
524	9.997423211998683e-01	202
525	9.997365486279455e-01	260
526	9.997303897631842e-01	290
527	9.997386500739470e-01	286
528	9.997351137218284e-01	300
529	9.997429720795316e-01	292
530	9.997484302891354e-01	98
531	9.997593441721138e-01	320
532	9.997494135961570e-01	204
533	9.997654733628193e-01	290
534	9.997603226518338e-01	242
535	9.997609080265937e-01	264
536	9.997438448575929e-01	188
537	9.997482821167170e-01	300
538	9.997503198972276e-01	276
539	9.997390238496167e-01	248
540	9.997548665914946e-01	246
541	9.997662919377509e-01	318
542	9.997713839335085e-01	226
543	9.997805252705340e-01	274
544	9.997934180545822e-01	246
545	9.997931784648967e-01	260
546	9.998048657547647e-01	296
547	9.998119056519220e-01	252
548	9.998137164124589e-01	220
549	9.998141496689309e-01	212
550	9.998025107242541e-01	254
551	9.998022287065372e-01	232
552	9.998129625623116e-01	298
553	9.998083939768851e-01	290
554	9.997898428554123e-01	242
555	9.998053538693722e-01	242
556	9.998128113682079e-01	254
557	9.998227709320076e-01	184
558	9.998277276656548e-01	316
559	9.998350424558635e-01	274
560	9.998516131180275e-01	288
561	9.998377281284484e-01	286
562	9.998528675217396e-01	308
563	9.998435949158023e-01	284
564	9.998480994448747e-01	276
565	9.998625120667388e-01	246
566	9.998476024321482e-01	252
567	9.998384163437637e-01	282
568	9.998331463857077e-01	252
569	9.998517734144965e-01	298
570	9.998437085332164e-01	292
571	9.998360470294159e-01	246
572	9.998446386086159e-01	296
573	9.998304254994771e-01	236
574	9.998176054834215e-01	264
575	9.998205173859833e-01	282
576	9.998204918083617e-01	278
577	9.998335295117543e-01	296
578	9.998137802775775e-01	250
579	9.998123767865404e-01	332
580	9.998190233263743e-01	260
581	9.998170110871673e-01	248
582	9.998016302070742e-01	306
583	9.997840111628102e-01	270
584	9.997770831235093e-01	330
585	9.997853829346095e-01	256
586	9.997985643366299e-01	270
587	9.997916595536814e-01	284
588	9.998030150415278e-01	292
589	9.998121459833819e-01	236
590	9.998234982236083e-01	228
591	9.998229751972429e-01	288
592	9.998189383946817e-01	296
593	9.998375799650784e-01	294
594	9.998534880708264e-01	142
595	9.998612535135404e-01	326
596	9.998598319750202e-01	286
597	9.998482965277515e-01	252
598	9.998323462594086e-01	178
599	9.998497943920549e-01	230
600	9.998506060586998e-01	240
601	9.998591952227875e-01	156
602	9.998565593488883e-01	292
603	9.998533466920888e-01	302
604	9.998343949493885e-01	232
605	9.998228628740045e-01	272
606	9.998158564831556e-01	188
607	9.998276736602971e-01	264
608	9.998083245166565e-01	308
609	9.998006716014942e-01	240
610	9.997973458877525e-01	324
611	9.997989937078456e-01	302
612	9.997805542358623e-01	262
613	9.997709710182139e-01	286
614	9.997735215198599e-01	302
615	9.997539636692160e-01	284
616	9.997611148388249e-01	266
617	9.997598244485497e-01	266
618	9.997512122875392e-01	286
619	9.997484526765703e-01	280
620	9.997390342817105e-01	266
621	9.997384779790168e-01	248
622	9.997497622208832e-01	266
623	9.997412003312788e-01	280
624	9.997225013055167e-01	284
625	9.997214876970923e-01	262
626	9.997361324698107e-01	288
627	9.997328400101038e-01	264
628	9.997456931095310e-01	300
629	9.997455950082575e-01	164
630	9.997559609075442e-01	210
631	9.997719237555147e-01	208
632	9.997696090226368e-01	230
633	9.997856510934358e-01	232
634	9.997729096944933e-01	268
635	9.997798896772033e-01	296
636	9.997952620792151e-01	282
637	9.997991124449381e-01	152
638	9.998098766700368e-01	196
639	9.998105245128530e-01	276
640	9.998219188240002e-01	334
641	9.998338756158188e-01	294
642	9.998357778031780e-01	270
643	9.998492572765418e-01	262
644	9.998591942892584e-01	306
645	9.998420223551434e-01	248
646	9.998399508926045e-01	284
647	9.998324092440218e-01	142
648	9.998286361522206e-01	224
649	9.998366552782181e-01	278
650	9.998458228389854e-01	304
651	9.702547266822984e-01	320
652	9.372596362731902e-01	278
653	9.054514586874449e-01	274
654	8.748434612087200e-01	254
655	8.454469546301925e-01	298
656	8.172396446285716e-01	290
657	7.902569585545516e-01	232
658	7.644468552116375e-01	300
659	7.398519688286022e-01	244
660	7.164505468991924e-01	74
661	6.942587164674315e-01	168
662	6.732730400309269e-01	250
663	6.534866699787233e-01	266
664	6.348801895485316e-01	262
665	6.174831870964507e-01	322
666	6.012844950389828e-01	328
667	5.862912394463833e-01	350
668	5.724842840476058e-01	256
669	5.598887161978376e-01	338
670	5.484998032028334e-01	288
671	5.383058683389875e-01	270
672	5.293036555718826e-01	272
673	5.214982357050367e-01	332
674	5.148961129016478e-01	292
675	5.094995189226781e-01	296
676	5.052989408925254e-01	338
677	5.023048846382523e-01	316
678	5.004957256236963e-01	294
679	4.998887647054998e-01	230
680	5.004912721666434e-01	278
681	5.022930959787288e-01	324
682	5.052951194100385e-01	352
683	5.094872299307386e-01	260
684	5.148887990896154e-01	304
685	5.214910744808995e-01	338
686	5.292821530208648e-01	278
687	5.382695688275665e-01	278
688	5.484704235584259e-01	310
689	5.598724710175038e-01	264
690	5.724773124151610e-01	254
691	5.862756518756361e-01	240
692	6.012690785227424e-01	250
693	6.174562650941361e-01	272
694	6.348619182937728e-01	276
695	6.534477171425582e-01	254
696	6.732403187703617e-01	232
697	6.942429672268510e-01	230
698	7.164376293811250e-01	308
699	7.398309804338667e-01	340
700	7.644181430120782e-01	266
701	7.902112086716379e-01	310
702	8.172031010192112e-01	278
703	8.453959709398534e-01	280
704	8.747983210950732e-01	332
705	9.053839598941685e-01	272
706	9.371711043296457e-01	230
707	9.997620589545274e-01	194
708	9.997718610360801e-01	262
709	9.997782710512173e-01	214
710	9.997606016115147e-01	264
711	9.997478163883849e-01	168
712	9.997516115366591e-01	330
713	9.997416520697949e-01	228
714	9.997242044226879e-01	218
715	9.997389194412033e-01	224
716	9.997317442970797e-01	296
717	9.997400684641302e-01	254
718	9.997333264654984e-01	308
719	9.997444525231899e-01	302
720	9.997490691154753e-01	272
721	9.997583655498280e-01	124
722	9.997580075149801e-01	106
723	9.997385904439028e-01	310
724	9.997281471762333e-01	166
725	9.997142610776233e-01	298
726	9.997246715211521e-01	262
727	9.997261212986521e-01	262
728	9.997223702540672e-01	238
729	9.997073230125172e-01	246
730	9.997086538598831e-01	196
731	9.997178521696558e-01	290
732	9.997109258282617e-01	248
733	9.997035877166431e-01	210
734	9.997190254814859e-01	206
735	9.997353339786064e-01	246
736	9.997485850188031e-01	314
737	9.997640071672564e-01	276
738	9.997759172227225e-01	332
739	9.997741918321665e-01	278
740	9.997881417503105e-01	310
741	9.997753498052102e-01	274
742	9.997579858770810e-01	280
743	9.997450585158537e-01	216
744	9.997517802647292e-01	292
745	9.997651870062273e-01	288
746	9.997769498973177e-01	286
747	9.997876606031737e-01	290
748	9.998072956248214e-01	216
749	9.998113353674956e-01	314
750	9.997984378386673e-01	152
751	9.998160936881437e-01	282
752	9.998309561960463e-01	290
753	9.998407765600067e-01	224
754	9.998288211531060e-01	168
755	9.998142148789704e-01	246
756	9.998100758892631e-01	230
757	9.998018128457339e-01	158
758	9.998201934582018e-01	236
759	9.998176099576791e-01	288
760	9.998276783002767e-01	338
761	9.998104756087651e-01	168
762	9.998235658373587e-01	242
763	9.998207859166530e-01	264
764	9.998132442440023e-01	190
765	9.998193507791495e-01	248
766	9.998022744632025e-01	278
767	9.997872209234110e-01	270
768	9.997987747021509e-01	268
769	9.997823458249380e-01	254
770	9.997898775471076e-01	268
771	9.997799300085465e-01	318
772	9.997596099017317e-01	288
773	9.997531159240201e-01	260
774	9.997588501768108e-01	226
775	9.997650847318841e-01	244
776	9.997709583421368e-01	250
777	9.997773530024895e-01	208
778	9.997860262888134e-01	254
779	9.997861044347585e-01	310
780	9.997751446796171e-01	258
781	9.997740489088496e-01	244
782	9.997843672561887e-01	246
783	9.998028297975151e-01	258
784	9.998193004510617e-01	264
785	9.998366336694412e-01	250
786	9.998260511956876e-01	254
787	9.998130008714481e-01	262
788	9.998204576398741e-01	270
789	9.998280964264863e-01	222
790	9.998234313406520e-01	244
791	9.998213060332864e-01	210
792	9.998391236635993e-01	160
793	9.998535414362520e-01	280
794	9.998738590513332e-01	258
795	9.998830747531624e-01	260
796	9.998840617489022e-01	208
797	9.998696358357285e-01	266
798	9.998544691331506e-01	250
799	9.998603209014295e-01	212
800	9.998420764881384e-01	302
801	9.998484927130891e-01	150
802	9.998628491528837e-01	130
803	9.998776810805614e-01	228
804	9.998736643790284e-01	240
805	9.998573504941862e-01	276
806	9.998507458935832e-01	98
807	9.998499633506279e-01	296
808	9.998370839523870e-01	278
809	9.998333301282573e-01	252
810	9.998183496189597e-01	284
811	9.998000094157817e-01	268
812	9.997874047300059e-01	270
813	9.997971154516477e-01	280
814	9.998096210199097e-01	280
815	9.997896856657040e-01	300
816	9.997802567983995e-01	212
817	9.997625468173851e-01	298
818	9.997758853928134e-01	270
819	9.997828525307803e-01	200
820	9.997806029424848e-01	300
821	9.997791247219682e-01	276
822	9.997693977857106e-01	312
823	9.997655533896240e-01	238
824	9.997537487411593e-01	256
825	9.997527165904523e-01	288
826	9.997426300834058e-01	282
827	9.997570868834648e-01	256
828	9.997674612511397e-01	248
829	9.997530161351568e-01	292
830	9.997353189797258e-01	248
831	9.997398566591229e-01	196
832	9.997469617617344e-01	236
833	9.997430560689895e-01	166
834	9.997427251133180e-01	322
835	9.997283094024705e-01	132
836	9.997250482260119e-01	238
837	9.997301577523965e-01	252
838	9.997139285934910e-01	178
839	9.997238911625267e-01	78
840	9.997370575511706e-01	282
841	9.997391488505440e-01	268
842	9.997509050993755e-01	320
843	9.997336340183409e-01	276
844	9.997197004702182e-01	246
845	9.997120681929136e-01	216
846	9.997140438073808e-01	182
847	9.996952540091437e-01	282
848	9.997126078055933e-01	292
849	9.997332628696844e-01	172
850	9.997304863259255e-01	274
851	9.997461192150282e-01	240
852	9.997380379174103e-01	244
853	9.997282730366980e-01	320
854	9.997333379396485e-01	236
855	9.997430301509823e-01	268
856	9.997559338862029e-01	192
857	9.997462819261683e-01	298
858	9.997339236960233e-01	250
859	9.997184975211897e-01	254
860	9.997171179239071e-01	146
861	9.997224667798519e-01	314
862	9.997180360664042e-01	244
863	9.997311433502414e-01	264
864	9.997254968121125e-01	204
865	9.997415599895195e-01	162
866	9.997256893526703e-01	188
867	9.997343521852465e-01	322
868	9.997461900694511e-01	316
869	9.997468742659428e-01	282
870	9.997438042484411e-01	280
871	9.997577846884150e-01	248
872	9.997512816901550e-01	150
873	9.997467697995309e-01	270
874	9.997410435397431e-01	278
875	9.997368377295954e-01	276
876	9.997425487974405e-01	266
877	9.997323324394104e-01	308
878	9.997441654309475e-01	242
879	9.997449244630949e-01	290
880	9.997544178196810e-01	282
881	9.997723120684686e-01	208
882	9.997862415104846e-01	202
883	9.998003664792741e-01	290
884	9.997812794849280e-01	242
885	9.997703051206727e-01	224
886	9.997553814530222e-01	212
887	9.997684090162098e-01	166
888	9.997767211054387e-01	332
889	9.997817950063891e-01	220
890	9.997818291886355e-01	290
891	9.998009487867590e-01	276
892	9.997996442920990e-01	284
893	9.997935802006592e-01	242
894	9.997820454691699e-01	270
895	9.997722181459571e-01	242
896	9.997601554483716e-01	268
897	9.997569881278457e-01	228
898	9.997574792068605e-01	228
899	9.997724795622984e-01	320
900	9.997872888942770e-01	222
901	9.997908719971280e-01	220
902	9.997874292049518e-01	284
903	9.997982990614567e-01	222
904	9.998071333241373e-01	206
905	9.997983201944901e-01	260
906	9.997858584926066e-01	276
907	9.997895989420226e-01	274
908	9.997956541111341e-01	246
909	9.998035996932800e-01	318
910	9.997980062403882e-01	252
911	9.998014167370876e-01	182
912	9.998158233153750e-01	230
913	9.998160624464227e-01	282
914	9.998350036294621e-01	284
915	9.998386800994502e-01	306
916	9.998235670738045e-01	290
917	9.998102234063543e-01	206
918	9.998089878809228e-01	46
919	9.997943800484926e-01	276
920	9.997949704088874e-01	274
921	9.998031713001886e-01	292
922	9.997853053109380e-01	352
923	9.997790014596053e-01	274
924	9.997849405864101e-01	302
925	9.997731259434189e-01	294
926	9.997879916544410e-01	294
927	9.998041404449268e-01	270
928	9.997912475106887e-01	320
929	9.997847580591475e-01	252
930	9.997714607757885e-01	284
931	9.997813208738715e-01	216
932	9.997985457698423e-01	272
933	9.997946372185422e-01	248
934	9.997808825588872e-01	262
935	9.997910184469265e-01	238
936	9.997809856267981e-01	238
937	9.997994423948572e-01	262
938	9.998158993064544e-01	262
939	9.998244520740738e-01	314
940	9.998335099843315e-01	166
941	9.998219898014090e-01	330
942	9.998205343518252e-01	332
943	9.998042755788439e-01	292
944	9.998227213965465e-01	242
945	9.998266903450311e-01	260
946	9.998237263125247e-01	306
947	9.998141582670603e-01	324
948	9.998058993772014e-01	188
949	9.998168355553535e-01	330
950	9.998122536606485e-01	194
951	9.998133522582880e-01	206
952	9.998204643262134e-01	302
953	9.998085113683405e-01	234
954	9.997942750737074e-01	284
955	9.997944292532912e-01	328
956	9.998007532629914e-01	284
957	9.998157551597511e-01	280
958	9.998026963914517e-01	284
959	9.998049309997776e-01	264
960	9.998092856543409e-01	202
961	9.997938012122651e-01	272
962	9.997739430595146e-01	340
963	9.997868763719330e-01	250
964	9.997751067949862e-01	292
965	9.997660826279300e-01	252
966	9.997744969205691e-01	254
967	9.997708299789788e-01	274
968	9.997629592595010e-01	70
969	9.997464676829072e-01	218
970	9.997629565956300e-01	306
971	9.997811008052810e-01	258
972	9.997936453911184e-01	286
973	9.998097313889790e-01	280
974	9.998205542213351e-01	304
975	9.998040313233193e-01	122
976	9.997954794019167e-01	288
977	9.997952175151579e-01	222
978	9.997847554932575e-01	234
979	9.997666768433956e-01	184
980	9.997816647499261e-01	274
981	9.997755086332868e-01	298
982	9.997938054301320e-01	232
983	9.997853096746407e-01	320
984	9.997648592873737e-01	288
985	9.997597611713456e-01	186
986	9.997655921872812e-01	314
987	9.997559099656385e-01	228
988	9.997538938560206e-01	260
989	9.997611883674827e-01	198
990	9.997501287591711e-01	202
991	9.997469895622647e-01	314
992	9.997667385657991e-01	274
993	9.997543781156286e-01	204
994	9.997452124678795e-01	306
995	9.997316106836029e-01	238
996	9.997210348998704e-01	344
997	9.997240985505480e-01	228
998	9.997238007883988e-01	314
999	9.997326461170705e-01	198
1000	9.997182439394878e-01	266


Tempo gasto: 87.430435
