Método usado: LUUS JAAKOLA

POSIÇÃO	ÁREA(mm²)	CUSTO

1	1.000000000000000e+00	10
2	1.000000000000000e+00	10
3	1.000000000000000e+00	6
4	1.000000000000000e+00	44
5	1.000000000000000e+00	16
6	1.000000000000000e+00	10
7	1.000000000000000e+00	20
8	1.000000000000000e+00	10
9	1.000000000000000e+00	10
10	1.000000000000000e+00	10
11	1.000000000000000e+00	16
12	1.000000000000000e+00	4
13	1.000000000000000e+00	20
14	1.000000000000000e+00	18
15	1.000000000000000e+00	22
16	1.000000000000000e+00	2
17	1.000000000000000e+00	4
18	1.000000000000000e+00	4
19	1.000000000000000e+00	6
20	1.000000000000000e+00	16
21	1.000000000000000e+00	36
22	1.000000000000000e+00	20
23	1.000000000000000e+00	12
24	1.000000000000000e+00	30
25	1.000000000000000e+00	68
26	1.000000000000000e+00	2
27	1.000000000000000e+00	10
28	1.000000000000000e+00	14
29	1.000000000000000e+00	20
30	1.000000000000000e+00	14
31	1.000000000000000e+00	10
32	1.000000000000000e+00	12
33	1.000000000000000e+00	20
34	1.000000000000000e+00	8
35	1.000000000000000e+00	16
36	1.000000000000000e+00	60
37	1.000000000000000e+00	6
38	1.000000000000000e+00	22
39	1.000000000000000e+00	20
40	1.000000000000000e+00	4
41	1.000000000000000e+00	6
42	1.000000000000000e+00	26
43	1.000000000000000e+00	32
44	1.000000000000000e+00	2
45	1.000000000000000e+00	22
46	1.000000000000000e+00	6
47	1.000000000000000e+00	8
48	1.000000000000000e+00	10
49	1.000000000000000e+00	14
50	1.000000000000000e+00	6
51	1.000000000000000e+00	8
52	1.000000000000000e+00	12
53	1.000000000000000e+00	10
54	1.000000000000000e+00	22
55	1.000000000000000e+00	10
56	1.000000000000000e+00	10
57	1.000000000000000e+00	6
58	1.000000000000000e+00	12
59	1.000000000000000e+00	18
60	1.000000000000000e+00	2
61	1.000000000000000e+00	6
62	1.000000000000000e+00	24
63	1.000000000000000e+00	32
64	1.000000000000000e+00	8
65	1.000000000000000e+00	14
66	1.000000000000000e+00	8
67	1.000000000000000e+00	6
68	1.000000000000000e+00	4
69	1.000000000000000e+00	8
70	1.000000000000000e+00	8
71	1.000000000000000e+00	10
72	1.000000000000000e+00	10
73	1.000000000000000e+00	12
74	1.000000000000000e+00	40
75	1.000000000000000e+00	8
76	1.000000000000000e+00	28
77	1.000000000000000e+00	10
78	1.000000000000000e+00	18
79	1.000000000000000e+00	28
80	1.000000000000000e+00	30
81	1.000000000000000e+00	4
82	1.000000000000000e+00	18
83	1.000000000000000e+00	22
84	1.000000000000000e+00	10
85	1.000000000000000e+00	2
86	1.000000000000000e+00	4
87	1.000000000000000e+00	2
88	1.000000000000000e+00	14
89	1.000000000000000e+00	4
90	1.000000000000000e+00	24
91	1.000000000000000e+00	8
92	1.000000000000000e+00	4
93	1.000000000000000e+00	2
94	1.000000000000000e+00	16
95	1.000000000000000e+00	10
96	1.000000000000000e+00	18
97	1.000000000000000e+00	10
98	1.000000000000000e+00	10
99	1.000000000000000e+00	2
100	1.000000000000000e+00	2
101	1.000000000000000e+00	4
102	1.000000000000000e+00	18
103	1.000000000000000e+00	12
104	1.000000000000000e+00	30
105	1.000000000000000e+00	8
106	1.000000000000000e+00	6
107	1.000000000000000e+00	4
108	1.000000000000000e+00	4
109	1.000000000000000e+00	2
110	1.000000000000000e+00	4
111	1.000000000000000e+00	34
112	1.000000000000000e+00	12
113	1.000000000000000e+00	16
114	1.000000000000000e+00	6
115	1.000000000000000e+00	2
116	1.000000000000000e+00	20
117	1.000000000000000e+00	14
118	1.000000000000000e+00	14
119	1.000000000000000e+00	2
120	1.000000000000000e+00	2
121	1.000000000000000e+00	10
122	1.000000000000000e+00	2
123	1.000000000000000e+00	14
124	1.000000000000000e+00	16
125	1.000000000000000e+00	18
126	1.000000000000000e+00	4
127	1.000000000000000e+00	4
128	1.000000000000000e+00	4
129	1.000000000000000e+00	4
130	1.000000000000000e+00	8
131	1.000000000000000e+00	2
132	1.000000000000000e+00	4
133	1.000000000000000e+00	32
134	1.000000000000000e+00	12
135	1.000000000000000e+00	12
136	1.000000000000000e+00	10
137	1.000000000000000e+00	2
138	1.000000000000000e+00	12
139	1.000000000000000e+00	4
140	1.000000000000000e+00	4
141	1.000000000000000e+00	16
142	1.000000000000000e+00	2
143	1.000000000000000e+00	14
144	1.000000000000000e+00	10
145	1.000000000000000e+00	4
146	1.000000000000000e+00	8
147	1.000000000000000e+00	6
148	1.000000000000000e+00	12
149	1.000000000000000e+00	6
150	1.000000000000000e+00	6
151	1.000000000000000e+00	14
152	1.000000000000000e+00	18
153	1.000000000000000e+00	6
154	1.000000000000000e+00	10
155	1.000000000000000e+00	4
156	1.000000000000000e+00	8
157	1.000000000000000e+00	14
158	1.000000000000000e+00	4
159	1.000000000000000e+00	6
160	1.000000000000000e+00	32
161	1.000000000000000e+00	14
162	1.000000000000000e+00	2
163	1.000000000000000e+00	16
164	1.000000000000000e+00	12
165	1.000000000000000e+00	2
166	1.000000000000000e+00	8
167	1.000000000000000e+00	4
168	1.000000000000000e+00	26
169	1.000000000000000e+00	22
170	1.000000000000000e+00	20
171	1.000000000000000e+00	10
172	1.000000000000000e+00	4
173	1.000000000000000e+00	16
174	1.000000000000000e+00	20
175	1.000000000000000e+00	8
176	1.000000000000000e+00	24
177	1.000000000000000e+00	4
178	1.000000000000000e+00	24
179	1.000000000000000e+00	2
180	1.000000000000000e+00	24
181	1.000000000000000e+00	6
182	1.000000000000000e+00	2
183	1.000000000000000e+00	10
184	1.000000000000000e+00	26
185	1.000000000000000e+00	36
186	1.000000000000000e+00	22
187	1.000000000000000e+00	2
188	1.000000000000000e+00	10
189	1.000000000000000e+00	6
190	1.000000000000000e+00	12
191	1.000000000000000e+00	10
192	1.000000000000000e+00	10
193	1.000000000000000e+00	10
194	1.000000000000000e+00	14
195	1.000000000000000e+00	20
196	1.000000000000000e+00	6
197	1.000000000000000e+00	10
198	1.000000000000000e+00	16
199	1.000000000000000e+00	12
200	1.000000000000000e+00	2
201	1.000000000000000e+00	12
202	1.000000000000000e+00	12
203	1.000000000000000e+00	2
204	1.000000000000000e+00	12
205	1.000000000000000e+00	38
206	1.000000000000000e+00	4
207	1.000000000000000e+00	2
208	1.000000000000000e+00	10
209	1.000000000000000e+00	8
210	1.000000000000000e+00	12
211	1.000000000000000e+00	2
212	1.000000000000000e+00	4
213	1.000000000000000e+00	16
214	1.000000000000000e+00	28
215	1.000000000000000e+00	18
216	1.000000000000000e+00	14
217	1.000000000000000e+00	24
218	1.000000000000000e+00	28
219	1.000000000000000e+00	24
220	1.000000000000000e+00	34
221	1.000000000000000e+00	6
222	1.000000000000000e+00	10
223	1.000000000000000e+00	6
224	1.000000000000000e+00	18
225	1.000000000000000e+00	18
226	1.000000000000000e+00	2
227	1.000000000000000e+00	24
228	1.000000000000000e+00	10
229	1.000000000000000e+00	10
230	1.000000000000000e+00	8
231	1.000000000000000e+00	22
232	1.000000000000000e+00	2
233	1.000000000000000e+00	6
234	1.000000000000000e+00	28
235	1.000000000000000e+00	4
236	1.000000000000000e+00	32
237	1.000000000000000e+00	6
238	1.000000000000000e+00	2
239	1.000000000000000e+00	4
240	1.000000000000000e+00	2
241	1.000000000000000e+00	2
242	1.000000000000000e+00	8
243	1.000000000000000e+00	8
244	1.000000000000000e+00	6
245	1.000000000000000e+00	14
246	1.000000000000000e+00	8
247	1.000000000000000e+00	16
248	1.000000000000000e+00	10
249	1.000000000000000e+00	26
250	1.000000000000000e+00	12
251	1.000000000000000e+00	16
252	1.000000000000000e+00	8
253	1.000000000000000e+00	2
254	1.000000000000000e+00	12
255	1.000000000000000e+00	14
256	1.000000000000000e+00	2
257	1.000000000000000e+00	16
258	1.000000000000000e+00	4
259	1.000000000000000e+00	8
260	1.000000000000000e+00	2
261	1.000000000000000e+00	34
262	1.000000000000000e+00	4
263	1.000000000000000e+00	12
264	1.000000000000000e+00	4
265	1.000000000000000e+00	6
266	1.000000000000000e+00	4
267	1.000000000000000e+00	6
268	1.000000000000000e+00	8
269	1.000000000000000e+00	12
270	1.000000000000000e+00	6
271	1.000000000000000e+00	4
272	1.000000000000000e+00	14
273	1.000000000000000e+00	14
274	1.000000000000000e+00	8
275	1.000000000000000e+00	2
276	1.000000000000000e+00	6
277	1.000000000000000e+00	8
278	1.000000000000000e+00	42
279	1.000000000000000e+00	8
280	1.000000000000000e+00	10
281	1.000000000000000e+00	6
282	1.000000000000000e+00	12
283	1.000000000000000e+00	4
284	1.000000000000000e+00	4
285	1.000000000000000e+00	22
286	1.000000000000000e+00	4
287	1.000000000000000e+00	12
288	1.000000000000000e+00	10
289	1.000000000000000e+00	16
290	1.000000000000000e+00	16
291	1.000000000000000e+00	2
292	1.000000000000000e+00	4
293	1.000000000000000e+00	6
294	1.000000000000000e+00	14
295	1.000000000000000e+00	20
296	1.000000000000000e+00	16
297	1.000000000000000e+00	10
298	1.000000000000000e+00	14
299	1.000000000000000e+00	6
300	1.000000000000000e+00	30
301	1.000000000000000e+00	6
302	1.000000000000000e+00	8
303	1.000000000000000e+00	4
304	1.000000000000000e+00	14
305	1.000000000000000e+00	8
306	1.000000000000000e+00	10
307	1.000000000000000e+00	2
308	1.000000000000000e+00	22
309	1.000000000000000e+00	2
310	1.000000000000000e+00	14
311	1.000000000000000e+00	14
312	1.000000000000000e+00	10
313	1.000000000000000e+00	4
314	1.000000000000000e+00	2
315	1.000000000000000e+00	8
316	1.000000000000000e+00	8
317	1.000000000000000e+00	12
318	1.000000000000000e+00	6
319	1.000000000000000e+00	10
320	1.000000000000000e+00	14
321	1.000000000000000e+00	6
322	1.000000000000000e+00	18
323	1.000000000000000e+00	8
324	1.000000000000000e+00	8
325	1.000000000000000e+00	8
326	1.000000000000000e+00	14
327	1.000000000000000e+00	4
328	1.000000000000000e+00	14
329	1.000000000000000e+00	10
330	1.000000000000000e+00	4
331	1.000000000000000e+00	4
332	1.000000000000000e+00	14
333	1.000000000000000e+00	8
334	1.000000000000000e+00	36
335	1.000000000000000e+00	14
336	1.000000000000000e+00	44
337	1.000000000000000e+00	12
338	1.000000000000000e+00	18
339	1.000000000000000e+00	22
340	1.000000000000000e+00	18
341	1.000000000000000e+00	10
342	1.000000000000000e+00	12
343	1.000000000000000e+00	2
344	1.000000000000000e+00	26
345	1.000000000000000e+00	14
346	1.000000000000000e+00	34
347	1.000000000000000e+00	64
348	1.000000000000000e+00	16
349	1.000000000000000e+00	20
350	1.000000000000000e+00	12
351	1.000000000000000e+00	20
352	1.000000000000000e+00	4
353	1.000000000000000e+00	24
354	1.000000000000000e+00	12
355	1.000000000000000e+00	2
356	1.000000000000000e+00	2
357	1.000000000000000e+00	30
358	1.000000000000000e+00	8
359	1.000000000000000e+00	2
360	1.000000000000000e+00	30
361	1.000000000000000e+00	2
362	1.000000000000000e+00	14
363	1.000000000000000e+00	32
364	1.000000000000000e+00	26
365	1.000000000000000e+00	12
366	1.000000000000000e+00	6
367	1.000000000000000e+00	6
368	1.000000000000000e+00	10
369	1.000000000000000e+00	16
370	1.000000000000000e+00	22
371	1.000000000000000e+00	4
372	1.000000000000000e+00	20
373	1.000000000000000e+00	14
374	1.000000000000000e+00	2
375	1.000000000000000e+00	4
376	1.000000000000000e+00	2
377	1.000000000000000e+00	12
378	1.000000000000000e+00	6
379	1.000000000000000e+00	2
380	1.000000000000000e+00	14
381	1.000000000000000e+00	4
382	1.000000000000000e+00	6
383	1.000000000000000e+00	24
384	1.000000000000000e+00	20
385	1.000000000000000e+00	22
386	1.000000000000000e+00	2
387	1.000000000000000e+00	12
388	1.000000000000000e+00	16
389	1.000000000000000e+00	8
390	1.000000000000000e+00	12
391	1.000000000000000e+00	34
392	1.000000000000000e+00	22
393	1.000000000000000e+00	14
394	1.000000000000000e+00	2
395	1.000000000000000e+00	38
396	1.000000000000000e+00	8
397	1.000000000000000e+00	20
398	1.000000000000000e+00	38
399	1.000000000000000e+00	2
400	1.000000000000000e+00	4
401	1.000000000000000e+00	10
402	1.000000000000000e+00	8
403	1.000000000000000e+00	6
404	1.000000000000000e+00	16
405	1.000000000000000e+00	12
406	1.000000000000000e+00	2
407	1.000000000000000e+00	8
408	1.000000000000000e+00	4
409	1.000000000000000e+00	18
410	1.000000000000000e+00	8
411	1.000000000000000e+00	2
412	1.000000000000000e+00	20
413	1.000000000000000e+00	4
414	1.000000000000000e+00	6
415	1.000000000000000e+00	16
416	1.000000000000000e+00	12
417	1.000000000000000e+00	26
418	1.000000000000000e+00	12
419	1.000000000000000e+00	18
420	1.000000000000000e+00	6
421	1.000000000000000e+00	10
422	1.000000000000000e+00	2
423	1.000000000000000e+00	12
424	1.000000000000000e+00	12
425	1.000000000000000e+00	4
426	1.000000000000000e+00	18
427	1.000000000000000e+00	6
428	1.000000000000000e+00	2
429	1.000000000000000e+00	6
430	1.000000000000000e+00	10
431	1.000000000000000e+00	2
432	1.000000000000000e+00	6
433	1.000000000000000e+00	12
434	1.000000000000000e+00	6
435	1.000000000000000e+00	32
436	1.000000000000000e+00	6
437	1.000000000000000e+00	22
438	1.000000000000000e+00	2
439	1.000000000000000e+00	20
440	1.000000000000000e+00	26
441	1.000000000000000e+00	8
442	1.000000000000000e+00	12
443	1.000000000000000e+00	6
444	1.000000000000000e+00	16
445	1.000000000000000e+00	14
446	1.000000000000000e+00	10
447	1.000000000000000e+00	2
448	1.000000000000000e+00	2
449	1.000000000000000e+00	12
450	1.000000000000000e+00	10
451	1.000000000000000e+00	12
452	1.000000000000000e+00	26
453	1.000000000000000e+00	14
454	1.000000000000000e+00	22
455	1.000000000000000e+00	10
456	1.000000000000000e+00	16
457	1.000000000000000e+00	4
458	1.000000000000000e+00	4
459	1.000000000000000e+00	10
460	1.000000000000000e+00	10
461	1.000000000000000e+00	4
462	1.000000000000000e+00	22
463	1.000000000000000e+00	4
464	1.000000000000000e+00	44
465	1.000000000000000e+00	12
466	1.000000000000000e+00	18
467	1.000000000000000e+00	12
468	1.000000000000000e+00	6
469	1.000000000000000e+00	20
470	1.000000000000000e+00	2
471	1.000000000000000e+00	14
472	1.000000000000000e+00	36
473	1.000000000000000e+00	14
474	1.000000000000000e+00	2
475	1.000000000000000e+00	20
476	1.000000000000000e+00	12
477	1.000000000000000e+00	28
478	1.000000000000000e+00	8
479	1.000000000000000e+00	10
480	1.000000000000000e+00	8
481	1.000000000000000e+00	2
482	1.000000000000000e+00	10
483	1.000000000000000e+00	6
484	1.000000000000000e+00	8
485	1.000000000000000e+00	28
486	1.000000000000000e+00	22
487	1.000000000000000e+00	4
488	1.000000000000000e+00	16
489	1.000000000000000e+00	2
490	1.000000000000000e+00	22
491	9.589999998488435e-01	672
492	8.999999999732172e-01	694
493	8.490000001414928e-01	558
494	8.000000002725051e-01	674
495	7.500000001283311e-01	734
496	7.000000001140371e-01	684
497	6.500000000652302e-01	620
498	5.999999999582316e-01	776
499	5.499999999886146e-01	806
500	5.000000000069920e-01	748
501	5.500000000914744e-01	732
502	6.000000001897698e-01	690
503	6.500000001279124e-01	738
504	7.000000000386856e-01	668
505	7.500000000132555e-01	742
506	7.999999999060493e-01	658
507	8.500000000178344e-01	702
508	9.000000001049288e-01	668
509	9.500000002154296e-01	724
510	9.000000002698365e-01	764
511	8.500000002158919e-01	636
512	8.000000001575972e-01	714
513	7.500000002401751e-01	668
514	8.000000002829680e-01	718
515	8.500000004576829e-01	716
516	9.000000004366401e-01	706
517	9.500000002909142e-01	734
518	1.000000000000000e+00	1000
519	1.000000000000000e+00	2
520	1.000000000000000e+00	2
521	1.000000000000000e+00	8
522	1.000000000000000e+00	32
523	1.000000000000000e+00	22
524	1.000000000000000e+00	2
525	1.000000000000000e+00	24
526	1.000000000000000e+00	4
527	1.000000000000000e+00	2
528	1.000000000000000e+00	14
529	1.000000000000000e+00	14
530	1.000000000000000e+00	4
531	1.000000000000000e+00	38
532	1.000000000000000e+00	2
533	1.000000000000000e+00	10
534	1.000000000000000e+00	4
535	1.000000000000000e+00	8
536	1.000000000000000e+00	6
537	1.000000000000000e+00	8
538	1.000000000000000e+00	4
539	1.000000000000000e+00	6
540	1.000000000000000e+00	4
541	1.000000000000000e+00	4
542	1.000000000000000e+00	4
543	1.000000000000000e+00	4
544	1.000000000000000e+00	24
545	1.000000000000000e+00	4
546	1.000000000000000e+00	2
547	1.000000000000000e+00	6
548	1.000000000000000e+00	12
549	1.000000000000000e+00	16
550	1.000000000000000e+00	26
551	1.000000000000000e+00	2
552	1.000000000000000e+00	12
553	1.000000000000000e+00	4
554	1.000000000000000e+00	26
555	1.000000000000000e+00	4
556	1.000000000000000e+00	2
557	1.000000000000000e+00	14
558	1.000000000000000e+00	26
559	1.000000000000000e+00	12
560	1.000000000000000e+00	6
561	1.000000000000000e+00	24
562	1.000000000000000e+00	2
563	1.000000000000000e+00	4
564	1.000000000000000e+00	8
565	1.000000000000000e+00	8
566	1.000000000000000e+00	4
567	1.000000000000000e+00	8
568	1.000000000000000e+00	2
569	1.000000000000000e+00	20
570	1.000000000000000e+00	16
571	1.000000000000000e+00	2
572	1.000000000000000e+00	8
573	1.000000000000000e+00	28
574	1.000000000000000e+00	30
575	1.000000000000000e+00	12
576	1.000000000000000e+00	8
577	1.000000000000000e+00	2
578	1.000000000000000e+00	8
579	1.000000000000000e+00	8
580	1.000000000000000e+00	8
581	1.000000000000000e+00	8
582	1.000000000000000e+00	2
583	1.000000000000000e+00	10
584	1.000000000000000e+00	12
585	1.000000000000000e+00	8
586	1.000000000000000e+00	22
587	1.000000000000000e+00	22
588	1.000000000000000e+00	10
589	1.000000000000000e+00	2
590	1.000000000000000e+00	14
591	1.000000000000000e+00	10
592	1.000000000000000e+00	8
593	1.000000000000000e+00	16
594	1.000000000000000e+00	8
595	1.000000000000000e+00	28
596	1.000000000000000e+00	10
597	1.000000000000000e+00	10
598	1.000000000000000e+00	2
599	1.000000000000000e+00	10
600	1.000000000000000e+00	22
601	1.000000000000000e+00	10
602	1.000000000000000e+00	20
603	1.000000000000000e+00	6
604	1.000000000000000e+00	30
605	1.000000000000000e+00	12
606	1.000000000000000e+00	12
607	1.000000000000000e+00	16
608	1.000000000000000e+00	16
609	1.000000000000000e+00	6
610	1.000000000000000e+00	6
611	1.000000000000000e+00	6
612	1.000000000000000e+00	12
613	1.000000000000000e+00	4
614	1.000000000000000e+00	2
615	1.000000000000000e+00	16
616	1.000000000000000e+00	12
617	1.000000000000000e+00	18
618	1.000000000000000e+00	6
619	1.000000000000000e+00	22
620	1.000000000000000e+00	4
621	1.000000000000000e+00	8
622	1.000000000000000e+00	8
623	1.000000000000000e+00	14
624	1.000000000000000e+00	2
625	1.000000000000000e+00	2
626	1.000000000000000e+00	22
627	1.000000000000000e+00	14
628	1.000000000000000e+00	6
629	1.000000000000000e+00	46
630	1.000000000000000e+00	10
631	1.000000000000000e+00	12
632	1.000000000000000e+00	12
633	1.000000000000000e+00	16
634	1.000000000000000e+00	22
635	1.000000000000000e+00	2
636	1.000000000000000e+00	24
637	1.000000000000000e+00	22
638	1.000000000000000e+00	12
639	1.000000000000000e+00	2
640	1.000000000000000e+00	4
641	1.000000000000000e+00	14
642	1.000000000000000e+00	18
643	1.000000000000000e+00	14
644	1.000000000000000e+00	12
645	1.000000000000000e+00	8
646	1.000000000000000e+00	14
647	1.000000000000000e+00	10
648	1.000000000000000e+00	6
649	1.000000000000000e+00	6
650	1.000000000000000e+00	10
651	1.000000000000000e+00	8
652	1.000000000000000e+00	22
653	1.000000000000000e+00	12
654	1.000000000000000e+00	10
655	1.000000000000000e+00	4
656	1.000000000000000e+00	4
657	1.000000000000000e+00	8
658	1.000000000000000e+00	2
659	1.000000000000000e+00	14
660	1.000000000000000e+00	8
661	1.000000000000000e+00	6
662	1.000000000000000e+00	10
663	1.000000000000000e+00	8
664	1.000000000000000e+00	4
665	1.000000000000000e+00	2
666	1.000000000000000e+00	10
667	1.000000000000000e+00	4
668	1.000000000000000e+00	18
669	1.000000000000000e+00	2
670	1.000000000000000e+00	26
671	1.000000000000000e+00	6
672	1.000000000000000e+00	6
673	1.000000000000000e+00	20
674	1.000000000000000e+00	22
675	1.000000000000000e+00	2
676	1.000000000000000e+00	18
677	1.000000000000000e+00	12
678	1.000000000000000e+00	10
679	1.000000000000000e+00	16
680	1.000000000000000e+00	10
681	1.000000000000000e+00	14
682	1.000000000000000e+00	30
683	1.000000000000000e+00	8
684	1.000000000000000e+00	30
685	1.000000000000000e+00	10
686	1.000000000000000e+00	6
687	1.000000000000000e+00	10
688	1.000000000000000e+00	32
689	1.000000000000000e+00	4
690	1.000000000000000e+00	12
691	1.000000000000000e+00	16
692	1.000000000000000e+00	6
693	1.000000000000000e+00	24
694	1.000000000000000e+00	8
695	1.000000000000000e+00	14
696	1.000000000000000e+00	10
697	1.000000000000000e+00	4
698	1.000000000000000e+00	12
699	1.000000000000000e+00	4
700	1.000000000000000e+00	16
701	1.000000000000000e+00	16
702	1.000000000000000e+00	4
703	1.000000000000000e+00	16
704	1.000000000000000e+00	22
705	1.000000000000000e+00	18
706	1.000000000000000e+00	12
707	1.000000000000000e+00	6
708	1.000000000000000e+00	4
709	1.000000000000000e+00	4
710	1.000000000000000e+00	14
711	1.000000000000000e+00	16
712	1.000000000000000e+00	2
713	1.000000000000000e+00	6
714	1.000000000000000e+00	22
715	1.000000000000000e+00	4
716	1.000000000000000e+00	6
717	1.000000000000000e+00	4
718	1.000000000000000e+00	20
719	1.000000000000000e+00	20
720	1.000000000000000e+00	18
721	1.000000000000000e+00	2
722	1.000000000000000e+00	10
723	1.000000000000000e+00	4
724	1.000000000000000e+00	10
725	1.000000000000000e+00	6
726	1.000000000000000e+00	2
727	1.000000000000000e+00	10
728	1.000000000000000e+00	2
729	1.000000000000000e+00	8
730	1.000000000000000e+00	14
731	1.000000000000000e+00	10
732	1.000000000000000e+00	22
733	1.000000000000000e+00	10
734	1.000000000000000e+00	14
735	1.000000000000000e+00	24
736	1.000000000000000e+00	14
737	1.000000000000000e+00	26
738	1.000000000000000e+00	30
739	1.000000000000000e+00	24
740	1.000000000000000e+00	10
741	1.000000000000000e+00	20
742	1.000000000000000e+00	8
743	1.000000000000000e+00	10
744	1.000000000000000e+00	4
745	1.000000000000000e+00	12
746	1.000000000000000e+00	8
747	1.000000000000000e+00	16
748	1.000000000000000e+00	8
749	1.000000000000000e+00	2
750	1.000000000000000e+00	10
751	1.000000000000000e+00	12
752	1.000000000000000e+00	6
753	1.000000000000000e+00	10
754	1.000000000000000e+00	2
755	1.000000000000000e+00	14
756	1.000000000000000e+00	6
757	1.000000000000000e+00	6
758	1.000000000000000e+00	22
759	1.000000000000000e+00	8
760	1.000000000000000e+00	4
761	1.000000000000000e+00	22
762	1.000000000000000e+00	10
763	1.000000000000000e+00	8
764	1.000000000000000e+00	12
765	1.000000000000000e+00	12
766	1.000000000000000e+00	6
767	1.000000000000000e+00	6
768	1.000000000000000e+00	20
769	1.000000000000000e+00	14
770	1.000000000000000e+00	12
771	1.000000000000000e+00	16
772	1.000000000000000e+00	16
773	1.000000000000000e+00	14
774	1.000000000000000e+00	20
775	1.000000000000000e+00	14
776	1.000000000000000e+00	20
777	1.000000000000000e+00	20
778	1.000000000000000e+00	16
779	1.000000000000000e+00	10
780	1.000000000000000e+00	10
781	1.000000000000000e+00	20
782	1.000000000000000e+00	4
783	1.000000000000000e+00	30
784	1.000000000000000e+00	40
785	1.000000000000000e+00	6
786	1.000000000000000e+00	14
787	1.000000000000000e+00	2
788	1.000000000000000e+00	22
789	1.000000000000000e+00	8
790	1.000000000000000e+00	16
791	1.000000000000000e+00	4
792	1.000000000000000e+00	6
793	1.000000000000000e+00	20
794	1.000000000000000e+00	4
795	1.000000000000000e+00	20
796	1.000000000000000e+00	6
797	1.000000000000000e+00	4
798	1.000000000000000e+00	28
799	1.000000000000000e+00	18
800	1.000000000000000e+00	4
801	1.000000000000000e+00	28
802	1.000000000000000e+00	8
803	1.000000000000000e+00	8
804	1.000000000000000e+00	4
805	1.000000000000000e+00	14
806	1.000000000000000e+00	32
807	1.000000000000000e+00	8
808	1.000000000000000e+00	4
809	1.000000000000000e+00	36
810	1.000000000000000e+00	20
811	1.000000000000000e+00	16
812	1.000000000000000e+00	2
813	1.000000000000000e+00	4
814	1.000000000000000e+00	14
815	1.000000000000000e+00	34
816	1.000000000000000e+00	12
817	1.000000000000000e+00	20
818	1.000000000000000e+00	36
819	1.000000000000000e+00	6
820	1.000000000000000e+00	8
821	1.000000000000000e+00	2
822	1.000000000000000e+00	20
823	1.000000000000000e+00	32
824	1.000000000000000e+00	8
825	1.000000000000000e+00	6
826	1.000000000000000e+00	4
827	1.000000000000000e+00	4
828	1.000000000000000e+00	16
829	1.000000000000000e+00	2
830	1.000000000000000e+00	2
831	1.000000000000000e+00	6
832	1.000000000000000e+00	12
833	1.000000000000000e+00	8
834	1.000000000000000e+00	8
835	1.000000000000000e+00	50
836	1.000000000000000e+00	10
837	1.000000000000000e+00	42
838	1.000000000000000e+00	6
839	1.000000000000000e+00	38
840	1.000000000000000e+00	14
841	1.000000000000000e+00	6
842	1.000000000000000e+00	4
843	1.000000000000000e+00	32
844	1.000000000000000e+00	8
845	1.000000000000000e+00	8
846	1.000000000000000e+00	12
847	1.000000000000000e+00	12
848	1.000000000000000e+00	8
849	1.000000000000000e+00	2
850	1.000000000000000e+00	6
851	1.000000000000000e+00	12
852	1.000000000000000e+00	30
853	1.000000000000000e+00	16
854	1.000000000000000e+00	6
855	1.000000000000000e+00	12
856	1.000000000000000e+00	18
857	1.000000000000000e+00	18
858	1.000000000000000e+00	8
859	1.000000000000000e+00	10
860	1.000000000000000e+00	10
861	1.000000000000000e+00	28
862	1.000000000000000e+00	2
863	1.000000000000000e+00	16
864	1.000000000000000e+00	12
865	1.000000000000000e+00	26
866	1.000000000000000e+00	18
867	1.000000000000000e+00	18
868	1.000000000000000e+00	6
869	1.000000000000000e+00	18
870	1.000000000000000e+00	8
871	1.000000000000000e+00	2
872	1.000000000000000e+00	2
873	1.000000000000000e+00	10
874	1.000000000000000e+00	2
875	1.000000000000000e+00	50
876	1.000000000000000e+00	20
877	1.000000000000000e+00	24
878	1.000000000000000e+00	4
879	1.000000000000000e+00	10
880	1.000000000000000e+00	14
881	1.000000000000000e+00	34
882	1.000000000000000e+00	4
883	1.000000000000000e+00	14
884	1.000000000000000e+00	24
885	1.000000000000000e+00	22
886	1.000000000000000e+00	6
887	1.000000000000000e+00	32
888	1.000000000000000e+00	10
889	1.000000000000000e+00	6
890	1.000000000000000e+00	18
891	1.000000000000000e+00	18
892	1.000000000000000e+00	20
893	1.000000000000000e+00	18
894	1.000000000000000e+00	4
895	1.000000000000000e+00	4
896	1.000000000000000e+00	2
897	1.000000000000000e+00	22
898	1.000000000000000e+00	14
899	1.000000000000000e+00	4
900	1.000000000000000e+00	20
901	1.000000000000000e+00	6
902	1.000000000000000e+00	14
903	1.000000000000000e+00	24
904	1.000000000000000e+00	12
905	1.000000000000000e+00	14
906	1.000000000000000e+00	8
907	1.000000000000000e+00	8
908	1.000000000000000e+00	4
909	1.000000000000000e+00	8
910	1.000000000000000e+00	14
911	1.000000000000000e+00	12
912	1.000000000000000e+00	8
913	1.000000000000000e+00	16
914	1.000000000000000e+00	34
915	1.000000000000000e+00	18
916	1.000000000000000e+00	34
917	1.000000000000000e+00	2
918	1.000000000000000e+00	14
919	1.000000000000000e+00	20
920	1.000000000000000e+00	34
921	1.000000000000000e+00	2
922	1.000000000000000e+00	4
923	1.000000000000000e+00	16
924	1.000000000000000e+00	6
925	1.000000000000000e+00	2
926	1.000000000000000e+00	18
927	1.000000000000000e+00	12
928	1.000000000000000e+00	26
929	1.000000000000000e+00	8
930	1.000000000000000e+00	16
931	1.000000000000000e+00	2
932	1.000000000000000e+00	6
933	1.000000000000000e+00	8
934	1.000000000000000e+00	8
935	1.000000000000000e+00	12
936	1.000000000000000e+00	6
937	1.000000000000000e+00	6
938	1.000000000000000e+00	22
939	1.000000000000000e+00	12
940	1.000000000000000e+00	16
941	1.000000000000000e+00	4
942	1.000000000000000e+00	24
943	1.000000000000000e+00	4
944	1.000000000000000e+00	28
945	1.000000000000000e+00	4
946	1.000000000000000e+00	8
947	1.000000000000000e+00	10
948	1.000000000000000e+00	8
949	1.000000000000000e+00	6
950	1.000000000000000e+00	24
951	1.000000000000000e+00	24
952	1.000000000000000e+00	12
953	1.000000000000000e+00	6
954	1.000000000000000e+00	12
955	1.000000000000000e+00	24
956	1.000000000000000e+00	4
957	1.000000000000000e+00	2
958	1.000000000000000e+00	2
959	1.000000000000000e+00	14
960	1.000000000000000e+00	12
961	1.000000000000000e+00	8
962	1.000000000000000e+00	8
963	1.000000000000000e+00	24
964	1.000000000000000e+00	22
965	1.000000000000000e+00	2
966	1.000000000000000e+00	48
967	1.000000000000000e+00	14
968	1.000000000000000e+00	16
969	1.000000000000000e+00	2
970	1.000000000000000e+00	8
971	1.000000000000000e+00	26
972	1.000000000000000e+00	8
973	1.000000000000000e+00	4
974	1.000000000000000e+00	12
975	1.000000000000000e+00	10
976	1.000000000000000e+00	12
977	1.000000000000000e+00	4
978	1.000000000000000e+00	18
979	1.000000000000000e+00	12
980	1.000000000000000e+00	10
981	1.000000000000000e+00	18
982	1.000000000000000e+00	6
983	1.000000000000000e+00	16
984	1.000000000000000e+00	4
985	1.000000000000000e+00	10
986	1.000000000000000e+00	4
987	1.000000000000000e+00	12
988	1.000000000000000e+00	6
989	1.000000000000000e+00	10
990	1.000000000000000e+00	10
991	1.000000000000000e+00	2
992	1.000000000000000e+00	2
993	1.000000000000000e+00	14
994	1.000000000000000e+00	8
995	1.000000000000000e+00	22
996	1.000000000000000e+00	14
997	1.000000000000000e+00	6
998	1.000000000000000e+00	4
999	1.000000000000000e+00	10
1000	1.000000000000000e+00	18


Tempo gasto: 10.003757
