Método usado: LUUS JAAKOLA

POSIÇÃO	ÁREA(mm²)	CUSTO

1	1.000000000000000e+00	12
2	1.000000000000000e+00	36
3	1.000000000000000e+00	14
4	1.000000000000000e+00	12
5	1.000000000000000e+00	10
6	1.000000000000000e+00	36
7	1.000000000000000e+00	20
8	1.000000000000000e+00	14
9	1.000000000000000e+00	6
10	1.000000000000000e+00	4
11	1.000000000000000e+00	8
12	1.000000000000000e+00	8
13	1.000000000000000e+00	10
14	1.000000000000000e+00	6
15	1.000000000000000e+00	20
16	1.000000000000000e+00	30
17	1.000000000000000e+00	6
18	1.000000000000000e+00	12
19	1.000000000000000e+00	26
20	1.000000000000000e+00	4
21	1.000000000000000e+00	12
22	1.000000000000000e+00	14
23	1.000000000000000e+00	6
24	1.000000000000000e+00	6
25	1.000000000000000e+00	16
26	1.000000000000000e+00	12
27	1.000000000000000e+00	6
28	1.000000000000000e+00	20
29	1.000000000000000e+00	2
30	1.000000000000000e+00	14
31	1.000000000000000e+00	6
32	1.000000000000000e+00	18
33	1.000000000000000e+00	24
34	1.000000000000000e+00	10
35	1.000000000000000e+00	8
36	1.000000000000000e+00	22
37	1.000000000000000e+00	22
38	1.000000000000000e+00	32
39	1.000000000000000e+00	14
40	1.000000000000000e+00	10
41	1.000000000000000e+00	12
42	1.000000000000000e+00	8
43	1.000000000000000e+00	20
44	1.000000000000000e+00	30
45	1.000000000000000e+00	10
46	1.000000000000000e+00	12
47	1.000000000000000e+00	28
48	1.000000000000000e+00	4
49	1.000000000000000e+00	26
50	1.000000000000000e+00	12
51	1.000000000000000e+00	2
52	1.000000000000000e+00	20
53	1.000000000000000e+00	6
54	1.000000000000000e+00	2
55	1.000000000000000e+00	30
56	1.000000000000000e+00	16
57	1.000000000000000e+00	12
58	1.000000000000000e+00	10
59	1.000000000000000e+00	6
60	1.000000000000000e+00	2
61	1.000000000000000e+00	16
62	1.000000000000000e+00	8
63	1.000000000000000e+00	10
64	1.000000000000000e+00	20
65	1.000000000000000e+00	8
66	1.000000000000000e+00	8
67	1.000000000000000e+00	2
68	1.000000000000000e+00	2
69	1.000000000000000e+00	10
70	1.000000000000000e+00	4
71	1.000000000000000e+00	2
72	1.000000000000000e+00	14
73	1.000000000000000e+00	12
74	1.000000000000000e+00	4
75	1.000000000000000e+00	10
76	1.000000000000000e+00	24
77	1.000000000000000e+00	24
78	1.000000000000000e+00	18
79	1.000000000000000e+00	6
80	1.000000000000000e+00	8
81	1.000000000000000e+00	2
82	1.000000000000000e+00	2
83	1.000000000000000e+00	24
84	1.000000000000000e+00	2
85	1.000000000000000e+00	12
86	1.000000000000000e+00	34
87	1.000000000000000e+00	4
88	1.000000000000000e+00	10
89	1.000000000000000e+00	18
90	1.000000000000000e+00	12
91	1.000000000000000e+00	4
92	1.000000000000000e+00	20
93	1.000000000000000e+00	4
94	1.000000000000000e+00	4
95	1.000000000000000e+00	8
96	1.000000000000000e+00	14
97	1.000000000000000e+00	10
98	1.000000000000000e+00	16
99	1.000000000000000e+00	8
100	1.000000000000000e+00	10
101	1.000000000000000e+00	12
102	1.000000000000000e+00	14
103	1.000000000000000e+00	12
104	1.000000000000000e+00	6
105	1.000000000000000e+00	20
106	1.000000000000000e+00	42
107	1.000000000000000e+00	2
108	1.000000000000000e+00	10
109	1.000000000000000e+00	18
110	1.000000000000000e+00	10
111	1.000000000000000e+00	6
112	1.000000000000000e+00	4
113	1.000000000000000e+00	24
114	1.000000000000000e+00	4
115	1.000000000000000e+00	12
116	1.000000000000000e+00	2
117	1.000000000000000e+00	4
118	1.000000000000000e+00	32
119	1.000000000000000e+00	6
120	1.000000000000000e+00	10
121	1.000000000000000e+00	12
122	1.000000000000000e+00	6
123	1.000000000000000e+00	10
124	1.000000000000000e+00	4
125	1.000000000000000e+00	16
126	1.000000000000000e+00	40
127	1.000000000000000e+00	14
128	1.000000000000000e+00	18
129	1.000000000000000e+00	6
130	1.000000000000000e+00	12
131	1.000000000000000e+00	12
132	1.000000000000000e+00	14
133	1.000000000000000e+00	28
134	1.000000000000000e+00	4
135	1.000000000000000e+00	10
136	1.000000000000000e+00	4
137	1.000000000000000e+00	28
138	1.000000000000000e+00	26
139	1.000000000000000e+00	30
140	1.000000000000000e+00	6
141	1.000000000000000e+00	12
142	1.000000000000000e+00	16
143	1.000000000000000e+00	2
144	1.000000000000000e+00	26
145	1.000000000000000e+00	16
146	1.000000000000000e+00	8
147	1.000000000000000e+00	2
148	1.000000000000000e+00	14
149	1.000000000000000e+00	12
150	1.000000000000000e+00	4
151	1.000000000000000e+00	4
152	1.000000000000000e+00	10
153	1.000000000000000e+00	8
154	1.000000000000000e+00	6
155	1.000000000000000e+00	10
156	1.000000000000000e+00	10
157	1.000000000000000e+00	24
158	1.000000000000000e+00	46
159	1.000000000000000e+00	26
160	1.000000000000000e+00	16
161	1.000000000000000e+00	32
162	1.000000000000000e+00	4
163	1.000000000000000e+00	32
164	1.000000000000000e+00	8
165	1.000000000000000e+00	4
166	1.000000000000000e+00	2
167	1.000000000000000e+00	4
168	1.000000000000000e+00	2
169	1.000000000000000e+00	10
170	1.000000000000000e+00	6
171	1.000000000000000e+00	22
172	1.000000000000000e+00	4
173	1.000000000000000e+00	6
174	1.000000000000000e+00	32
175	1.000000000000000e+00	16
176	1.000000000000000e+00	8
177	1.000000000000000e+00	28
178	1.000000000000000e+00	42
179	1.000000000000000e+00	14
180	1.000000000000000e+00	20
181	1.000000000000000e+00	2
182	1.000000000000000e+00	14
183	1.000000000000000e+00	8
184	1.000000000000000e+00	12
185	1.000000000000000e+00	22
186	1.000000000000000e+00	6
187	1.000000000000000e+00	6
188	1.000000000000000e+00	14
189	1.000000000000000e+00	14
190	1.000000000000000e+00	28
191	1.000000000000000e+00	18
192	1.000000000000000e+00	34
193	1.000000000000000e+00	2
194	1.000000000000000e+00	4
195	1.000000000000000e+00	22
196	1.000000000000000e+00	30
197	1.000000000000000e+00	24
198	1.000000000000000e+00	4
199	1.000000000000000e+00	10
200	1.000000000000000e+00	4
201	1.000000000000000e+00	16
202	1.000000000000000e+00	8
203	1.000000000000000e+00	4
204	1.000000000000000e+00	18
205	1.000000000000000e+00	20
206	1.000000000000000e+00	8
207	1.000000000000000e+00	6
208	1.000000000000000e+00	8
209	1.000000000000000e+00	12
210	1.000000000000000e+00	4
211	1.000000000000000e+00	28
212	1.000000000000000e+00	4
213	1.000000000000000e+00	14
214	1.000000000000000e+00	8
215	1.000000000000000e+00	6
216	1.000000000000000e+00	26
217	1.000000000000000e+00	2
218	1.000000000000000e+00	8
219	1.000000000000000e+00	4
220	1.000000000000000e+00	24
221	1.000000000000000e+00	6
222	1.000000000000000e+00	12
223	1.000000000000000e+00	38
224	1.000000000000000e+00	14
225	1.000000000000000e+00	12
226	1.000000000000000e+00	8
227	1.000000000000000e+00	30
228	1.000000000000000e+00	8
229	1.000000000000000e+00	6
230	1.000000000000000e+00	20
231	1.000000000000000e+00	40
232	1.000000000000000e+00	26
233	1.000000000000000e+00	26
234	1.000000000000000e+00	4
235	1.000000000000000e+00	4
236	1.000000000000000e+00	20
237	1.000000000000000e+00	4
238	1.000000000000000e+00	2
239	1.000000000000000e+00	4
240	1.000000000000000e+00	12
241	1.000000000000000e+00	18
242	1.000000000000000e+00	36
243	1.000000000000000e+00	10
244	1.000000000000000e+00	8
245	1.000000000000000e+00	4
246	1.000000000000000e+00	8
247	1.000000000000000e+00	6
248	1.000000000000000e+00	8
249	1.000000000000000e+00	18
250	1.000000000000000e+00	12
251	1.000000000000000e+00	16
252	1.000000000000000e+00	24
253	1.000000000000000e+00	4
254	1.000000000000000e+00	4
255	1.000000000000000e+00	8
256	1.000000000000000e+00	6
257	1.000000000000000e+00	8
258	1.000000000000000e+00	4
259	1.000000000000000e+00	10
260	1.000000000000000e+00	4
261	1.000000000000000e+00	6
262	1.000000000000000e+00	18
263	1.000000000000000e+00	6
264	1.000000000000000e+00	2
265	1.000000000000000e+00	6
266	1.000000000000000e+00	22
267	1.000000000000000e+00	28
268	1.000000000000000e+00	26
269	1.000000000000000e+00	4
270	1.000000000000000e+00	16
271	1.000000000000000e+00	14
272	1.000000000000000e+00	10
273	1.000000000000000e+00	8
274	1.000000000000000e+00	12
275	1.000000000000000e+00	4
276	1.000000000000000e+00	28
277	1.000000000000000e+00	16
278	1.000000000000000e+00	12
279	1.000000000000000e+00	12
280	1.000000000000000e+00	4
281	1.000000000000000e+00	2
282	1.000000000000000e+00	18
283	1.000000000000000e+00	12
284	1.000000000000000e+00	4
285	1.000000000000000e+00	8
286	1.000000000000000e+00	8
287	1.000000000000000e+00	2
288	1.000000000000000e+00	8
289	1.000000000000000e+00	6
290	1.000000000000000e+00	4
291	1.000000000000000e+00	12
292	1.000000000000000e+00	12
293	1.000000000000000e+00	6
294	1.000000000000000e+00	20
295	1.000000000000000e+00	10
296	1.000000000000000e+00	20
297	1.000000000000000e+00	20
298	1.000000000000000e+00	14
299	1.000000000000000e+00	4
300	1.000000000000000e+00	30
301	1.000000000000000e+00	8
302	1.000000000000000e+00	8
303	1.000000000000000e+00	6
304	1.000000000000000e+00	20
305	1.000000000000000e+00	18
306	1.000000000000000e+00	6
307	1.000000000000000e+00	10
308	1.000000000000000e+00	4
309	1.000000000000000e+00	2
310	1.000000000000000e+00	20
311	1.000000000000000e+00	2
312	1.000000000000000e+00	14
313	1.000000000000000e+00	8
314	1.000000000000000e+00	4
315	1.000000000000000e+00	6
316	1.000000000000000e+00	8
317	1.000000000000000e+00	4
318	1.000000000000000e+00	4
319	1.000000000000000e+00	12
320	1.000000000000000e+00	2
321	1.000000000000000e+00	10
322	1.000000000000000e+00	6
323	1.000000000000000e+00	2
324	1.000000000000000e+00	18
325	1.000000000000000e+00	4
326	1.000000000000000e+00	8
327	1.000000000000000e+00	4
328	1.000000000000000e+00	12
329	1.000000000000000e+00	4
330	1.000000000000000e+00	6
331	1.000000000000000e+00	2
332	1.000000000000000e+00	2
333	1.000000000000000e+00	2
334	1.000000000000000e+00	4
335	1.000000000000000e+00	20
336	1.000000000000000e+00	4
337	1.000000000000000e+00	24
338	1.000000000000000e+00	6
339	1.000000000000000e+00	32
340	1.000000000000000e+00	6
341	1.000000000000000e+00	10
342	1.000000000000000e+00	10
343	1.000000000000000e+00	22
344	1.000000000000000e+00	22
345	1.000000000000000e+00	6
346	1.000000000000000e+00	10
347	1.000000000000000e+00	14
348	1.000000000000000e+00	8
349	1.000000000000000e+00	38
350	1.000000000000000e+00	2
351	1.000000000000000e+00	24
352	9.500092073681548e-01	204
353	8.999947798024425e-01	312
354	8.499896311152698e-01	206
355	7.999967288129107e-01	296
356	7.499963455632693e-01	330
357	6.999950570837022e-01	190
358	6.500034602914858e-01	234
359	6.000109750990255e-01	350
360	5.500031025802732e-01	342
361	5.000042115775253e-01	302
362	5.000137648281913e-01	218
363	5.250176526751444e-01	324
364	5.500212790186865e-01	282
365	5.750127094212185e-01	308
366	6.000080509973821e-01	318
367	6.250121782366040e-01	296
368	6.500108776835424e-01	290
369	6.750114849671029e-01	318
370	7.000123145423027e-01	240
371	7.250130133722545e-01	320
372	7.500252763100161e-01	296
373	8.000409090378242e-01	306
374	8.500489603948409e-01	170
375	9.000360735830764e-01	274
376	9.500304038369037e-01	206
377	1.000000000000000e+00	1000
378	1.000000000000000e+00	4
379	1.000000000000000e+00	4
380	1.000000000000000e+00	6
381	1.000000000000000e+00	6
382	1.000000000000000e+00	30
383	1.000000000000000e+00	10
384	1.000000000000000e+00	4
385	1.000000000000000e+00	44
386	1.000000000000000e+00	8
387	1.000000000000000e+00	12
388	1.000000000000000e+00	6
389	1.000000000000000e+00	8
390	1.000000000000000e+00	14
391	1.000000000000000e+00	6
392	1.000000000000000e+00	6
393	1.000000000000000e+00	6
394	1.000000000000000e+00	38
395	1.000000000000000e+00	6
396	1.000000000000000e+00	20
397	1.000000000000000e+00	4
398	1.000000000000000e+00	12
399	1.000000000000000e+00	2
400	1.000000000000000e+00	20
401	1.000000000000000e+00	12
402	1.000000000000000e+00	16
403	1.000000000000000e+00	20
404	1.000000000000000e+00	10
405	1.000000000000000e+00	16
406	1.000000000000000e+00	6
407	1.000000000000000e+00	20
408	1.000000000000000e+00	10
409	1.000000000000000e+00	14
410	1.000000000000000e+00	10
411	1.000000000000000e+00	10
412	1.000000000000000e+00	8
413	1.000000000000000e+00	12
414	1.000000000000000e+00	6
415	1.000000000000000e+00	4
416	1.000000000000000e+00	2
417	1.000000000000000e+00	10
418	1.000000000000000e+00	8
419	1.000000000000000e+00	38
420	1.000000000000000e+00	10
421	1.000000000000000e+00	28
422	1.000000000000000e+00	14
423	1.000000000000000e+00	22
424	1.000000000000000e+00	24
425	1.000000000000000e+00	4
426	1.000000000000000e+00	4
427	1.000000000000000e+00	20
428	1.000000000000000e+00	14
429	1.000000000000000e+00	6
430	1.000000000000000e+00	26
431	1.000000000000000e+00	4
432	1.000000000000000e+00	4
433	1.000000000000000e+00	22
434	1.000000000000000e+00	4
435	1.000000000000000e+00	28
436	1.000000000000000e+00	28
437	1.000000000000000e+00	8
438	1.000000000000000e+00	30
439	1.000000000000000e+00	6
440	1.000000000000000e+00	10
441	1.000000000000000e+00	36
442	1.000000000000000e+00	34
443	1.000000000000000e+00	8
444	1.000000000000000e+00	2
445	1.000000000000000e+00	26
446	1.000000000000000e+00	16
447	1.000000000000000e+00	6
448	1.000000000000000e+00	4
449	1.000000000000000e+00	14
450	1.000000000000000e+00	14
451	1.000000000000000e+00	2
452	1.000000000000000e+00	4
453	1.000000000000000e+00	16
454	1.000000000000000e+00	12
455	1.000000000000000e+00	32
456	1.000000000000000e+00	2
457	1.000000000000000e+00	2
458	1.000000000000000e+00	18
459	1.000000000000000e+00	4
460	1.000000000000000e+00	20
461	1.000000000000000e+00	4
462	1.000000000000000e+00	2
463	1.000000000000000e+00	18
464	1.000000000000000e+00	4
465	1.000000000000000e+00	30
466	1.000000000000000e+00	14
467	1.000000000000000e+00	2
468	1.000000000000000e+00	6
469	1.000000000000000e+00	18
470	1.000000000000000e+00	2
471	1.000000000000000e+00	30
472	1.000000000000000e+00	20
473	1.000000000000000e+00	4
474	1.000000000000000e+00	4
475	1.000000000000000e+00	2
476	1.000000000000000e+00	4
477	1.000000000000000e+00	8
478	1.000000000000000e+00	18
479	1.000000000000000e+00	4
480	1.000000000000000e+00	18
481	1.000000000000000e+00	4
482	1.000000000000000e+00	10
483	1.000000000000000e+00	6
484	1.000000000000000e+00	10
485	1.000000000000000e+00	16
486	1.000000000000000e+00	4
487	1.000000000000000e+00	38
488	1.000000000000000e+00	4
489	1.000000000000000e+00	28
490	1.000000000000000e+00	10
491	1.000000000000000e+00	12
492	1.000000000000000e+00	4
493	1.000000000000000e+00	16
494	1.000000000000000e+00	2
495	1.000000000000000e+00	12
496	1.000000000000000e+00	4
497	1.000000000000000e+00	10
498	1.000000000000000e+00	10
499	1.000000000000000e+00	6
500	1.000000000000000e+00	6
501	1.000000000000000e+00	10
502	1.000000000000000e+00	18
503	1.000000000000000e+00	6
504	1.000000000000000e+00	6
505	1.000000000000000e+00	4
506	1.000000000000000e+00	6
507	1.000000000000000e+00	20
508	1.000000000000000e+00	10
509	1.000000000000000e+00	6
510	1.000000000000000e+00	6
511	1.000000000000000e+00	2
512	1.000000000000000e+00	2
513	1.000000000000000e+00	12
514	1.000000000000000e+00	8
515	1.000000000000000e+00	6
516	1.000000000000000e+00	6
517	1.000000000000000e+00	26
518	1.000000000000000e+00	18
519	1.000000000000000e+00	4
520	1.000000000000000e+00	8
521	1.000000000000000e+00	18
522	1.000000000000000e+00	6
523	1.000000000000000e+00	26
524	1.000000000000000e+00	30
525	1.000000000000000e+00	10
526	1.000000000000000e+00	8
527	1.000000000000000e+00	10
528	1.000000000000000e+00	10
529	1.000000000000000e+00	8
530	1.000000000000000e+00	4
531	1.000000000000000e+00	8
532	1.000000000000000e+00	8
533	1.000000000000000e+00	6
534	1.000000000000000e+00	8
535	1.000000000000000e+00	12
536	1.000000000000000e+00	14
537	1.000000000000000e+00	4
538	1.000000000000000e+00	4
539	1.000000000000000e+00	10
540	1.000000000000000e+00	16
541	1.000000000000000e+00	14
542	1.000000000000000e+00	14
543	1.000000000000000e+00	12
544	1.000000000000000e+00	6
545	1.000000000000000e+00	20
546	1.000000000000000e+00	2
547	1.000000000000000e+00	8
548	1.000000000000000e+00	18
549	1.000000000000000e+00	16
550	1.000000000000000e+00	8
551	1.000000000000000e+00	8
552	1.000000000000000e+00	8
553	1.000000000000000e+00	26
554	1.000000000000000e+00	4
555	1.000000000000000e+00	16
556	1.000000000000000e+00	10
557	1.000000000000000e+00	2
558	1.000000000000000e+00	26
559	1.000000000000000e+00	12
560	1.000000000000000e+00	14
561	1.000000000000000e+00	6
562	1.000000000000000e+00	24
563	1.000000000000000e+00	2
564	1.000000000000000e+00	22
565	1.000000000000000e+00	12
566	1.000000000000000e+00	10
567	1.000000000000000e+00	8
568	1.000000000000000e+00	18
569	1.000000000000000e+00	4
570	1.000000000000000e+00	14
571	1.000000000000000e+00	8
572	1.000000000000000e+00	6
573	1.000000000000000e+00	8
574	1.000000000000000e+00	26
575	1.000000000000000e+00	6
576	1.000000000000000e+00	12
577	1.000000000000000e+00	2
578	1.000000000000000e+00	8
579	1.000000000000000e+00	24
580	1.000000000000000e+00	16
581	1.000000000000000e+00	18
582	1.000000000000000e+00	10
583	1.000000000000000e+00	6
584	1.000000000000000e+00	6
585	1.000000000000000e+00	20
586	1.000000000000000e+00	18
587	1.000000000000000e+00	10
588	1.000000000000000e+00	2
589	1.000000000000000e+00	4
590	1.000000000000000e+00	8
591	1.000000000000000e+00	10
592	1.000000000000000e+00	24
593	1.000000000000000e+00	14
594	1.000000000000000e+00	14
595	1.000000000000000e+00	36
596	1.000000000000000e+00	2
597	1.000000000000000e+00	6
598	1.000000000000000e+00	8
599	1.000000000000000e+00	52
600	1.000000000000000e+00	2
601	1.000000000000000e+00	8
602	1.000000000000000e+00	16
603	1.000000000000000e+00	18
604	1.000000000000000e+00	12
605	1.000000000000000e+00	2
606	1.000000000000000e+00	6
607	1.000000000000000e+00	2
608	1.000000000000000e+00	16
609	1.000000000000000e+00	52
610	1.000000000000000e+00	22
611	1.000000000000000e+00	8
612	1.000000000000000e+00	12
613	1.000000000000000e+00	14
614	1.000000000000000e+00	32
615	1.000000000000000e+00	38
616	1.000000000000000e+00	4
617	1.000000000000000e+00	12
618	1.000000000000000e+00	16
619	1.000000000000000e+00	2
620	1.000000000000000e+00	8
621	1.000000000000000e+00	6
622	1.000000000000000e+00	26
623	1.000000000000000e+00	8
624	1.000000000000000e+00	2
625	1.000000000000000e+00	22
626	1.000000000000000e+00	16
627	1.000000000000000e+00	14
628	1.000000000000000e+00	6
629	1.000000000000000e+00	28
630	1.000000000000000e+00	18
631	1.000000000000000e+00	20
632	1.000000000000000e+00	10
633	1.000000000000000e+00	14
634	1.000000000000000e+00	12
635	1.000000000000000e+00	12
636	1.000000000000000e+00	2
637	1.000000000000000e+00	8
638	1.000000000000000e+00	16
639	1.000000000000000e+00	18
640	1.000000000000000e+00	20
641	1.000000000000000e+00	8
642	1.000000000000000e+00	6
643	1.000000000000000e+00	26
644	1.000000000000000e+00	16
645	1.000000000000000e+00	26
646	1.000000000000000e+00	28
647	1.000000000000000e+00	12
648	1.000000000000000e+00	2
649	1.000000000000000e+00	2
650	1.000000000000000e+00	18
651	9.703826550037868e-01	316
652	9.373981434031085e-01	144
653	9.055820973247465e-01	290
654	8.749736164367585e-01	158
655	8.455883346885305e-01	310
656	8.174038133094129e-01	322
657	7.903984904508338e-01	260
658	7.645931811702587e-01	268
659	7.399842948725400e-01	300
660	7.165714568532818e-01	260
661	6.943784109387978e-01	306
662	6.733851831675343e-01	280
663	6.535771515553134e-01	220
664	6.349698807131093e-01	204
665	6.175667074330700e-01	226
666	6.013763758268666e-01	344
667	5.863687240680853e-01	302
668	5.725586617922365e-01	280
669	5.599660726701021e-01	310
670	5.485593834657791e-01	202
671	5.383552744408799e-01	328
672	5.293596881058360e-01	308
673	5.215598014814607e-01	330
674	5.149507352550005e-01	236
675	5.095581448018958e-01	336
676	5.053549441372313e-01	270
677	5.023534354114652e-01	304
678	5.005445028583974e-01	294
679	4.999525213481327e-01	242
680	5.005464443987450e-01	304
681	5.023373621480488e-01	346
682	5.053449815830456e-01	208
683	5.095420874830681e-01	324
684	5.149343700049471e-01	166
685	5.215280642633943e-01	224
686	5.293170357937337e-01	236
687	5.383172904625861e-01	286
688	5.485137751822814e-01	284
689	5.599201272234297e-01	246
690	5.725076793495708e-01	288
691	5.863065228568213e-01	256
692	6.013017812423924e-01	274
693	6.174938939862691e-01	284
694	6.348969434885963e-01	304
695	6.534875795825938e-01	86
696	6.732727235551009e-01	242
697	6.942551477181248e-01	302
698	7.164395112778879e-01	258
699	7.398232940008199e-01	296
700	7.644068129489997e-01	226
701	7.901993458828001e-01	262
702	8.172007200505794e-01	288
703	8.453869260287515e-01	284
704	8.747705756519957e-01	232
705	9.053696079826300e-01	334
706	9.371583167173158e-01	326
707	9.997333295599051e-01	290
708	9.997339544380583e-01	262
709	9.997188115769451e-01	250
710	9.997349133842250e-01	318
711	9.997397958041214e-01	288
712	9.997337225235272e-01	202
713	9.997160397796595e-01	146
714	9.997093311482628e-01	300
715	9.997190591999742e-01	324
716	9.997293261455759e-01	296
717	9.997303725399753e-01	310
718	9.997302287084079e-01	316
719	9.997164568311727e-01	238
720	9.997011073973900e-01	320
721	9.997196572654555e-01	318
722	9.997322635250137e-01	158
723	9.997452300276553e-01	296
724	9.997578292983048e-01	208
725	9.997470868836118e-01	242
726	9.997412713318151e-01	272
727	9.997574440725122e-01	240
728	9.997489929288180e-01	258
729	9.997544488778985e-01	256
730	9.997466855842260e-01	254
731	9.997354744805054e-01	186
732	9.997493926038670e-01	294
733	9.997477391369726e-01	284
734	9.997577548246163e-01	292
735	9.997647426803273e-01	300
736	9.997666920377992e-01	196
737	9.997630409541538e-01	270
738	9.997604301184488e-01	340
739	9.997725427093362e-01	342
740	9.997775460281171e-01	298
741	9.997800127782354e-01	246
742	9.997840433798909e-01	308
743	9.997832150279549e-01	264
744	9.997821700391002e-01	294
745	9.997670809727885e-01	270
746	9.997624582286317e-01	284
747	9.997811373609380e-01	292
748	9.997796459133508e-01	264
749	9.997701514957142e-01	182
750	9.997755343011466e-01	302
751	9.997892032279883e-01	314
752	9.997885363771388e-01	246
753	9.997927684101546e-01	292
754	9.998114404623352e-01	280
755	9.998301314205837e-01	186
756	9.998271515605422e-01	158
757	9.998297449274205e-01	286
758	9.998319835178039e-01	206
759	9.998164201399505e-01	256
760	9.998137827679660e-01	284
761	9.998226701461749e-01	222
762	9.998150465259296e-01	302
763	9.998126867979485e-01	298
764	9.998316134745850e-01	294
765	9.998347552256688e-01	266
766	9.998198950310822e-01	250
767	9.998319353726652e-01	262
768	9.998403117421801e-01	212
769	9.998550055448494e-01	330
770	9.998568626506671e-01	242
771	9.998447017468748e-01	130
772	9.998602220549256e-01	248
773	9.998550587938596e-01	300
774	9.998645066016627e-01	304
775	9.998515146348975e-01	272
776	9.998486863219040e-01	274
777	9.998486768302807e-01	228
778	9.998359616612047e-01	260
779	9.998478593905091e-01	242
780	9.998573329627565e-01	246
781	9.998753492641208e-01	176
782	9.998883633112492e-01	282
783	9.998706617562665e-01	134
784	9.998668967695850e-01	270
785	9.998855948632330e-01	284
786	9.998955179742272e-01	220
787	9.999021958101117e-01	284
788	9.999176380681506e-01	232
789	9.999101642683660e-01	242
790	9.999126359715349e-01	184
791	9.999022886294830e-01	212
792	9.998941843183743e-01	222
793	9.998749158281559e-01	278
794	9.998619757373530e-01	204
795	9.998625265039645e-01	326
796	9.998464174248614e-01	282
797	9.998621210809723e-01	298
798	9.998491827684368e-01	264
799	9.998607645925357e-01	252
800	9.998740176611715e-01	272
801	9.998570944369939e-01	264
802	9.998418447742312e-01	282
803	9.998335863770401e-01	314
804	9.998241797492691e-01	288
805	9.998378100330590e-01	292
806	9.998252452611975e-01	288
807	9.998283043983436e-01	328
808	9.998271963414411e-01	288
809	9.998357412633742e-01	214
810	9.998365752005072e-01	284
811	9.998203369762266e-01	248
812	9.998027168013539e-01	340
813	9.998204829615692e-01	196
814	9.998405645178823e-01	330
815	9.998339665868159e-01	298
816	9.998141373330605e-01	318
817	9.998293637044268e-01	288
818	9.998162104421580e-01	244
819	9.998031615602148e-01	256
820	9.997850258296510e-01	244
821	9.997700110534899e-01	244
822	9.997550855813938e-01	290
823	9.997454137362191e-01	312
824	9.997401701823889e-01	296
825	9.997263265964074e-01	256
826	9.997080238753738e-01	296
827	9.997170193850948e-01	286
828	9.997036871203228e-01	246
829	9.997180739806827e-01	266
830	9.997318820605564e-01	146
831	9.997380161703829e-01	160
832	9.997338327617851e-01	154
833	9.997285462903939e-01	252
834	9.997457547726953e-01	186
835	9.997446603136121e-01	286
836	9.997639906551095e-01	298
837	9.997572540291110e-01	212
838	9.997704811034703e-01	308
839	9.997712209621580e-01	182
840	9.997602049536690e-01	346
841	9.997648217738963e-01	314
842	9.997796827349402e-01	272
843	9.997622316633163e-01	254
844	9.997634235383436e-01	214
845	9.997740414323634e-01	184
846	9.997602744772598e-01	250
847	9.997783139069603e-01	296
848	9.997664666070248e-01	188
849	9.997594325369765e-01	162
850	9.997732895829745e-01	202
851	9.997894378820401e-01	352
852	9.997880568649719e-01	202
853	9.997750482640380e-01	254
854	9.997577162513004e-01	288
855	9.997534317466509e-01	236
856	9.997547613015216e-01	238
857	9.997707133100366e-01	266
858	9.997583552574416e-01	218
859	9.997615032991536e-01	306
860	9.997438440367837e-01	188
861	9.997442793121057e-01	278
862	9.997337877570535e-01	282
863	9.997371311271731e-01	248
864	9.997296222445521e-01	274
865	9.997289298413359e-01	274
866	9.997281509751644e-01	280
867	9.997472594144168e-01	262
868	9.997651568065089e-01	282
869	9.997618791211411e-01	290
870	9.997521080219345e-01	280
871	9.997576900300140e-01	264
872	9.997757830124183e-01	290
873	9.997754892687242e-01	182
874	9.997650272652254e-01	272
875	9.997524682063308e-01	280
876	9.997514743262121e-01	270
877	9.997561138505114e-01	294
878	9.997473173531437e-01	320
879	9.997647078806235e-01	298
880	9.997697622229434e-01	330
881	9.997817626310661e-01	256
882	9.997692535210876e-01	258
883	9.997763383589090e-01	212
884	9.997624435462791e-01	250
885	9.997619675914221e-01	304
886	9.997755453108730e-01	278
887	9.997838398413113e-01	270
888	9.998035463149323e-01	238
889	9.998013891213340e-01	304
890	9.998024271979192e-01	232
891	9.997924140654293e-01	244
892	9.997902428112574e-01	238
893	9.997996371438714e-01	284
894	9.998030491808911e-01	120
895	9.997935020930903e-01	268
896	9.998103237905460e-01	236
897	9.997992477679097e-01	218
898	9.997979546415854e-01	258
899	9.997870867193464e-01	290
900	9.997720696912283e-01	260
901	9.997817388831052e-01	238
902	9.997960548469551e-01	182
903	9.998158118914792e-01	274
904	9.998262214504847e-01	302
905	9.998117156655003e-01	300
906	9.998120130203515e-01	178
907	9.998041078011156e-01	262
908	9.998120063773092e-01	274
909	9.998145018324320e-01	282
910	9.998088579157322e-01	270
911	9.998219109864318e-01	190
912	9.998245701161343e-01	254
913	9.998414662248674e-01	270
914	9.998275971128169e-01	322
915	9.998285839789011e-01	270
916	9.998488786242075e-01	318
917	9.998392518452688e-01	260
918	9.998369042605945e-01	210
919	9.998173408083398e-01	318
920	9.998155478932903e-01	268
921	9.998051759211634e-01	310
922	9.997888180597267e-01	304
923	9.997873667430087e-01	282
924	9.997943236591745e-01	262
925	9.997937505125930e-01	226
926	9.997859433104993e-01	306
927	9.997653786139885e-01	300
928	9.997759243302081e-01	258
929	9.997666225083783e-01	142
930	9.997812833162846e-01	256
931	9.997830904558178e-01	108
932	9.997787034193041e-01	248
933	9.997663453190103e-01	276
934	9.997829350827289e-01	318
935	9.997691807184553e-01	328
936	9.997790165524413e-01	302
937	9.997660484294513e-01	260
938	9.997529822939611e-01	296
939	9.997454570002203e-01	296
940	9.997455094667360e-01	278
941	9.997354969929307e-01	172
942	9.997275429957042e-01	254
943	9.997113114341948e-01	296
944	9.997067002748962e-01	260
945	9.996970430927151e-01	288
946	9.996788963383180e-01	298
947	9.996967254472405e-01	296
948	9.997149830613238e-01	254
949	9.997244184222311e-01	304
950	9.997349767249040e-01	304
951	9.997166610682043e-01	310
952	9.997223470510129e-01	248
953	9.997229878925685e-01	242
954	9.997251688024756e-01	290
955	9.997162655133239e-01	296
956	9.997172079259831e-01	224
957	9.997183614541413e-01	248
958	9.997082421005973e-01	238
959	9.997244844481554e-01	186
960	9.997290890330076e-01	266
961	9.997179608161788e-01	314
962	9.997249789266781e-01	242
963	9.997134785900121e-01	198
964	9.996964609136275e-01	244
965	9.997080791600473e-01	228
966	9.997211435739858e-01	246
967	9.997171592169913e-01	308
968	9.997059011569598e-01	272
969	9.997205626682201e-01	292
970	9.997287781636821e-01	308
971	9.997159668039958e-01	284
972	9.997056295869237e-01	308
973	9.997159012814457e-01	320
974	9.997065433592408e-01	248
975	9.997035738089546e-01	198
976	9.996986358219510e-01	322
977	9.997103371638701e-01	264
978	9.997304901259196e-01	194
979	9.997362184359017e-01	276
980	9.997493774346504e-01	206
981	9.997695515632531e-01	182
982	9.997623708388771e-01	272
983	9.997434252919710e-01	232
984	9.997557274282440e-01	298
985	9.997598692870323e-01	262
986	9.997521079072808e-01	246
987	9.997337999738587e-01	254
988	9.997449622324344e-01	322
989	9.997454123321123e-01	284
990	9.997411881850699e-01	250
991	9.997225420191088e-01	306
992	9.997213638185852e-01	224
993	9.997198296852609e-01	284
994	9.997105087992657e-01	244
995	9.997285502497220e-01	256
996	9.997262339443279e-01	188
997	9.997292831378037e-01	288
998	9.997342344597097e-01	282
999	9.997394757006342e-01	222
1000	9.997346593513814e-01	312


Tempo gasto: 69.628871
