Método usado: LUUS JAAKOLA

POSIÇÃO	ÁREA(mm²)	CUSTO

1	1.000000000000000e+00	8
2	1.000000000000000e+00	24
3	1.000000000000000e+00	8
4	1.000000000000000e+00	36
5	1.000000000000000e+00	10
6	1.000000000000000e+00	2
7	1.000000000000000e+00	12
8	1.000000000000000e+00	12
9	1.000000000000000e+00	26
10	1.000000000000000e+00	6
11	1.000000000000000e+00	4
12	1.000000000000000e+00	16
13	1.000000000000000e+00	2
14	1.000000000000000e+00	20
15	1.000000000000000e+00	14
16	1.000000000000000e+00	4
17	1.000000000000000e+00	6
18	1.000000000000000e+00	4
19	1.000000000000000e+00	14
20	1.000000000000000e+00	18
21	1.000000000000000e+00	20
22	1.000000000000000e+00	16
23	1.000000000000000e+00	18
24	1.000000000000000e+00	2
25	1.000000000000000e+00	2
26	1.000000000000000e+00	10
27	1.000000000000000e+00	6
28	1.000000000000000e+00	2
29	1.000000000000000e+00	36
30	1.000000000000000e+00	8
31	1.000000000000000e+00	16
32	1.000000000000000e+00	2
33	1.000000000000000e+00	20
34	1.000000000000000e+00	4
35	1.000000000000000e+00	8
36	1.000000000000000e+00	14
37	1.000000000000000e+00	10
38	1.000000000000000e+00	30
39	1.000000000000000e+00	10
40	1.000000000000000e+00	2
41	1.000000000000000e+00	4
42	1.000000000000000e+00	12
43	1.000000000000000e+00	10
44	1.000000000000000e+00	8
45	1.000000000000000e+00	18
46	1.000000000000000e+00	4
47	1.000000000000000e+00	20
48	1.000000000000000e+00	22
49	1.000000000000000e+00	28
50	1.000000000000000e+00	16
51	1.000000000000000e+00	2
52	1.000000000000000e+00	42
53	1.000000000000000e+00	12
54	1.000000000000000e+00	4
55	1.000000000000000e+00	2
56	1.000000000000000e+00	2
57	1.000000000000000e+00	20
58	1.000000000000000e+00	54
59	1.000000000000000e+00	16
60	1.000000000000000e+00	24
61	1.000000000000000e+00	12
62	1.000000000000000e+00	20
63	1.000000000000000e+00	6
64	1.000000000000000e+00	32
65	1.000000000000000e+00	22
66	1.000000000000000e+00	10
67	1.000000000000000e+00	16
68	1.000000000000000e+00	32
69	1.000000000000000e+00	4
70	1.000000000000000e+00	14
71	1.000000000000000e+00	6
72	1.000000000000000e+00	8
73	1.000000000000000e+00	16
74	1.000000000000000e+00	18
75	1.000000000000000e+00	12
76	1.000000000000000e+00	14
77	1.000000000000000e+00	6
78	1.000000000000000e+00	6
79	1.000000000000000e+00	14
80	1.000000000000000e+00	10
81	1.000000000000000e+00	2
82	1.000000000000000e+00	34
83	1.000000000000000e+00	4
84	1.000000000000000e+00	16
85	1.000000000000000e+00	2
86	1.000000000000000e+00	8
87	1.000000000000000e+00	10
88	1.000000000000000e+00	8
89	1.000000000000000e+00	20
90	1.000000000000000e+00	6
91	1.000000000000000e+00	2
92	1.000000000000000e+00	4
93	1.000000000000000e+00	8
94	1.000000000000000e+00	8
95	1.000000000000000e+00	54
96	1.000000000000000e+00	10
97	1.000000000000000e+00	18
98	1.000000000000000e+00	4
99	1.000000000000000e+00	12
100	1.000000000000000e+00	4
101	1.000000000000000e+00	18
102	1.000000000000000e+00	8
103	1.000000000000000e+00	10
104	1.000000000000000e+00	16
105	1.000000000000000e+00	20
106	1.000000000000000e+00	6
107	1.000000000000000e+00	4
108	1.000000000000000e+00	16
109	1.000000000000000e+00	26
110	1.000000000000000e+00	24
111	1.000000000000000e+00	2
112	1.000000000000000e+00	2
113	1.000000000000000e+00	14
114	1.000000000000000e+00	30
115	1.000000000000000e+00	2
116	1.000000000000000e+00	12
117	1.000000000000000e+00	30
118	1.000000000000000e+00	6
119	1.000000000000000e+00	2
120	1.000000000000000e+00	22
121	1.000000000000000e+00	18
122	1.000000000000000e+00	10
123	1.000000000000000e+00	8
124	1.000000000000000e+00	16
125	1.000000000000000e+00	6
126	1.000000000000000e+00	32
127	1.000000000000000e+00	16
128	1.000000000000000e+00	10
129	1.000000000000000e+00	6
130	1.000000000000000e+00	16
131	1.000000000000000e+00	4
132	1.000000000000000e+00	30
133	1.000000000000000e+00	8
134	1.000000000000000e+00	22
135	1.000000000000000e+00	4
136	1.000000000000000e+00	10
137	1.000000000000000e+00	10
138	1.000000000000000e+00	24
139	1.000000000000000e+00	2
140	1.000000000000000e+00	4
141	1.000000000000000e+00	22
142	1.000000000000000e+00	2
143	1.000000000000000e+00	4
144	1.000000000000000e+00	10
145	1.000000000000000e+00	2
146	1.000000000000000e+00	2
147	1.000000000000000e+00	2
148	1.000000000000000e+00	2
149	1.000000000000000e+00	2
150	1.000000000000000e+00	8
151	1.000000000000000e+00	42
152	1.000000000000000e+00	4
153	1.000000000000000e+00	2
154	1.000000000000000e+00	4
155	1.000000000000000e+00	24
156	1.000000000000000e+00	8
157	1.000000000000000e+00	20
158	1.000000000000000e+00	14
159	1.000000000000000e+00	22
160	1.000000000000000e+00	14
161	1.000000000000000e+00	2
162	1.000000000000000e+00	26
163	1.000000000000000e+00	30
164	1.000000000000000e+00	10
165	1.000000000000000e+00	8
166	1.000000000000000e+00	28
167	1.000000000000000e+00	12
168	1.000000000000000e+00	6
169	1.000000000000000e+00	4
170	1.000000000000000e+00	2
171	1.000000000000000e+00	42
172	1.000000000000000e+00	14
173	1.000000000000000e+00	4
174	1.000000000000000e+00	20
175	1.000000000000000e+00	4
176	1.000000000000000e+00	6
177	1.000000000000000e+00	2
178	1.000000000000000e+00	6
179	1.000000000000000e+00	10
180	1.000000000000000e+00	12
181	1.000000000000000e+00	32
182	1.000000000000000e+00	4
183	1.000000000000000e+00	14
184	1.000000000000000e+00	66
185	1.000000000000000e+00	26
186	1.000000000000000e+00	12
187	1.000000000000000e+00	6
188	1.000000000000000e+00	10
189	1.000000000000000e+00	12
190	1.000000000000000e+00	8
191	1.000000000000000e+00	16
192	1.000000000000000e+00	2
193	1.000000000000000e+00	30
194	1.000000000000000e+00	12
195	1.000000000000000e+00	4
196	1.000000000000000e+00	2
197	1.000000000000000e+00	6
198	1.000000000000000e+00	6
199	1.000000000000000e+00	4
200	1.000000000000000e+00	10
201	1.000000000000000e+00	14
202	1.000000000000000e+00	10
203	1.000000000000000e+00	36
204	1.000000000000000e+00	8
205	1.000000000000000e+00	18
206	1.000000000000000e+00	12
207	1.000000000000000e+00	6
208	1.000000000000000e+00	2
209	1.000000000000000e+00	28
210	1.000000000000000e+00	4
211	1.000000000000000e+00	8
212	1.000000000000000e+00	8
213	1.000000000000000e+00	10
214	1.000000000000000e+00	18
215	1.000000000000000e+00	42
216	1.000000000000000e+00	8
217	1.000000000000000e+00	18
218	1.000000000000000e+00	4
219	1.000000000000000e+00	32
220	1.000000000000000e+00	22
221	1.000000000000000e+00	10
222	1.000000000000000e+00	22
223	1.000000000000000e+00	4
224	1.000000000000000e+00	22
225	1.000000000000000e+00	4
226	1.000000000000000e+00	32
227	1.000000000000000e+00	14
228	1.000000000000000e+00	8
229	1.000000000000000e+00	4
230	1.000000000000000e+00	8
231	1.000000000000000e+00	6
232	1.000000000000000e+00	10
233	1.000000000000000e+00	4
234	1.000000000000000e+00	4
235	1.000000000000000e+00	46
236	1.000000000000000e+00	2
237	1.000000000000000e+00	24
238	1.000000000000000e+00	4
239	1.000000000000000e+00	6
240	1.000000000000000e+00	2
241	1.000000000000000e+00	20
242	1.000000000000000e+00	6
243	1.000000000000000e+00	16
244	1.000000000000000e+00	6
245	1.000000000000000e+00	6
246	1.000000000000000e+00	12
247	1.000000000000000e+00	4
248	1.000000000000000e+00	14
249	1.000000000000000e+00	14
250	1.000000000000000e+00	12
251	1.000000000000000e+00	2
252	1.000000000000000e+00	10
253	1.000000000000000e+00	26
254	1.000000000000000e+00	10
255	1.000000000000000e+00	8
256	1.000000000000000e+00	10
257	1.000000000000000e+00	6
258	1.000000000000000e+00	16
259	1.000000000000000e+00	6
260	1.000000000000000e+00	28
261	1.000000000000000e+00	8
262	1.000000000000000e+00	20
263	1.000000000000000e+00	12
264	1.000000000000000e+00	4
265	1.000000000000000e+00	26
266	1.000000000000000e+00	8
267	1.000000000000000e+00	18
268	1.000000000000000e+00	8
269	1.000000000000000e+00	10
270	1.000000000000000e+00	8
271	1.000000000000000e+00	4
272	1.000000000000000e+00	10
273	1.000000000000000e+00	2
274	1.000000000000000e+00	14
275	1.000000000000000e+00	12
276	1.000000000000000e+00	6
277	1.000000000000000e+00	20
278	1.000000000000000e+00	32
279	1.000000000000000e+00	4
280	1.000000000000000e+00	16
281	1.000000000000000e+00	32
282	1.000000000000000e+00	26
283	1.000000000000000e+00	4
284	1.000000000000000e+00	20
285	1.000000000000000e+00	6
286	1.000000000000000e+00	10
287	1.000000000000000e+00	4
288	1.000000000000000e+00	2
289	1.000000000000000e+00	8
290	1.000000000000000e+00	6
291	1.000000000000000e+00	20
292	1.000000000000000e+00	6
293	1.000000000000000e+00	2
294	1.000000000000000e+00	8
295	1.000000000000000e+00	24
296	1.000000000000000e+00	8
297	1.000000000000000e+00	20
298	1.000000000000000e+00	14
299	1.000000000000000e+00	34
300	1.000000000000000e+00	4
301	1.000000000000000e+00	12
302	1.000000000000000e+00	2
303	1.000000000000000e+00	6
304	1.000000000000000e+00	24
305	1.000000000000000e+00	22
306	1.000000000000000e+00	8
307	1.000000000000000e+00	22
308	1.000000000000000e+00	8
309	1.000000000000000e+00	6
310	1.000000000000000e+00	28
311	1.000000000000000e+00	2
312	1.000000000000000e+00	2
313	1.000000000000000e+00	30
314	1.000000000000000e+00	6
315	1.000000000000000e+00	4
316	1.000000000000000e+00	48
317	1.000000000000000e+00	16
318	1.000000000000000e+00	32
319	1.000000000000000e+00	6
320	1.000000000000000e+00	4
321	1.000000000000000e+00	12
322	1.000000000000000e+00	6
323	1.000000000000000e+00	28
324	1.000000000000000e+00	8
325	1.000000000000000e+00	18
326	1.000000000000000e+00	12
327	1.000000000000000e+00	4
328	1.000000000000000e+00	20
329	1.000000000000000e+00	14
330	1.000000000000000e+00	8
331	1.000000000000000e+00	12
332	1.000000000000000e+00	6
333	1.000000000000000e+00	4
334	1.000000000000000e+00	10
335	1.000000000000000e+00	22
336	1.000000000000000e+00	14
337	1.000000000000000e+00	10
338	1.000000000000000e+00	56
339	1.000000000000000e+00	16
340	1.000000000000000e+00	26
341	1.000000000000000e+00	24
342	1.000000000000000e+00	2
343	1.000000000000000e+00	2
344	1.000000000000000e+00	6
345	1.000000000000000e+00	2
346	1.000000000000000e+00	10
347	1.000000000000000e+00	32
348	1.000000000000000e+00	36
349	1.000000000000000e+00	14
350	1.000000000000000e+00	6
351	1.000000000000000e+00	2
352	1.000000000000000e+00	14
353	1.000000000000000e+00	18
354	1.000000000000000e+00	4
355	1.000000000000000e+00	4
356	1.000000000000000e+00	18
357	1.000000000000000e+00	2
358	1.000000000000000e+00	6
359	1.000000000000000e+00	18
360	1.000000000000000e+00	12
361	1.000000000000000e+00	8
362	1.000000000000000e+00	24
363	1.000000000000000e+00	20
364	1.000000000000000e+00	4
365	1.000000000000000e+00	10
366	1.000000000000000e+00	30
367	1.000000000000000e+00	14
368	1.000000000000000e+00	24
369	1.000000000000000e+00	8
370	1.000000000000000e+00	48
371	1.000000000000000e+00	8
372	1.000000000000000e+00	14
373	1.000000000000000e+00	4
374	1.000000000000000e+00	10
375	1.000000000000000e+00	16
376	1.000000000000000e+00	34
377	1.000000000000000e+00	24
378	1.000000000000000e+00	14
379	1.000000000000000e+00	28
380	1.000000000000000e+00	22
381	1.000000000000000e+00	24
382	1.000000000000000e+00	4
383	1.000000000000000e+00	6
384	1.000000000000000e+00	28
385	1.000000000000000e+00	24
386	1.000000000000000e+00	6
387	1.000000000000000e+00	20
388	1.000000000000000e+00	2
389	1.000000000000000e+00	10
390	1.000000000000000e+00	2
391	1.000000000000000e+00	2
392	1.000000000000000e+00	8
393	1.000000000000000e+00	48
394	1.000000000000000e+00	2
395	1.000000000000000e+00	8
396	1.000000000000000e+00	28
397	1.000000000000000e+00	20
398	1.000000000000000e+00	4
399	1.000000000000000e+00	18
400	1.000000000000000e+00	4
401	1.000000000000000e+00	28
402	1.000000000000000e+00	4
403	1.000000000000000e+00	6
404	1.000000000000000e+00	24
405	1.000000000000000e+00	22
406	1.000000000000000e+00	18
407	1.000000000000000e+00	2
408	1.000000000000000e+00	2
409	1.000000000000000e+00	4
410	1.000000000000000e+00	32
411	1.000000000000000e+00	22
412	1.000000000000000e+00	16
413	1.000000000000000e+00	12
414	1.000000000000000e+00	6
415	1.000000000000000e+00	4
416	1.000000000000000e+00	2
417	1.000000000000000e+00	4
418	1.000000000000000e+00	6
419	1.000000000000000e+00	10
420	1.000000000000000e+00	18
421	1.000000000000000e+00	8
422	1.000000000000000e+00	10
423	1.000000000000000e+00	8
424	1.000000000000000e+00	30
425	1.000000000000000e+00	18
426	1.000000000000000e+00	8
427	1.000000000000000e+00	4
428	1.000000000000000e+00	8
429	1.000000000000000e+00	8
430	1.000000000000000e+00	10
431	1.000000000000000e+00	6
432	1.000000000000000e+00	2
433	1.000000000000000e+00	8
434	1.000000000000000e+00	10
435	1.000000000000000e+00	8
436	1.000000000000000e+00	4
437	1.000000000000000e+00	8
438	1.000000000000000e+00	20
439	1.000000000000000e+00	10
440	1.000000000000000e+00	34
441	1.000000000000000e+00	12
442	1.000000000000000e+00	12
443	1.000000000000000e+00	8
444	1.000000000000000e+00	4
445	1.000000000000000e+00	40
446	1.000000000000000e+00	4
447	1.000000000000000e+00	4
448	1.000000000000000e+00	4
449	1.000000000000000e+00	10
450	1.000000000000000e+00	4
451	1.000000000000000e+00	20
452	1.000000000000000e+00	2
453	1.000000000000000e+00	8
454	1.000000000000000e+00	4
455	1.000000000000000e+00	8
456	1.000000000000000e+00	4
457	1.000000000000000e+00	6
458	1.000000000000000e+00	6
459	1.000000000000000e+00	6
460	1.000000000000000e+00	26
461	1.000000000000000e+00	26
462	1.000000000000000e+00	26
463	1.000000000000000e+00	16
464	1.000000000000000e+00	4
465	1.000000000000000e+00	4
466	1.000000000000000e+00	14
467	1.000000000000000e+00	18
468	1.000000000000000e+00	10
469	1.000000000000000e+00	4
470	1.000000000000000e+00	2
471	1.000000000000000e+00	14
472	1.000000000000000e+00	10
473	1.000000000000000e+00	14
474	1.000000000000000e+00	4
475	1.000000000000000e+00	14
476	1.000000000000000e+00	6
477	1.000000000000000e+00	10
478	1.000000000000000e+00	4
479	1.000000000000000e+00	4
480	1.000000000000000e+00	2
481	1.000000000000000e+00	34
482	1.000000000000000e+00	22
483	1.000000000000000e+00	22
484	1.000000000000000e+00	6
485	1.000000000000000e+00	30
486	1.000000000000000e+00	12
487	1.000000000000000e+00	22
488	1.000000000000000e+00	16
489	1.000000000000000e+00	20
490	1.000000000000000e+00	8
491	9.590000000728384e-01	746
492	8.999999999712855e-01	698
493	8.490000000217047e-01	696
494	8.000000001371347e-01	668
495	7.500000002023576e-01	690
496	7.000000002896269e-01	690
497	6.500000002986732e-01	706
498	6.000000002751212e-01	688
499	5.500000001603658e-01	768
500	5.000000000599784e-01	748
501	5.500000000144663e-01	710
502	5.999999999466270e-01	704
503	6.499999998351086e-01	788
504	6.999999998571637e-01	736
505	7.499999997087297e-01	660
506	7.999999995849401e-01	752
507	8.499999996008324e-01	660
508	8.999999995874128e-01	748
509	9.499999994652693e-01	734
510	8.999999996470682e-01	624
511	8.499999995763997e-01	732
512	7.999999995557832e-01	754
513	7.499999996196258e-01	786
514	7.999999996934244e-01	758
515	8.499999995542799e-01	770
516	8.999999995254945e-01	706
517	9.499999994789419e-01	564
518	9.999999994619889e-01	752
519	9.999999992976334e-01	702
520	9.999999993545552e-01	720
521	9.999999994550347e-01	720
522	9.999999992946176e-01	718
523	9.999999992392035e-01	734
524	9.999999990491669e-01	740
525	9.999999989140370e-01	792
526	9.999999989574571e-01	680
527	9.999999988768594e-01	642
528	9.999999989106482e-01	660
529	9.999999990162266e-01	670
530	9.999999990395251e-01	748
531	9.999999990350732e-01	616
532	9.999999988483975e-01	736
533	9.999999989846401e-01	760
534	9.999999991303593e-01	710
535	9.999999992912129e-01	648
536	9.999999992631413e-01	604
537	9.999999992179515e-01	762
538	9.999999993096464e-01	762
539	9.999999993101022e-01	718
540	9.999999991298829e-01	562
541	9.999999991115041e-01	720
542	9.999999992470945e-01	764
543	9.999999991243751e-01	642
544	9.999999991694575e-01	718
545	9.999999990334888e-01	758
546	9.999999989094627e-01	750
547	9.999999990013101e-01	714
548	9.999999991844845e-01	760
549	9.999999991130382e-01	718
550	9.999999991039359e-01	684
551	9.999999989874616e-01	680
552	9.999999990950456e-01	736
553	9.999999990078936e-01	648
554	9.999999991580650e-01	498
555	9.999999993073185e-01	726
556	9.999999993578342e-01	744
557	9.999999993510610e-01	698
558	9.999999994870782e-01	724
559	9.999999995177654e-01	690
560	9.999999996305486e-01	728
561	9.999999994962609e-01	678
562	9.999999995044568e-01	738
563	9.999999993419798e-01	720
564	9.999999991453814e-01	708
565	9.999999993094647e-01	722
566	9.999999991963952e-01	686
567	9.999999990883262e-01	666
568	9.999999991214940e-01	540
569	9.999999992482380e-01	702
570	9.999999994174212e-01	728
571	9.999999996131113e-01	616
572	9.999999995198647e-01	726
573	9.999999995643286e-01	662
574	9.999999994441293e-01	628
575	9.999999993262791e-01	738
576	9.999999991526006e-01	746
577	9.999999991346168e-01	766
578	9.999999990874097e-01	738
579	9.999999990203233e-01	750
580	9.999999989513224e-01	692
581	9.999999989518321e-01	742
582	9.999999991508607e-01	734
583	9.999999992826387e-01	758
584	9.999999991853491e-01	758
585	9.999999993621234e-01	686
586	9.999999993920187e-01	716
587	9.999999994162083e-01	778
588	9.999999994039543e-01	776
589	9.999999992910772e-01	756
590	9.999999994763643e-01	638
591	9.999999994618261e-01	718
592	9.999999995823229e-01	738
593	9.999999993999781e-01	716
594	9.999999993085024e-01	702
595	9.999999994871480e-01	738
596	9.999999994861043e-01	700
597	9.999999995829529e-01	732
598	9.999999994103571e-01	728
599	9.999999994165490e-01	652
600	9.999999995175941e-01	764
601	9.999999996669470e-01	672
602	9.999999995214384e-01	766
603	9.999999994711724e-01	784
604	9.999999995151605e-01	710
605	9.999999993410108e-01	692
606	9.999999992229232e-01	522
607	9.999999990808750e-01	734
608	9.999999990808917e-01	516
609	9.999999990219418e-01	678
610	9.999999991505939e-01	712
611	9.999999992837679e-01	774
612	9.999999992807022e-01	634
613	9.999999994229642e-01	744
614	9.999999995772564e-01	686
615	9.999999995901251e-01	702
616	9.999999994463421e-01	786
617	9.999999996301995e-01	724
618	9.999999997009599e-01	652
619	9.999999997574438e-01	750
620	9.999999998793667e-01	684
621	1.000000000000000e+00	14
622	1.000000000000000e+00	18
623	1.000000000000000e+00	6
624	1.000000000000000e+00	10
625	1.000000000000000e+00	12
626	1.000000000000000e+00	58
627	1.000000000000000e+00	12
628	1.000000000000000e+00	4
629	1.000000000000000e+00	4
630	1.000000000000000e+00	12
631	1.000000000000000e+00	6
632	1.000000000000000e+00	8
633	1.000000000000000e+00	62
634	1.000000000000000e+00	26
635	1.000000000000000e+00	4
636	1.000000000000000e+00	18
637	1.000000000000000e+00	12
638	1.000000000000000e+00	4
639	1.000000000000000e+00	2
640	1.000000000000000e+00	24
641	1.000000000000000e+00	2
642	1.000000000000000e+00	16
643	1.000000000000000e+00	4
644	1.000000000000000e+00	6
645	1.000000000000000e+00	22
646	1.000000000000000e+00	16
647	1.000000000000000e+00	10
648	1.000000000000000e+00	30
649	1.000000000000000e+00	6
650	1.000000000000000e+00	4
651	1.000000000000000e+00	38
652	1.000000000000000e+00	12
653	1.000000000000000e+00	12
654	1.000000000000000e+00	12
655	1.000000000000000e+00	8
656	1.000000000000000e+00	16
657	1.000000000000000e+00	20
658	1.000000000000000e+00	8
659	1.000000000000000e+00	4
660	1.000000000000000e+00	14
661	1.000000000000000e+00	12
662	1.000000000000000e+00	14
663	1.000000000000000e+00	12
664	1.000000000000000e+00	10
665	1.000000000000000e+00	2
666	1.000000000000000e+00	6
667	1.000000000000000e+00	8
668	1.000000000000000e+00	4
669	1.000000000000000e+00	24
670	1.000000000000000e+00	8
671	1.000000000000000e+00	8
672	1.000000000000000e+00	12
673	1.000000000000000e+00	18
674	1.000000000000000e+00	18
675	1.000000000000000e+00	16
676	1.000000000000000e+00	2
677	1.000000000000000e+00	14
678	1.000000000000000e+00	10
679	1.000000000000000e+00	6
680	1.000000000000000e+00	2
681	1.000000000000000e+00	6
682	1.000000000000000e+00	12
683	1.000000000000000e+00	10
684	1.000000000000000e+00	4
685	1.000000000000000e+00	22
686	1.000000000000000e+00	2
687	1.000000000000000e+00	10
688	1.000000000000000e+00	2
689	1.000000000000000e+00	18
690	1.000000000000000e+00	20
691	1.000000000000000e+00	4
692	1.000000000000000e+00	12
693	1.000000000000000e+00	16
694	1.000000000000000e+00	2
695	1.000000000000000e+00	2
696	1.000000000000000e+00	10
697	1.000000000000000e+00	30
698	1.000000000000000e+00	8
699	1.000000000000000e+00	18
700	1.000000000000000e+00	16
701	1.000000000000000e+00	20
702	1.000000000000000e+00	8
703	1.000000000000000e+00	8
704	1.000000000000000e+00	18
705	1.000000000000000e+00	14
706	1.000000000000000e+00	4
707	1.000000000000000e+00	4
708	1.000000000000000e+00	2
709	1.000000000000000e+00	8
710	1.000000000000000e+00	10
711	1.000000000000000e+00	2
712	1.000000000000000e+00	14
713	1.000000000000000e+00	44
714	1.000000000000000e+00	12
715	1.000000000000000e+00	30
716	1.000000000000000e+00	6
717	1.000000000000000e+00	12
718	1.000000000000000e+00	8
719	1.000000000000000e+00	6
720	1.000000000000000e+00	10
721	1.000000000000000e+00	16
722	1.000000000000000e+00	6
723	1.000000000000000e+00	26
724	1.000000000000000e+00	6
725	1.000000000000000e+00	4
726	1.000000000000000e+00	16
727	1.000000000000000e+00	8
728	1.000000000000000e+00	16
729	1.000000000000000e+00	14
730	1.000000000000000e+00	6
731	1.000000000000000e+00	8
732	1.000000000000000e+00	6
733	1.000000000000000e+00	20
734	1.000000000000000e+00	8
735	1.000000000000000e+00	16
736	1.000000000000000e+00	20
737	1.000000000000000e+00	20
738	1.000000000000000e+00	8
739	1.000000000000000e+00	20
740	1.000000000000000e+00	4
741	1.000000000000000e+00	4
742	1.000000000000000e+00	2
743	1.000000000000000e+00	26
744	1.000000000000000e+00	24
745	1.000000000000000e+00	10
746	1.000000000000000e+00	6
747	1.000000000000000e+00	22
748	1.000000000000000e+00	8
749	1.000000000000000e+00	2
750	1.000000000000000e+00	10
751	1.000000000000000e+00	2
752	1.000000000000000e+00	12
753	1.000000000000000e+00	6
754	1.000000000000000e+00	2
755	1.000000000000000e+00	8
756	1.000000000000000e+00	12
757	1.000000000000000e+00	22
758	1.000000000000000e+00	4
759	1.000000000000000e+00	4
760	1.000000000000000e+00	2
761	1.000000000000000e+00	22
762	1.000000000000000e+00	32
763	1.000000000000000e+00	4
764	1.000000000000000e+00	32
765	1.000000000000000e+00	2
766	1.000000000000000e+00	18
767	1.000000000000000e+00	12
768	1.000000000000000e+00	22
769	1.000000000000000e+00	2
770	1.000000000000000e+00	6
771	1.000000000000000e+00	24
772	1.000000000000000e+00	20
773	1.000000000000000e+00	8
774	1.000000000000000e+00	6
775	1.000000000000000e+00	14
776	1.000000000000000e+00	4
777	1.000000000000000e+00	22
778	1.000000000000000e+00	10
779	1.000000000000000e+00	16
780	1.000000000000000e+00	14
781	1.000000000000000e+00	8
782	1.000000000000000e+00	14
783	1.000000000000000e+00	14
784	1.000000000000000e+00	34
785	1.000000000000000e+00	24
786	1.000000000000000e+00	6
787	1.000000000000000e+00	2
788	1.000000000000000e+00	18
789	1.000000000000000e+00	20
790	1.000000000000000e+00	4
791	1.000000000000000e+00	8
792	1.000000000000000e+00	18
793	1.000000000000000e+00	4
794	1.000000000000000e+00	16
795	1.000000000000000e+00	2
796	1.000000000000000e+00	16
797	1.000000000000000e+00	12
798	1.000000000000000e+00	12
799	1.000000000000000e+00	10
800	1.000000000000000e+00	14
801	1.000000000000000e+00	14
802	1.000000000000000e+00	20
803	1.000000000000000e+00	2
804	1.000000000000000e+00	10
805	1.000000000000000e+00	10
806	1.000000000000000e+00	16
807	1.000000000000000e+00	10
808	1.000000000000000e+00	14
809	1.000000000000000e+00	2
810	1.000000000000000e+00	6
811	1.000000000000000e+00	6
812	1.000000000000000e+00	4
813	1.000000000000000e+00	20
814	1.000000000000000e+00	8
815	1.000000000000000e+00	4
816	1.000000000000000e+00	10
817	1.000000000000000e+00	22
818	1.000000000000000e+00	4
819	1.000000000000000e+00	10
820	1.000000000000000e+00	8
821	1.000000000000000e+00	4
822	1.000000000000000e+00	10
823	1.000000000000000e+00	26
824	1.000000000000000e+00	2
825	1.000000000000000e+00	4
826	1.000000000000000e+00	12
827	1.000000000000000e+00	6
828	1.000000000000000e+00	20
829	1.000000000000000e+00	2
830	1.000000000000000e+00	2
831	1.000000000000000e+00	6
832	1.000000000000000e+00	8
833	1.000000000000000e+00	10
834	1.000000000000000e+00	18
835	1.000000000000000e+00	18
836	1.000000000000000e+00	12
837	1.000000000000000e+00	6
838	1.000000000000000e+00	6
839	1.000000000000000e+00	16
840	1.000000000000000e+00	26
841	1.000000000000000e+00	24
842	1.000000000000000e+00	2
843	1.000000000000000e+00	2
844	1.000000000000000e+00	38
845	1.000000000000000e+00	6
846	1.000000000000000e+00	22
847	1.000000000000000e+00	20
848	1.000000000000000e+00	6
849	1.000000000000000e+00	10
850	1.000000000000000e+00	8
851	1.000000000000000e+00	4
852	1.000000000000000e+00	6
853	1.000000000000000e+00	12
854	1.000000000000000e+00	2
855	1.000000000000000e+00	8
856	1.000000000000000e+00	10
857	1.000000000000000e+00	10
858	1.000000000000000e+00	12
859	1.000000000000000e+00	6
860	1.000000000000000e+00	16
861	1.000000000000000e+00	52
862	1.000000000000000e+00	6
863	1.000000000000000e+00	28
864	1.000000000000000e+00	6
865	1.000000000000000e+00	6
866	1.000000000000000e+00	14
867	1.000000000000000e+00	14
868	1.000000000000000e+00	2
869	1.000000000000000e+00	6
870	1.000000000000000e+00	12
871	1.000000000000000e+00	6
872	1.000000000000000e+00	10
873	1.000000000000000e+00	16
874	1.000000000000000e+00	6
875	1.000000000000000e+00	28
876	1.000000000000000e+00	14
877	1.000000000000000e+00	26
878	1.000000000000000e+00	6
879	1.000000000000000e+00	2
880	1.000000000000000e+00	16
881	1.000000000000000e+00	6
882	1.000000000000000e+00	16
883	1.000000000000000e+00	6
884	1.000000000000000e+00	10
885	1.000000000000000e+00	26
886	1.000000000000000e+00	14
887	1.000000000000000e+00	6
888	1.000000000000000e+00	2
889	1.000000000000000e+00	6
890	1.000000000000000e+00	6
891	1.000000000000000e+00	14
892	1.000000000000000e+00	10
893	1.000000000000000e+00	14
894	1.000000000000000e+00	4
895	1.000000000000000e+00	2
896	1.000000000000000e+00	12
897	1.000000000000000e+00	6
898	1.000000000000000e+00	6
899	1.000000000000000e+00	12
900	1.000000000000000e+00	18
901	1.000000000000000e+00	40
902	1.000000000000000e+00	12
903	1.000000000000000e+00	4
904	1.000000000000000e+00	8
905	1.000000000000000e+00	6
906	1.000000000000000e+00	22
907	1.000000000000000e+00	6
908	1.000000000000000e+00	10
909	1.000000000000000e+00	28
910	1.000000000000000e+00	6
911	1.000000000000000e+00	12
912	1.000000000000000e+00	24
913	1.000000000000000e+00	2
914	1.000000000000000e+00	50
915	1.000000000000000e+00	10
916	1.000000000000000e+00	6
917	1.000000000000000e+00	16
918	1.000000000000000e+00	2
919	1.000000000000000e+00	6
920	1.000000000000000e+00	18
921	1.000000000000000e+00	6
922	1.000000000000000e+00	8
923	1.000000000000000e+00	16
924	1.000000000000000e+00	4
925	1.000000000000000e+00	18
926	1.000000000000000e+00	6
927	1.000000000000000e+00	24
928	1.000000000000000e+00	4
929	1.000000000000000e+00	12
930	1.000000000000000e+00	8
931	1.000000000000000e+00	6
932	1.000000000000000e+00	2
933	1.000000000000000e+00	2
934	1.000000000000000e+00	14
935	1.000000000000000e+00	2
936	1.000000000000000e+00	12
937	1.000000000000000e+00	12
938	1.000000000000000e+00	6
939	1.000000000000000e+00	8
940	1.000000000000000e+00	2
941	1.000000000000000e+00	6
942	1.000000000000000e+00	46
943	1.000000000000000e+00	10
944	1.000000000000000e+00	6
945	1.000000000000000e+00	8
946	1.000000000000000e+00	12
947	1.000000000000000e+00	8
948	1.000000000000000e+00	12
949	1.000000000000000e+00	12
950	1.000000000000000e+00	40
951	1.000000000000000e+00	2
952	1.000000000000000e+00	6
953	1.000000000000000e+00	12
954	1.000000000000000e+00	2
955	1.000000000000000e+00	8
956	1.000000000000000e+00	18
957	1.000000000000000e+00	6
958	1.000000000000000e+00	16
959	1.000000000000000e+00	8
960	1.000000000000000e+00	8
961	1.000000000000000e+00	12
962	1.000000000000000e+00	6
963	1.000000000000000e+00	16
964	1.000000000000000e+00	10
965	1.000000000000000e+00	4
966	1.000000000000000e+00	2
967	1.000000000000000e+00	12
968	1.000000000000000e+00	4
969	1.000000000000000e+00	8
970	1.000000000000000e+00	16
971	1.000000000000000e+00	44
972	1.000000000000000e+00	14
973	1.000000000000000e+00	20
974	1.000000000000000e+00	16
975	1.000000000000000e+00	26
976	1.000000000000000e+00	8
977	1.000000000000000e+00	8
978	1.000000000000000e+00	18
979	1.000000000000000e+00	6
980	1.000000000000000e+00	14
981	1.000000000000000e+00	18
982	1.000000000000000e+00	14
983	1.000000000000000e+00	24
984	1.000000000000000e+00	6
985	1.000000000000000e+00	20
986	1.000000000000000e+00	18
987	1.000000000000000e+00	10
988	1.000000000000000e+00	4
989	1.000000000000000e+00	2
990	1.000000000000000e+00	12
991	1.000000000000000e+00	6
992	1.000000000000000e+00	14
993	1.000000000000000e+00	10
994	1.000000000000000e+00	18
995	1.000000000000000e+00	14
996	1.000000000000000e+00	18
997	1.000000000000000e+00	12
998	1.000000000000000e+00	4
999	1.000000000000000e+00	4
1000	1.000000000000000e+00	14


Tempo gasto: 34.111816
