Método usado: LUUS JAAKOLA

POSIÇÃO	ÁREA(mm²)	CUSTO

1	1.000000000000000e+00	12
2	1.000000000000000e+00	18
3	1.000000000000000e+00	24
4	1.000000000000000e+00	4
5	1.000000000000000e+00	18
6	1.000000000000000e+00	6
7	1.000000000000000e+00	16
8	1.000000000000000e+00	6
9	1.000000000000000e+00	14
10	1.000000000000000e+00	12
11	1.000000000000000e+00	12
12	1.000000000000000e+00	40
13	1.000000000000000e+00	10
14	1.000000000000000e+00	14
15	1.000000000000000e+00	16
16	1.000000000000000e+00	6
17	1.000000000000000e+00	6
18	1.000000000000000e+00	24
19	1.000000000000000e+00	30
20	1.000000000000000e+00	10
21	1.000000000000000e+00	6
22	1.000000000000000e+00	14
23	1.000000000000000e+00	16
24	1.000000000000000e+00	4
25	1.000000000000000e+00	14
26	1.000000000000000e+00	8
27	1.000000000000000e+00	8
28	1.000000000000000e+00	14
29	1.000000000000000e+00	2
30	1.000000000000000e+00	2
31	1.000000000000000e+00	8
32	1.000000000000000e+00	16
33	1.000000000000000e+00	28
34	1.000000000000000e+00	18
35	1.000000000000000e+00	4
36	1.000000000000000e+00	20
37	1.000000000000000e+00	2
38	1.000000000000000e+00	4
39	1.000000000000000e+00	2
40	1.000000000000000e+00	32
41	1.000000000000000e+00	10
42	1.000000000000000e+00	14
43	1.000000000000000e+00	14
44	1.000000000000000e+00	4
45	1.000000000000000e+00	6
46	1.000000000000000e+00	2
47	1.000000000000000e+00	6
48	1.000000000000000e+00	12
49	1.000000000000000e+00	10
50	1.000000000000000e+00	6
51	1.000000000000000e+00	16
52	1.000000000000000e+00	10
53	1.000000000000000e+00	6
54	1.000000000000000e+00	30
55	1.000000000000000e+00	20
56	1.000000000000000e+00	12
57	1.000000000000000e+00	6
58	1.000000000000000e+00	12
59	1.000000000000000e+00	10
60	1.000000000000000e+00	4
61	1.000000000000000e+00	4
62	1.000000000000000e+00	30
63	1.000000000000000e+00	34
64	1.000000000000000e+00	8
65	1.000000000000000e+00	2
66	1.000000000000000e+00	6
67	1.000000000000000e+00	2
68	1.000000000000000e+00	20
69	1.000000000000000e+00	12
70	1.000000000000000e+00	28
71	1.000000000000000e+00	8
72	1.000000000000000e+00	4
73	1.000000000000000e+00	16
74	1.000000000000000e+00	6
75	1.000000000000000e+00	22
76	1.000000000000000e+00	24
77	1.000000000000000e+00	14
78	1.000000000000000e+00	12
79	1.000000000000000e+00	6
80	1.000000000000000e+00	6
81	1.000000000000000e+00	2
82	1.000000000000000e+00	8
83	1.000000000000000e+00	16
84	1.000000000000000e+00	6
85	1.000000000000000e+00	26
86	1.000000000000000e+00	10
87	1.000000000000000e+00	30
88	1.000000000000000e+00	8
89	1.000000000000000e+00	12
90	1.000000000000000e+00	4
91	1.000000000000000e+00	2
92	1.000000000000000e+00	12
93	1.000000000000000e+00	8
94	1.000000000000000e+00	4
95	1.000000000000000e+00	4
96	1.000000000000000e+00	22
97	1.000000000000000e+00	12
98	1.000000000000000e+00	10
99	1.000000000000000e+00	18
100	1.000000000000000e+00	4
101	1.000000000000000e+00	44
102	1.000000000000000e+00	12
103	1.000000000000000e+00	12
104	1.000000000000000e+00	18
105	1.000000000000000e+00	12
106	1.000000000000000e+00	2
107	1.000000000000000e+00	36
108	1.000000000000000e+00	24
109	1.000000000000000e+00	6
110	1.000000000000000e+00	6
111	1.000000000000000e+00	6
112	1.000000000000000e+00	2
113	1.000000000000000e+00	6
114	1.000000000000000e+00	10
115	1.000000000000000e+00	12
116	1.000000000000000e+00	6
117	1.000000000000000e+00	14
118	1.000000000000000e+00	12
119	1.000000000000000e+00	4
120	1.000000000000000e+00	6
121	1.000000000000000e+00	10
122	1.000000000000000e+00	8
123	1.000000000000000e+00	2
124	1.000000000000000e+00	2
125	1.000000000000000e+00	12
126	1.000000000000000e+00	8
127	1.000000000000000e+00	2
128	1.000000000000000e+00	4
129	1.000000000000000e+00	24
130	1.000000000000000e+00	10
131	1.000000000000000e+00	12
132	1.000000000000000e+00	10
133	1.000000000000000e+00	2
134	1.000000000000000e+00	8
135	1.000000000000000e+00	8
136	1.000000000000000e+00	12
137	1.000000000000000e+00	26
138	1.000000000000000e+00	4
139	1.000000000000000e+00	2
140	1.000000000000000e+00	10
141	1.000000000000000e+00	64
142	1.000000000000000e+00	24
143	1.000000000000000e+00	10
144	1.000000000000000e+00	12
145	1.000000000000000e+00	14
146	1.000000000000000e+00	4
147	1.000000000000000e+00	16
148	1.000000000000000e+00	4
149	1.000000000000000e+00	2
150	1.000000000000000e+00	8
151	1.000000000000000e+00	16
152	1.000000000000000e+00	34
153	1.000000000000000e+00	2
154	1.000000000000000e+00	14
155	1.000000000000000e+00	12
156	1.000000000000000e+00	8
157	1.000000000000000e+00	4
158	1.000000000000000e+00	6
159	1.000000000000000e+00	2
160	1.000000000000000e+00	8
161	1.000000000000000e+00	14
162	1.000000000000000e+00	12
163	1.000000000000000e+00	22
164	1.000000000000000e+00	10
165	1.000000000000000e+00	22
166	1.000000000000000e+00	4
167	1.000000000000000e+00	4
168	1.000000000000000e+00	26
169	1.000000000000000e+00	30
170	1.000000000000000e+00	10
171	1.000000000000000e+00	6
172	1.000000000000000e+00	12
173	1.000000000000000e+00	34
174	1.000000000000000e+00	20
175	1.000000000000000e+00	12
176	1.000000000000000e+00	2
177	1.000000000000000e+00	24
178	1.000000000000000e+00	12
179	1.000000000000000e+00	30
180	1.000000000000000e+00	8
181	1.000000000000000e+00	4
182	1.000000000000000e+00	30
183	1.000000000000000e+00	4
184	1.000000000000000e+00	14
185	1.000000000000000e+00	18
186	1.000000000000000e+00	26
187	1.000000000000000e+00	10
188	1.000000000000000e+00	6
189	1.000000000000000e+00	8
190	1.000000000000000e+00	14
191	1.000000000000000e+00	6
192	1.000000000000000e+00	2
193	1.000000000000000e+00	6
194	1.000000000000000e+00	10
195	1.000000000000000e+00	4
196	1.000000000000000e+00	8
197	1.000000000000000e+00	20
198	1.000000000000000e+00	12
199	1.000000000000000e+00	10
200	1.000000000000000e+00	6
201	1.000000000000000e+00	12
202	1.000000000000000e+00	20
203	1.000000000000000e+00	16
204	1.000000000000000e+00	2
205	1.000000000000000e+00	24
206	1.000000000000000e+00	2
207	1.000000000000000e+00	16
208	1.000000000000000e+00	2
209	1.000000000000000e+00	4
210	1.000000000000000e+00	4
211	1.000000000000000e+00	34
212	1.000000000000000e+00	2
213	1.000000000000000e+00	8
214	1.000000000000000e+00	4
215	1.000000000000000e+00	6
216	1.000000000000000e+00	14
217	1.000000000000000e+00	8
218	1.000000000000000e+00	2
219	1.000000000000000e+00	4
220	1.000000000000000e+00	6
221	1.000000000000000e+00	16
222	1.000000000000000e+00	6
223	1.000000000000000e+00	6
224	1.000000000000000e+00	14
225	1.000000000000000e+00	14
226	1.000000000000000e+00	8
227	1.000000000000000e+00	20
228	1.000000000000000e+00	6
229	1.000000000000000e+00	10
230	1.000000000000000e+00	30
231	1.000000000000000e+00	2
232	1.000000000000000e+00	16
233	1.000000000000000e+00	4
234	1.000000000000000e+00	10
235	1.000000000000000e+00	2
236	1.000000000000000e+00	18
237	1.000000000000000e+00	2
238	1.000000000000000e+00	8
239	1.000000000000000e+00	8
240	1.000000000000000e+00	14
241	1.000000000000000e+00	4
242	1.000000000000000e+00	4
243	1.000000000000000e+00	54
244	1.000000000000000e+00	6
245	1.000000000000000e+00	30
246	1.000000000000000e+00	14
247	1.000000000000000e+00	4
248	1.000000000000000e+00	32
249	1.000000000000000e+00	6
250	1.000000000000000e+00	12
251	1.000000000000000e+00	12
252	1.000000000000000e+00	6
253	1.000000000000000e+00	24
254	1.000000000000000e+00	16
255	1.000000000000000e+00	8
256	1.000000000000000e+00	2
257	1.000000000000000e+00	10
258	1.000000000000000e+00	24
259	1.000000000000000e+00	10
260	1.000000000000000e+00	2
261	1.000000000000000e+00	14
262	1.000000000000000e+00	2
263	1.000000000000000e+00	4
264	1.000000000000000e+00	6
265	1.000000000000000e+00	2
266	1.000000000000000e+00	20
267	1.000000000000000e+00	12
268	1.000000000000000e+00	30
269	1.000000000000000e+00	2
270	1.000000000000000e+00	18
271	1.000000000000000e+00	14
272	1.000000000000000e+00	6
273	1.000000000000000e+00	2
274	1.000000000000000e+00	2
275	1.000000000000000e+00	10
276	1.000000000000000e+00	6
277	1.000000000000000e+00	4
278	1.000000000000000e+00	20
279	1.000000000000000e+00	16
280	1.000000000000000e+00	2
281	1.000000000000000e+00	12
282	1.000000000000000e+00	12
283	1.000000000000000e+00	2
284	1.000000000000000e+00	24
285	1.000000000000000e+00	10
286	1.000000000000000e+00	2
287	1.000000000000000e+00	4
288	1.000000000000000e+00	30
289	1.000000000000000e+00	6
290	1.000000000000000e+00	30
291	1.000000000000000e+00	36
292	1.000000000000000e+00	4
293	1.000000000000000e+00	10
294	1.000000000000000e+00	18
295	1.000000000000000e+00	6
296	1.000000000000000e+00	42
297	1.000000000000000e+00	12
298	1.000000000000000e+00	16
299	1.000000000000000e+00	4
300	1.000000000000000e+00	2
301	1.000000000000000e+00	12
302	1.000000000000000e+00	2
303	1.000000000000000e+00	28
304	1.000000000000000e+00	22
305	1.000000000000000e+00	14
306	1.000000000000000e+00	24
307	1.000000000000000e+00	2
308	1.000000000000000e+00	10
309	1.000000000000000e+00	8
310	1.000000000000000e+00	2
311	1.000000000000000e+00	8
312	1.000000000000000e+00	44
313	1.000000000000000e+00	12
314	1.000000000000000e+00	20
315	1.000000000000000e+00	6
316	1.000000000000000e+00	12
317	1.000000000000000e+00	8
318	1.000000000000000e+00	14
319	1.000000000000000e+00	40
320	1.000000000000000e+00	16
321	1.000000000000000e+00	2
322	1.000000000000000e+00	20
323	1.000000000000000e+00	24
324	1.000000000000000e+00	6
325	1.000000000000000e+00	16
326	1.000000000000000e+00	2
327	1.000000000000000e+00	14
328	1.000000000000000e+00	14
329	1.000000000000000e+00	2
330	1.000000000000000e+00	6
331	1.000000000000000e+00	18
332	1.000000000000000e+00	12
333	1.000000000000000e+00	8
334	1.000000000000000e+00	6
335	1.000000000000000e+00	10
336	1.000000000000000e+00	6
337	1.000000000000000e+00	34
338	1.000000000000000e+00	2
339	1.000000000000000e+00	8
340	1.000000000000000e+00	2
341	1.000000000000000e+00	16
342	1.000000000000000e+00	20
343	1.000000000000000e+00	10
344	1.000000000000000e+00	8
345	1.000000000000000e+00	20
346	1.000000000000000e+00	6
347	1.000000000000000e+00	2
348	1.000000000000000e+00	26
349	1.000000000000000e+00	6
350	1.000000000000000e+00	32
351	1.000000000000000e+00	2
352	1.000000000000000e+00	8
353	1.000000000000000e+00	6
354	1.000000000000000e+00	18
355	1.000000000000000e+00	4
356	1.000000000000000e+00	8
357	1.000000000000000e+00	4
358	1.000000000000000e+00	16
359	1.000000000000000e+00	16
360	1.000000000000000e+00	8
361	1.000000000000000e+00	22
362	1.000000000000000e+00	10
363	1.000000000000000e+00	4
364	1.000000000000000e+00	4
365	1.000000000000000e+00	6
366	1.000000000000000e+00	4
367	1.000000000000000e+00	4
368	1.000000000000000e+00	6
369	1.000000000000000e+00	6
370	1.000000000000000e+00	8
371	1.000000000000000e+00	8
372	1.000000000000000e+00	2
373	1.000000000000000e+00	4
374	1.000000000000000e+00	18
375	1.000000000000000e+00	4
376	1.000000000000000e+00	22
377	1.000000000000000e+00	4
378	1.000000000000000e+00	6
379	1.000000000000000e+00	4
380	1.000000000000000e+00	18
381	1.000000000000000e+00	6
382	1.000000000000000e+00	4
383	1.000000000000000e+00	8
384	1.000000000000000e+00	6
385	1.000000000000000e+00	6
386	1.000000000000000e+00	32
387	1.000000000000000e+00	2
388	1.000000000000000e+00	10
389	1.000000000000000e+00	10
390	1.000000000000000e+00	18
391	1.000000000000000e+00	2
392	1.000000000000000e+00	2
393	1.000000000000000e+00	38
394	1.000000000000000e+00	4
395	1.000000000000000e+00	46
396	1.000000000000000e+00	4
397	1.000000000000000e+00	20
398	1.000000000000000e+00	14
399	1.000000000000000e+00	4
400	1.000000000000000e+00	10
401	1.000000000000000e+00	4
402	1.000000000000000e+00	28
403	1.000000000000000e+00	16
404	1.000000000000000e+00	4
405	1.000000000000000e+00	12
406	1.000000000000000e+00	2
407	1.000000000000000e+00	8
408	1.000000000000000e+00	14
409	1.000000000000000e+00	8
410	1.000000000000000e+00	20
411	1.000000000000000e+00	6
412	1.000000000000000e+00	6
413	1.000000000000000e+00	40
414	1.000000000000000e+00	26
415	1.000000000000000e+00	16
416	1.000000000000000e+00	8
417	1.000000000000000e+00	18
418	1.000000000000000e+00	4
419	1.000000000000000e+00	36
420	1.000000000000000e+00	16
421	1.000000000000000e+00	2
422	1.000000000000000e+00	2
423	1.000000000000000e+00	2
424	1.000000000000000e+00	8
425	1.000000000000000e+00	2
426	1.000000000000000e+00	4
427	1.000000000000000e+00	14
428	1.000000000000000e+00	10
429	1.000000000000000e+00	2
430	1.000000000000000e+00	4
431	1.000000000000000e+00	4
432	1.000000000000000e+00	2
433	1.000000000000000e+00	20
434	1.000000000000000e+00	10
435	1.000000000000000e+00	4
436	1.000000000000000e+00	10
437	1.000000000000000e+00	2
438	1.000000000000000e+00	20
439	1.000000000000000e+00	6
440	1.000000000000000e+00	6
441	1.000000000000000e+00	14
442	1.000000000000000e+00	2
443	1.000000000000000e+00	10
444	1.000000000000000e+00	12
445	1.000000000000000e+00	14
446	1.000000000000000e+00	6
447	1.000000000000000e+00	2
448	1.000000000000000e+00	2
449	1.000000000000000e+00	2
450	1.000000000000000e+00	16
451	1.000000000000000e+00	14
452	1.000000000000000e+00	14
453	1.000000000000000e+00	18
454	1.000000000000000e+00	30
455	1.000000000000000e+00	6
456	1.000000000000000e+00	4
457	1.000000000000000e+00	6
458	1.000000000000000e+00	6
459	1.000000000000000e+00	2
460	1.000000000000000e+00	2
461	1.000000000000000e+00	14
462	1.000000000000000e+00	16
463	1.000000000000000e+00	16
464	1.000000000000000e+00	10
465	1.000000000000000e+00	8
466	1.000000000000000e+00	4
467	1.000000000000000e+00	16
468	1.000000000000000e+00	10
469	1.000000000000000e+00	12
470	1.000000000000000e+00	26
471	1.000000000000000e+00	16
472	1.000000000000000e+00	46
473	1.000000000000000e+00	14
474	1.000000000000000e+00	4
475	1.000000000000000e+00	4
476	1.000000000000000e+00	2
477	1.000000000000000e+00	12
478	1.000000000000000e+00	8
479	1.000000000000000e+00	4
480	1.000000000000000e+00	16
481	1.000000000000000e+00	24
482	1.000000000000000e+00	16
483	1.000000000000000e+00	6
484	1.000000000000000e+00	12
485	1.000000000000000e+00	10
486	1.000000000000000e+00	24
487	1.000000000000000e+00	16
488	1.000000000000000e+00	4
489	1.000000000000000e+00	24
490	1.000000000000000e+00	10
491	9.589999998296759e-01	758
492	8.999999999473657e-01	754
493	8.490000000451149e-01	714
494	8.000000001660470e-01	652
495	7.500000002409956e-01	594
496	7.000000001877364e-01	768
497	6.500000001377735e-01	748
498	6.000000000975765e-01	738
499	5.500000001777362e-01	780
500	5.000000001372872e-01	724
501	5.500000002500681e-01	786
502	6.000000003727278e-01	734
503	6.500000004338120e-01	718
504	7.000000006062022e-01	748
505	7.500000005059769e-01	788
506	8.000000006205397e-01	566
507	8.500000006307900e-01	656
508	9.000000006938315e-01	696
509	9.500000007553580e-01	724
510	9.000000005350232e-01	740
511	8.500000004407359e-01	724
512	8.000000005450780e-01	760
513	7.500000005286144e-01	766
514	8.000000004111021e-01	746
515	8.500000003588759e-01	708
516	9.000000002432239e-01	722
517	9.500000001913261e-01	704
518	1.000000000000000e+00	14
519	1.000000000000000e+00	38
520	1.000000000000000e+00	6
521	1.000000000000000e+00	2
522	1.000000000000000e+00	18
523	1.000000000000000e+00	4
524	1.000000000000000e+00	2
525	1.000000000000000e+00	12
526	1.000000000000000e+00	2
527	1.000000000000000e+00	4
528	1.000000000000000e+00	20
529	1.000000000000000e+00	2
530	1.000000000000000e+00	26
531	1.000000000000000e+00	4
532	1.000000000000000e+00	2
533	1.000000000000000e+00	14
534	1.000000000000000e+00	2
535	1.000000000000000e+00	16
536	1.000000000000000e+00	8
537	1.000000000000000e+00	2
538	1.000000000000000e+00	6
539	1.000000000000000e+00	2
540	1.000000000000000e+00	16
541	1.000000000000000e+00	2
542	1.000000000000000e+00	14
543	1.000000000000000e+00	12
544	1.000000000000000e+00	10
545	1.000000000000000e+00	18
546	1.000000000000000e+00	12
547	1.000000000000000e+00	6
548	1.000000000000000e+00	10
549	1.000000000000000e+00	10
550	1.000000000000000e+00	30
551	1.000000000000000e+00	12
552	1.000000000000000e+00	2
553	1.000000000000000e+00	32
554	1.000000000000000e+00	16
555	1.000000000000000e+00	30
556	1.000000000000000e+00	8
557	1.000000000000000e+00	12
558	1.000000000000000e+00	12
559	1.000000000000000e+00	16
560	1.000000000000000e+00	12
561	1.000000000000000e+00	6
562	1.000000000000000e+00	12
563	1.000000000000000e+00	4
564	1.000000000000000e+00	14
565	1.000000000000000e+00	4
566	1.000000000000000e+00	18
567	1.000000000000000e+00	12
568	1.000000000000000e+00	2
569	1.000000000000000e+00	2
570	1.000000000000000e+00	22
571	1.000000000000000e+00	22
572	1.000000000000000e+00	8
573	1.000000000000000e+00	10
574	1.000000000000000e+00	10
575	1.000000000000000e+00	2
576	1.000000000000000e+00	6
577	1.000000000000000e+00	18
578	1.000000000000000e+00	4
579	1.000000000000000e+00	12
580	1.000000000000000e+00	6
581	1.000000000000000e+00	4
582	1.000000000000000e+00	10
583	1.000000000000000e+00	4
584	1.000000000000000e+00	10
585	1.000000000000000e+00	8
586	1.000000000000000e+00	12
587	1.000000000000000e+00	4
588	1.000000000000000e+00	10
589	1.000000000000000e+00	16
590	1.000000000000000e+00	16
591	1.000000000000000e+00	12
592	1.000000000000000e+00	56
593	1.000000000000000e+00	14
594	1.000000000000000e+00	20
595	1.000000000000000e+00	12
596	1.000000000000000e+00	20
597	1.000000000000000e+00	4
598	1.000000000000000e+00	24
599	1.000000000000000e+00	18
600	1.000000000000000e+00	2
601	1.000000000000000e+00	8
602	1.000000000000000e+00	18
603	1.000000000000000e+00	12
604	1.000000000000000e+00	26
605	1.000000000000000e+00	10
606	1.000000000000000e+00	12
607	1.000000000000000e+00	2
608	1.000000000000000e+00	20
609	1.000000000000000e+00	6
610	1.000000000000000e+00	8
611	1.000000000000000e+00	22
612	1.000000000000000e+00	6
613	1.000000000000000e+00	2
614	1.000000000000000e+00	28
615	1.000000000000000e+00	8
616	1.000000000000000e+00	2
617	1.000000000000000e+00	26
618	1.000000000000000e+00	16
619	1.000000000000000e+00	4
620	1.000000000000000e+00	2
621	1.000000000000000e+00	6
622	1.000000000000000e+00	6
623	1.000000000000000e+00	20
624	1.000000000000000e+00	4
625	1.000000000000000e+00	8
626	1.000000000000000e+00	8
627	1.000000000000000e+00	4
628	1.000000000000000e+00	14
629	1.000000000000000e+00	4
630	1.000000000000000e+00	6
631	1.000000000000000e+00	2
632	1.000000000000000e+00	4
633	1.000000000000000e+00	4
634	1.000000000000000e+00	6
635	1.000000000000000e+00	2
636	1.000000000000000e+00	4
637	1.000000000000000e+00	8
638	1.000000000000000e+00	16
639	1.000000000000000e+00	30
640	1.000000000000000e+00	82
641	1.000000000000000e+00	2
642	1.000000000000000e+00	14
643	1.000000000000000e+00	4
644	1.000000000000000e+00	12
645	1.000000000000000e+00	4
646	1.000000000000000e+00	4
647	1.000000000000000e+00	2
648	1.000000000000000e+00	8
649	1.000000000000000e+00	2
650	1.000000000000000e+00	18
651	1.000000000000000e+00	12
652	1.000000000000000e+00	8
653	1.000000000000000e+00	2
654	1.000000000000000e+00	8
655	1.000000000000000e+00	12
656	1.000000000000000e+00	10
657	1.000000000000000e+00	8
658	1.000000000000000e+00	10
659	1.000000000000000e+00	4
660	1.000000000000000e+00	10
661	1.000000000000000e+00	10
662	1.000000000000000e+00	18
663	1.000000000000000e+00	2
664	1.000000000000000e+00	14
665	1.000000000000000e+00	32
666	1.000000000000000e+00	16
667	1.000000000000000e+00	6
668	1.000000000000000e+00	2
669	1.000000000000000e+00	24
670	1.000000000000000e+00	4
671	1.000000000000000e+00	2
672	1.000000000000000e+00	14
673	1.000000000000000e+00	4
674	1.000000000000000e+00	4
675	1.000000000000000e+00	16
676	1.000000000000000e+00	4
677	1.000000000000000e+00	12
678	1.000000000000000e+00	6
679	1.000000000000000e+00	4
680	1.000000000000000e+00	42
681	1.000000000000000e+00	2
682	1.000000000000000e+00	2
683	1.000000000000000e+00	30
684	1.000000000000000e+00	10
685	1.000000000000000e+00	4
686	1.000000000000000e+00	2
687	1.000000000000000e+00	4
688	1.000000000000000e+00	20
689	1.000000000000000e+00	2
690	1.000000000000000e+00	18
691	1.000000000000000e+00	16
692	1.000000000000000e+00	4
693	1.000000000000000e+00	16
694	1.000000000000000e+00	18
695	1.000000000000000e+00	12
696	1.000000000000000e+00	44
697	1.000000000000000e+00	4
698	1.000000000000000e+00	16
699	1.000000000000000e+00	20
700	1.000000000000000e+00	8
701	1.000000000000000e+00	2
702	1.000000000000000e+00	6
703	1.000000000000000e+00	12
704	1.000000000000000e+00	6
705	1.000000000000000e+00	48
706	1.000000000000000e+00	8
707	1.000000000000000e+00	12
708	1.000000000000000e+00	10
709	1.000000000000000e+00	6
710	1.000000000000000e+00	30
711	1.000000000000000e+00	40
712	1.000000000000000e+00	6
713	1.000000000000000e+00	14
714	1.000000000000000e+00	20
715	1.000000000000000e+00	10
716	1.000000000000000e+00	6
717	1.000000000000000e+00	6
718	1.000000000000000e+00	14
719	1.000000000000000e+00	6
720	1.000000000000000e+00	12
721	1.000000000000000e+00	20
722	1.000000000000000e+00	10
723	1.000000000000000e+00	22
724	1.000000000000000e+00	8
725	1.000000000000000e+00	8
726	1.000000000000000e+00	22
727	1.000000000000000e+00	10
728	1.000000000000000e+00	14
729	1.000000000000000e+00	10
730	1.000000000000000e+00	4
731	1.000000000000000e+00	24
732	1.000000000000000e+00	24
733	1.000000000000000e+00	8
734	1.000000000000000e+00	2
735	1.000000000000000e+00	32
736	1.000000000000000e+00	10
737	1.000000000000000e+00	34
738	1.000000000000000e+00	14
739	1.000000000000000e+00	4
740	1.000000000000000e+00	4
741	1.000000000000000e+00	10
742	1.000000000000000e+00	8
743	1.000000000000000e+00	34
744	1.000000000000000e+00	4
745	1.000000000000000e+00	32
746	1.000000000000000e+00	6
747	1.000000000000000e+00	4
748	1.000000000000000e+00	8
749	1.000000000000000e+00	22
750	1.000000000000000e+00	14
751	1.000000000000000e+00	2
752	1.000000000000000e+00	4
753	1.000000000000000e+00	8
754	1.000000000000000e+00	26
755	1.000000000000000e+00	6
756	1.000000000000000e+00	2
757	1.000000000000000e+00	4
758	1.000000000000000e+00	14
759	1.000000000000000e+00	10
760	1.000000000000000e+00	8
761	1.000000000000000e+00	8
762	1.000000000000000e+00	18
763	1.000000000000000e+00	12
764	1.000000000000000e+00	14
765	1.000000000000000e+00	10
766	1.000000000000000e+00	22
767	1.000000000000000e+00	10
768	1.000000000000000e+00	10
769	1.000000000000000e+00	10
770	1.000000000000000e+00	6
771	1.000000000000000e+00	14
772	1.000000000000000e+00	10
773	1.000000000000000e+00	10
774	1.000000000000000e+00	18
775	1.000000000000000e+00	12
776	1.000000000000000e+00	24
777	1.000000000000000e+00	20
778	1.000000000000000e+00	2
779	1.000000000000000e+00	26
780	1.000000000000000e+00	10
781	1.000000000000000e+00	6
782	1.000000000000000e+00	6
783	1.000000000000000e+00	22
784	1.000000000000000e+00	6
785	1.000000000000000e+00	2
786	1.000000000000000e+00	6
787	1.000000000000000e+00	2
788	1.000000000000000e+00	10
789	1.000000000000000e+00	12
790	1.000000000000000e+00	66
791	1.000000000000000e+00	6
792	1.000000000000000e+00	14
793	1.000000000000000e+00	8
794	1.000000000000000e+00	12
795	1.000000000000000e+00	16
796	1.000000000000000e+00	4
797	1.000000000000000e+00	2
798	1.000000000000000e+00	18
799	1.000000000000000e+00	8
800	1.000000000000000e+00	2
801	1.000000000000000e+00	38
802	1.000000000000000e+00	10
803	1.000000000000000e+00	4
804	1.000000000000000e+00	6
805	1.000000000000000e+00	24
806	1.000000000000000e+00	6
807	1.000000000000000e+00	32
808	1.000000000000000e+00	18
809	1.000000000000000e+00	6
810	1.000000000000000e+00	18
811	1.000000000000000e+00	10
812	1.000000000000000e+00	10
813	1.000000000000000e+00	8
814	1.000000000000000e+00	12
815	1.000000000000000e+00	6
816	1.000000000000000e+00	4
817	1.000000000000000e+00	14
818	1.000000000000000e+00	6
819	1.000000000000000e+00	2
820	1.000000000000000e+00	18
821	1.000000000000000e+00	14
822	1.000000000000000e+00	24
823	1.000000000000000e+00	10
824	1.000000000000000e+00	14
825	1.000000000000000e+00	12
826	1.000000000000000e+00	2
827	1.000000000000000e+00	28
828	1.000000000000000e+00	24
829	1.000000000000000e+00	18
830	1.000000000000000e+00	4
831	1.000000000000000e+00	38
832	1.000000000000000e+00	14
833	1.000000000000000e+00	2
834	1.000000000000000e+00	10
835	1.000000000000000e+00	6
836	1.000000000000000e+00	36
837	1.000000000000000e+00	18
838	1.000000000000000e+00	44
839	1.000000000000000e+00	6
840	1.000000000000000e+00	16
841	1.000000000000000e+00	16
842	1.000000000000000e+00	2
843	1.000000000000000e+00	4
844	1.000000000000000e+00	18
845	1.000000000000000e+00	30
846	1.000000000000000e+00	4
847	1.000000000000000e+00	18
848	1.000000000000000e+00	6
849	1.000000000000000e+00	6
850	1.000000000000000e+00	2
851	1.000000000000000e+00	16
852	1.000000000000000e+00	2
853	1.000000000000000e+00	20
854	1.000000000000000e+00	30
855	1.000000000000000e+00	6
856	1.000000000000000e+00	14
857	1.000000000000000e+00	2
858	1.000000000000000e+00	2
859	1.000000000000000e+00	10
860	1.000000000000000e+00	14
861	1.000000000000000e+00	6
862	1.000000000000000e+00	20
863	1.000000000000000e+00	16
864	1.000000000000000e+00	2
865	1.000000000000000e+00	10
866	1.000000000000000e+00	10
867	1.000000000000000e+00	16
868	1.000000000000000e+00	16
869	1.000000000000000e+00	4
870	1.000000000000000e+00	14
871	1.000000000000000e+00	14
872	1.000000000000000e+00	10
873	1.000000000000000e+00	2
874	1.000000000000000e+00	10
875	1.000000000000000e+00	8
876	1.000000000000000e+00	22
877	1.000000000000000e+00	22
878	1.000000000000000e+00	6
879	1.000000000000000e+00	26
880	1.000000000000000e+00	30
881	1.000000000000000e+00	8
882	1.000000000000000e+00	2
883	1.000000000000000e+00	2
884	1.000000000000000e+00	38
885	1.000000000000000e+00	18
886	1.000000000000000e+00	4
887	1.000000000000000e+00	4
888	1.000000000000000e+00	18
889	1.000000000000000e+00	10
890	1.000000000000000e+00	8
891	1.000000000000000e+00	14
892	1.000000000000000e+00	2
893	1.000000000000000e+00	16
894	1.000000000000000e+00	28
895	1.000000000000000e+00	38
896	1.000000000000000e+00	8
897	1.000000000000000e+00	16
898	1.000000000000000e+00	4
899	1.000000000000000e+00	2
900	1.000000000000000e+00	6
901	1.000000000000000e+00	10
902	1.000000000000000e+00	22
903	1.000000000000000e+00	8
904	1.000000000000000e+00	12
905	1.000000000000000e+00	56
906	1.000000000000000e+00	6
907	1.000000000000000e+00	22
908	1.000000000000000e+00	4
909	1.000000000000000e+00	2
910	1.000000000000000e+00	22
911	1.000000000000000e+00	6
912	1.000000000000000e+00	10
913	1.000000000000000e+00	4
914	1.000000000000000e+00	2
915	1.000000000000000e+00	2
916	1.000000000000000e+00	6
917	1.000000000000000e+00	20
918	1.000000000000000e+00	8
919	1.000000000000000e+00	18
920	1.000000000000000e+00	10
921	1.000000000000000e+00	6
922	1.000000000000000e+00	16
923	1.000000000000000e+00	2
924	1.000000000000000e+00	22
925	1.000000000000000e+00	10
926	1.000000000000000e+00	4
927	1.000000000000000e+00	10
928	1.000000000000000e+00	12
929	1.000000000000000e+00	6
930	1.000000000000000e+00	2
931	1.000000000000000e+00	6
932	1.000000000000000e+00	18
933	1.000000000000000e+00	16
934	1.000000000000000e+00	2
935	1.000000000000000e+00	24
936	1.000000000000000e+00	20
937	1.000000000000000e+00	4
938	1.000000000000000e+00	2
939	1.000000000000000e+00	2
940	1.000000000000000e+00	8
941	1.000000000000000e+00	16
942	1.000000000000000e+00	14
943	1.000000000000000e+00	4
944	1.000000000000000e+00	2
945	1.000000000000000e+00	16
946	1.000000000000000e+00	12
947	1.000000000000000e+00	14
948	1.000000000000000e+00	10
949	1.000000000000000e+00	16
950	1.000000000000000e+00	2
951	1.000000000000000e+00	36
952	1.000000000000000e+00	32
953	1.000000000000000e+00	10
954	1.000000000000000e+00	20
955	1.000000000000000e+00	12
956	1.000000000000000e+00	40
957	1.000000000000000e+00	4
958	1.000000000000000e+00	4
959	1.000000000000000e+00	8
960	1.000000000000000e+00	16
961	1.000000000000000e+00	8
962	1.000000000000000e+00	32
963	1.000000000000000e+00	10
964	1.000000000000000e+00	16
965	1.000000000000000e+00	30
966	1.000000000000000e+00	18
967	1.000000000000000e+00	2
968	1.000000000000000e+00	4
969	1.000000000000000e+00	8
970	1.000000000000000e+00	16
971	1.000000000000000e+00	10
972	1.000000000000000e+00	6
973	1.000000000000000e+00	8
974	1.000000000000000e+00	28
975	1.000000000000000e+00	6
976	1.000000000000000e+00	2
977	1.000000000000000e+00	10
978	1.000000000000000e+00	22
979	1.000000000000000e+00	6
980	1.000000000000000e+00	18
981	1.000000000000000e+00	2
982	1.000000000000000e+00	4
983	1.000000000000000e+00	16
984	1.000000000000000e+00	6
985	1.000000000000000e+00	56
986	1.000000000000000e+00	28
987	1.000000000000000e+00	2
988	1.000000000000000e+00	26
989	1.000000000000000e+00	2
990	1.000000000000000e+00	2
991	1.000000000000000e+00	14
992	1.000000000000000e+00	6
993	1.000000000000000e+00	8
994	1.000000000000000e+00	16
995	1.000000000000000e+00	14
996	1.000000000000000e+00	8
997	1.000000000000000e+00	12
998	1.000000000000000e+00	8
999	1.000000000000000e+00	22
1000	1.000000000000000e+00	6


Tempo gasto: 9.827489
