Método usado: LUUS JAAKOLA

POSIÇÃO	ÁREA(mm²)	CUSTO

1	1.000000000000000e+00	18
2	1.000000000000000e+00	4
3	1.000000000000000e+00	4
4	1.000000000000000e+00	18
5	1.000000000000000e+00	24
6	1.000000000000000e+00	6
7	1.000000000000000e+00	6
8	1.000000000000000e+00	22
9	1.000000000000000e+00	2
10	1.000000000000000e+00	20
11	1.000000000000000e+00	18
12	1.000000000000000e+00	8
13	1.000000000000000e+00	4
14	1.000000000000000e+00	8
15	1.000000000000000e+00	12
16	1.000000000000000e+00	2
17	1.000000000000000e+00	16
18	1.000000000000000e+00	12
19	1.000000000000000e+00	2
20	1.000000000000000e+00	20
21	1.000000000000000e+00	18
22	1.000000000000000e+00	12
23	1.000000000000000e+00	12
24	1.000000000000000e+00	18
25	1.000000000000000e+00	26
26	1.000000000000000e+00	12
27	1.000000000000000e+00	2
28	1.000000000000000e+00	8
29	1.000000000000000e+00	8
30	1.000000000000000e+00	24
31	1.000000000000000e+00	22
32	1.000000000000000e+00	8
33	1.000000000000000e+00	10
34	1.000000000000000e+00	4
35	1.000000000000000e+00	4
36	1.000000000000000e+00	2
37	1.000000000000000e+00	30
38	1.000000000000000e+00	2
39	1.000000000000000e+00	12
40	1.000000000000000e+00	22
41	1.000000000000000e+00	6
42	1.000000000000000e+00	6
43	1.000000000000000e+00	10
44	1.000000000000000e+00	62
45	1.000000000000000e+00	14
46	1.000000000000000e+00	8
47	1.000000000000000e+00	12
48	1.000000000000000e+00	26
49	1.000000000000000e+00	26
50	1.000000000000000e+00	4
51	1.000000000000000e+00	6
52	1.000000000000000e+00	4
53	1.000000000000000e+00	8
54	1.000000000000000e+00	4
55	1.000000000000000e+00	28
56	1.000000000000000e+00	6
57	1.000000000000000e+00	6
58	1.000000000000000e+00	4
59	1.000000000000000e+00	50
60	1.000000000000000e+00	16
61	1.000000000000000e+00	8
62	1.000000000000000e+00	2
63	1.000000000000000e+00	16
64	1.000000000000000e+00	16
65	1.000000000000000e+00	24
66	1.000000000000000e+00	4
67	1.000000000000000e+00	6
68	1.000000000000000e+00	2
69	1.000000000000000e+00	20
70	1.000000000000000e+00	12
71	1.000000000000000e+00	2
72	1.000000000000000e+00	34
73	1.000000000000000e+00	10
74	1.000000000000000e+00	16
75	1.000000000000000e+00	32
76	1.000000000000000e+00	8
77	1.000000000000000e+00	6
78	1.000000000000000e+00	10
79	1.000000000000000e+00	2
80	1.000000000000000e+00	10
81	1.000000000000000e+00	14
82	1.000000000000000e+00	12
83	1.000000000000000e+00	4
84	1.000000000000000e+00	4
85	1.000000000000000e+00	22
86	1.000000000000000e+00	18
87	1.000000000000000e+00	8
88	1.000000000000000e+00	30
89	1.000000000000000e+00	14
90	1.000000000000000e+00	6
91	1.000000000000000e+00	4
92	1.000000000000000e+00	12
93	1.000000000000000e+00	26
94	1.000000000000000e+00	8
95	1.000000000000000e+00	16
96	1.000000000000000e+00	8
97	1.000000000000000e+00	14
98	1.000000000000000e+00	12
99	1.000000000000000e+00	24
100	1.000000000000000e+00	16
101	1.000000000000000e+00	8
102	1.000000000000000e+00	24
103	1.000000000000000e+00	10
104	1.000000000000000e+00	16
105	1.000000000000000e+00	2
106	1.000000000000000e+00	18
107	1.000000000000000e+00	12
108	1.000000000000000e+00	6
109	1.000000000000000e+00	8
110	1.000000000000000e+00	8
111	1.000000000000000e+00	22
112	1.000000000000000e+00	6
113	1.000000000000000e+00	6
114	1.000000000000000e+00	4
115	1.000000000000000e+00	6
116	1.000000000000000e+00	10
117	1.000000000000000e+00	10
118	1.000000000000000e+00	20
119	1.000000000000000e+00	20
120	1.000000000000000e+00	16
121	1.000000000000000e+00	36
122	1.000000000000000e+00	22
123	1.000000000000000e+00	2
124	1.000000000000000e+00	4
125	1.000000000000000e+00	28
126	1.000000000000000e+00	8
127	1.000000000000000e+00	12
128	1.000000000000000e+00	2
129	1.000000000000000e+00	26
130	1.000000000000000e+00	6
131	1.000000000000000e+00	10
132	1.000000000000000e+00	4
133	1.000000000000000e+00	2
134	1.000000000000000e+00	8
135	1.000000000000000e+00	6
136	1.000000000000000e+00	12
137	1.000000000000000e+00	10
138	1.000000000000000e+00	24
139	1.000000000000000e+00	12
140	1.000000000000000e+00	10
141	1.000000000000000e+00	18
142	1.000000000000000e+00	12
143	1.000000000000000e+00	20
144	1.000000000000000e+00	10
145	1.000000000000000e+00	16
146	1.000000000000000e+00	6
147	1.000000000000000e+00	32
148	1.000000000000000e+00	18
149	1.000000000000000e+00	12
150	1.000000000000000e+00	6
151	1.000000000000000e+00	14
152	1.000000000000000e+00	6
153	1.000000000000000e+00	6
154	1.000000000000000e+00	4
155	1.000000000000000e+00	10
156	1.000000000000000e+00	8
157	1.000000000000000e+00	22
158	1.000000000000000e+00	10
159	1.000000000000000e+00	2
160	1.000000000000000e+00	12
161	1.000000000000000e+00	14
162	1.000000000000000e+00	4
163	1.000000000000000e+00	10
164	1.000000000000000e+00	12
165	1.000000000000000e+00	18
166	1.000000000000000e+00	8
167	1.000000000000000e+00	16
168	1.000000000000000e+00	20
169	1.000000000000000e+00	10
170	1.000000000000000e+00	4
171	1.000000000000000e+00	8
172	1.000000000000000e+00	60
173	1.000000000000000e+00	26
174	1.000000000000000e+00	2
175	1.000000000000000e+00	2
176	1.000000000000000e+00	4
177	1.000000000000000e+00	4
178	1.000000000000000e+00	14
179	1.000000000000000e+00	2
180	1.000000000000000e+00	20
181	1.000000000000000e+00	6
182	1.000000000000000e+00	2
183	1.000000000000000e+00	6
184	1.000000000000000e+00	10
185	1.000000000000000e+00	14
186	1.000000000000000e+00	8
187	1.000000000000000e+00	4
188	1.000000000000000e+00	12
189	1.000000000000000e+00	22
190	1.000000000000000e+00	10
191	1.000000000000000e+00	20
192	1.000000000000000e+00	4
193	1.000000000000000e+00	14
194	1.000000000000000e+00	34
195	1.000000000000000e+00	4
196	1.000000000000000e+00	2
197	1.000000000000000e+00	2
198	1.000000000000000e+00	12
199	1.000000000000000e+00	4
200	1.000000000000000e+00	6
201	1.000000000000000e+00	42
202	1.000000000000000e+00	4
203	1.000000000000000e+00	68
204	1.000000000000000e+00	14
205	1.000000000000000e+00	2
206	1.000000000000000e+00	4
207	1.000000000000000e+00	24
208	1.000000000000000e+00	6
209	1.000000000000000e+00	12
210	1.000000000000000e+00	8
211	1.000000000000000e+00	16
212	1.000000000000000e+00	16
213	1.000000000000000e+00	10
214	1.000000000000000e+00	34
215	1.000000000000000e+00	2
216	1.000000000000000e+00	14
217	1.000000000000000e+00	4
218	1.000000000000000e+00	24
219	1.000000000000000e+00	20
220	1.000000000000000e+00	2
221	1.000000000000000e+00	12
222	1.000000000000000e+00	20
223	1.000000000000000e+00	2
224	1.000000000000000e+00	28
225	1.000000000000000e+00	6
226	1.000000000000000e+00	4
227	1.000000000000000e+00	12
228	1.000000000000000e+00	20
229	1.000000000000000e+00	4
230	1.000000000000000e+00	2
231	1.000000000000000e+00	8
232	1.000000000000000e+00	4
233	1.000000000000000e+00	6
234	1.000000000000000e+00	2
235	1.000000000000000e+00	2
236	1.000000000000000e+00	12
237	1.000000000000000e+00	6
238	1.000000000000000e+00	22
239	1.000000000000000e+00	8
240	1.000000000000000e+00	4
241	1.000000000000000e+00	28
242	1.000000000000000e+00	12
243	1.000000000000000e+00	6
244	1.000000000000000e+00	14
245	1.000000000000000e+00	16
246	1.000000000000000e+00	2
247	1.000000000000000e+00	4
248	1.000000000000000e+00	12
249	1.000000000000000e+00	16
250	1.000000000000000e+00	6
251	1.000000000000000e+00	50
252	1.000000000000000e+00	4
253	1.000000000000000e+00	10
254	1.000000000000000e+00	10
255	1.000000000000000e+00	12
256	1.000000000000000e+00	10
257	1.000000000000000e+00	22
258	1.000000000000000e+00	46
259	1.000000000000000e+00	8
260	1.000000000000000e+00	12
261	1.000000000000000e+00	8
262	1.000000000000000e+00	4
263	1.000000000000000e+00	14
264	1.000000000000000e+00	6
265	1.000000000000000e+00	8
266	1.000000000000000e+00	10
267	1.000000000000000e+00	12
268	1.000000000000000e+00	18
269	1.000000000000000e+00	6
270	1.000000000000000e+00	26
271	1.000000000000000e+00	22
272	1.000000000000000e+00	8
273	1.000000000000000e+00	14
274	1.000000000000000e+00	26
275	1.000000000000000e+00	8
276	1.000000000000000e+00	4
277	1.000000000000000e+00	6
278	1.000000000000000e+00	8
279	1.000000000000000e+00	20
280	1.000000000000000e+00	18
281	1.000000000000000e+00	6
282	1.000000000000000e+00	22
283	1.000000000000000e+00	22
284	1.000000000000000e+00	4
285	1.000000000000000e+00	12
286	1.000000000000000e+00	10
287	1.000000000000000e+00	2
288	1.000000000000000e+00	2
289	1.000000000000000e+00	4
290	1.000000000000000e+00	4
291	1.000000000000000e+00	8
292	1.000000000000000e+00	32
293	1.000000000000000e+00	4
294	1.000000000000000e+00	2
295	1.000000000000000e+00	2
296	1.000000000000000e+00	6
297	1.000000000000000e+00	4
298	1.000000000000000e+00	8
299	1.000000000000000e+00	4
300	1.000000000000000e+00	34
301	1.000000000000000e+00	4
302	1.000000000000000e+00	2
303	1.000000000000000e+00	22
304	1.000000000000000e+00	18
305	1.000000000000000e+00	50
306	1.000000000000000e+00	16
307	1.000000000000000e+00	4
308	1.000000000000000e+00	10
309	1.000000000000000e+00	10
310	1.000000000000000e+00	6
311	1.000000000000000e+00	8
312	1.000000000000000e+00	2
313	1.000000000000000e+00	2
314	1.000000000000000e+00	18
315	1.000000000000000e+00	16
316	1.000000000000000e+00	12
317	1.000000000000000e+00	4
318	1.000000000000000e+00	16
319	1.000000000000000e+00	14
320	1.000000000000000e+00	12
321	1.000000000000000e+00	4
322	1.000000000000000e+00	12
323	1.000000000000000e+00	24
324	1.000000000000000e+00	2
325	1.000000000000000e+00	18
326	1.000000000000000e+00	18
327	1.000000000000000e+00	32
328	1.000000000000000e+00	10
329	1.000000000000000e+00	10
330	1.000000000000000e+00	16
331	1.000000000000000e+00	28
332	1.000000000000000e+00	32
333	1.000000000000000e+00	4
334	1.000000000000000e+00	4
335	1.000000000000000e+00	18
336	1.000000000000000e+00	10
337	1.000000000000000e+00	4
338	1.000000000000000e+00	2
339	1.000000000000000e+00	14
340	1.000000000000000e+00	4
341	1.000000000000000e+00	8
342	1.000000000000000e+00	6
343	1.000000000000000e+00	8
344	1.000000000000000e+00	58
345	1.000000000000000e+00	6
346	1.000000000000000e+00	6
347	1.000000000000000e+00	8
348	1.000000000000000e+00	20
349	1.000000000000000e+00	10
350	1.000000000000000e+00	14
351	1.000000000000000e+00	12
352	9.499967093186936e-01	314
353	8.999961275618964e-01	282
354	8.500129645013734e-01	150
355	8.000185674623040e-01	274
356	7.500161768949996e-01	308
357	7.000233511284489e-01	310
358	6.500251389405635e-01	104
359	6.000219021256203e-01	226
360	5.500156473007780e-01	350
361	5.000084961722936e-01	366
362	5.000145029565054e-01	224
363	5.250160614050154e-01	322
364	5.500072251581234e-01	328
365	5.750094651508535e-01	328
366	6.000053160727484e-01	262
367	6.250000699470328e-01	300
368	6.500003903815971e-01	260
369	6.750041036462646e-01	170
370	7.000069751548814e-01	324
371	7.250057263238037e-01	300
372	7.499951613965163e-01	232
373	7.999876238366760e-01	316
374	8.499784140710126e-01	304
375	8.999694361715733e-01	286
376	9.499816581713451e-01	244
377	1.000000000000000e+00	18
378	1.000000000000000e+00	2
379	1.000000000000000e+00	8
380	1.000000000000000e+00	10
381	1.000000000000000e+00	24
382	1.000000000000000e+00	2
383	1.000000000000000e+00	12
384	1.000000000000000e+00	2
385	1.000000000000000e+00	4
386	1.000000000000000e+00	24
387	1.000000000000000e+00	8
388	1.000000000000000e+00	8
389	1.000000000000000e+00	18
390	1.000000000000000e+00	32
391	1.000000000000000e+00	28
392	1.000000000000000e+00	8
393	1.000000000000000e+00	20
394	1.000000000000000e+00	6
395	1.000000000000000e+00	12
396	1.000000000000000e+00	28
397	1.000000000000000e+00	12
398	1.000000000000000e+00	18
399	1.000000000000000e+00	6
400	1.000000000000000e+00	6
401	1.000000000000000e+00	18
402	1.000000000000000e+00	18
403	1.000000000000000e+00	12
404	1.000000000000000e+00	8
405	1.000000000000000e+00	16
406	1.000000000000000e+00	10
407	1.000000000000000e+00	28
408	1.000000000000000e+00	4
409	1.000000000000000e+00	6
410	1.000000000000000e+00	24
411	1.000000000000000e+00	8
412	1.000000000000000e+00	10
413	1.000000000000000e+00	14
414	1.000000000000000e+00	18
415	1.000000000000000e+00	16
416	1.000000000000000e+00	42
417	1.000000000000000e+00	2
418	1.000000000000000e+00	14
419	1.000000000000000e+00	10
420	1.000000000000000e+00	2
421	1.000000000000000e+00	20
422	1.000000000000000e+00	10
423	1.000000000000000e+00	16
424	1.000000000000000e+00	6
425	1.000000000000000e+00	8
426	1.000000000000000e+00	24
427	1.000000000000000e+00	24
428	1.000000000000000e+00	14
429	1.000000000000000e+00	2
430	1.000000000000000e+00	22
431	1.000000000000000e+00	2
432	1.000000000000000e+00	10
433	1.000000000000000e+00	8
434	1.000000000000000e+00	12
435	1.000000000000000e+00	14
436	1.000000000000000e+00	6
437	1.000000000000000e+00	22
438	1.000000000000000e+00	8
439	1.000000000000000e+00	20
440	1.000000000000000e+00	12
441	1.000000000000000e+00	18
442	1.000000000000000e+00	6
443	1.000000000000000e+00	8
444	1.000000000000000e+00	8
445	1.000000000000000e+00	22
446	1.000000000000000e+00	4
447	1.000000000000000e+00	12
448	1.000000000000000e+00	46
449	1.000000000000000e+00	28
450	1.000000000000000e+00	12
451	1.000000000000000e+00	2
452	1.000000000000000e+00	32
453	1.000000000000000e+00	14
454	1.000000000000000e+00	14
455	1.000000000000000e+00	22
456	1.000000000000000e+00	16
457	1.000000000000000e+00	22
458	1.000000000000000e+00	8
459	1.000000000000000e+00	2
460	1.000000000000000e+00	2
461	1.000000000000000e+00	2
462	1.000000000000000e+00	16
463	1.000000000000000e+00	10
464	1.000000000000000e+00	10
465	1.000000000000000e+00	20
466	1.000000000000000e+00	16
467	1.000000000000000e+00	10
468	1.000000000000000e+00	2
469	1.000000000000000e+00	6
470	1.000000000000000e+00	8
471	1.000000000000000e+00	20
472	1.000000000000000e+00	14
473	1.000000000000000e+00	14
474	1.000000000000000e+00	22
475	1.000000000000000e+00	14
476	1.000000000000000e+00	10
477	1.000000000000000e+00	2
478	1.000000000000000e+00	4
479	1.000000000000000e+00	6
480	1.000000000000000e+00	10
481	1.000000000000000e+00	6
482	1.000000000000000e+00	18
483	1.000000000000000e+00	4
484	1.000000000000000e+00	4
485	1.000000000000000e+00	10
486	1.000000000000000e+00	2
487	1.000000000000000e+00	30
488	1.000000000000000e+00	34
489	1.000000000000000e+00	2
490	1.000000000000000e+00	14
491	1.000000000000000e+00	8
492	1.000000000000000e+00	4
493	1.000000000000000e+00	14
494	1.000000000000000e+00	16
495	1.000000000000000e+00	10
496	1.000000000000000e+00	2
497	1.000000000000000e+00	8
498	1.000000000000000e+00	16
499	1.000000000000000e+00	2
500	1.000000000000000e+00	14
501	1.000000000000000e+00	10
502	1.000000000000000e+00	8
503	1.000000000000000e+00	16
504	1.000000000000000e+00	8
505	1.000000000000000e+00	8
506	1.000000000000000e+00	16
507	1.000000000000000e+00	8
508	1.000000000000000e+00	16
509	1.000000000000000e+00	16
510	1.000000000000000e+00	12
511	1.000000000000000e+00	4
512	1.000000000000000e+00	6
513	1.000000000000000e+00	10
514	1.000000000000000e+00	36
515	1.000000000000000e+00	14
516	1.000000000000000e+00	10
517	1.000000000000000e+00	10
518	1.000000000000000e+00	26
519	1.000000000000000e+00	28
520	1.000000000000000e+00	16
521	1.000000000000000e+00	10
522	1.000000000000000e+00	26
523	1.000000000000000e+00	8
524	1.000000000000000e+00	12
525	1.000000000000000e+00	18
526	1.000000000000000e+00	16
527	1.000000000000000e+00	22
528	1.000000000000000e+00	4
529	1.000000000000000e+00	30
530	1.000000000000000e+00	22
531	1.000000000000000e+00	16
532	1.000000000000000e+00	20
533	1.000000000000000e+00	2
534	1.000000000000000e+00	16
535	1.000000000000000e+00	16
536	1.000000000000000e+00	8
537	1.000000000000000e+00	16
538	1.000000000000000e+00	2
539	1.000000000000000e+00	2
540	1.000000000000000e+00	16
541	1.000000000000000e+00	2
542	1.000000000000000e+00	2
543	1.000000000000000e+00	8
544	1.000000000000000e+00	12
545	1.000000000000000e+00	28
546	1.000000000000000e+00	28
547	1.000000000000000e+00	4
548	1.000000000000000e+00	2
549	1.000000000000000e+00	8
550	1.000000000000000e+00	8
551	1.000000000000000e+00	12
552	1.000000000000000e+00	10
553	1.000000000000000e+00	2
554	1.000000000000000e+00	6
555	1.000000000000000e+00	28
556	1.000000000000000e+00	30
557	1.000000000000000e+00	24
558	1.000000000000000e+00	30
559	1.000000000000000e+00	10
560	1.000000000000000e+00	8
561	1.000000000000000e+00	48
562	1.000000000000000e+00	12
563	1.000000000000000e+00	36
564	1.000000000000000e+00	4
565	1.000000000000000e+00	26
566	1.000000000000000e+00	18
567	1.000000000000000e+00	10
568	1.000000000000000e+00	26
569	1.000000000000000e+00	8
570	1.000000000000000e+00	16
571	1.000000000000000e+00	8
572	1.000000000000000e+00	12
573	1.000000000000000e+00	16
574	1.000000000000000e+00	4
575	1.000000000000000e+00	16
576	1.000000000000000e+00	4
577	1.000000000000000e+00	4
578	1.000000000000000e+00	12
579	1.000000000000000e+00	16
580	1.000000000000000e+00	2
581	1.000000000000000e+00	36
582	1.000000000000000e+00	24
583	1.000000000000000e+00	10
584	1.000000000000000e+00	4
585	1.000000000000000e+00	4
586	1.000000000000000e+00	32
587	1.000000000000000e+00	22
588	1.000000000000000e+00	4
589	1.000000000000000e+00	2
590	1.000000000000000e+00	18
591	1.000000000000000e+00	16
592	1.000000000000000e+00	28
593	1.000000000000000e+00	8
594	1.000000000000000e+00	6
595	1.000000000000000e+00	18
596	1.000000000000000e+00	28
597	1.000000000000000e+00	6
598	1.000000000000000e+00	10
599	1.000000000000000e+00	14
600	1.000000000000000e+00	10
601	1.000000000000000e+00	4
602	1.000000000000000e+00	14
603	1.000000000000000e+00	2
604	1.000000000000000e+00	18
605	1.000000000000000e+00	8
606	1.000000000000000e+00	2
607	1.000000000000000e+00	18
608	1.000000000000000e+00	4
609	1.000000000000000e+00	72
610	1.000000000000000e+00	14
611	1.000000000000000e+00	2
612	1.000000000000000e+00	28
613	1.000000000000000e+00	10
614	1.000000000000000e+00	4
615	1.000000000000000e+00	10
616	1.000000000000000e+00	16
617	1.000000000000000e+00	8
618	1.000000000000000e+00	6
619	1.000000000000000e+00	8
620	1.000000000000000e+00	10
621	1.000000000000000e+00	18
622	1.000000000000000e+00	18
623	1.000000000000000e+00	6
624	1.000000000000000e+00	6
625	1.000000000000000e+00	14
626	1.000000000000000e+00	4
627	1.000000000000000e+00	14
628	1.000000000000000e+00	10
629	1.000000000000000e+00	12
630	1.000000000000000e+00	26
631	1.000000000000000e+00	6
632	1.000000000000000e+00	2
633	1.000000000000000e+00	4
634	1.000000000000000e+00	4
635	1.000000000000000e+00	24
636	1.000000000000000e+00	8
637	1.000000000000000e+00	2
638	1.000000000000000e+00	4
639	1.000000000000000e+00	2
640	1.000000000000000e+00	4
641	1.000000000000000e+00	12
642	1.000000000000000e+00	2
643	1.000000000000000e+00	22
644	1.000000000000000e+00	12
645	1.000000000000000e+00	12
646	1.000000000000000e+00	24
647	1.000000000000000e+00	14
648	1.000000000000000e+00	12
649	1.000000000000000e+00	20
650	1.000000000000000e+00	24
651	9.704090529009661e-01	238
652	9.373932366859963e-01	260
653	9.056001117933414e-01	294
654	8.749981853550947e-01	306
655	8.455858445300153e-01	332
656	8.173800223654715e-01	254
657	7.903937636016504e-01	248
658	7.646013704223604e-01	184
659	7.400019986854016e-01	328
660	7.166105378458962e-01	206
661	6.944056193998134e-01	326
662	6.733974195062419e-01	248
663	6.535867404337513e-01	288
664	6.349815100850817e-01	286
665	6.175833865636744e-01	292
666	6.013950373842135e-01	326
667	5.864036043873184e-01	344
668	5.726084120380436e-01	364
669	5.600159308202701e-01	314
670	5.486139238350157e-01	320
671	5.384146647372604e-01	290
672	5.294180251963987e-01	294
673	5.216211531489903e-01	268
674	5.150293584036779e-01	96
675	5.096357974400342e-01	308
676	5.054323982180799e-01	356
677	5.024250534281274e-01	308
678	5.006347759976162e-01	254
679	5.000331296388684e-01	310
680	5.006382373143239e-01	258
681	5.024423755731778e-01	276
682	5.054461162035956e-01	360
683	5.096370273052813e-01	272
684	5.150391194088002e-01	340
685	5.216450172918174e-01	300
686	5.294481334106700e-01	280
687	5.384390927957403e-01	284
688	5.486419845898710e-01	260
689	5.600414699533578e-01	320
690	5.726483265504601e-01	284
691	5.864526746356846e-01	262
692	6.014583794993277e-01	128
693	6.176702684414345e-01	314
694	6.350728260330740e-01	280
695	6.536748624128776e-01	316
696	6.734689443074036e-01	298
697	6.944821346754881e-01	292
698	7.166749370890226e-01	274
699	7.400756263843326e-01	334
700	7.646820929258489e-01	236
701	7.904831943269385e-01	224
702	8.174843989933904e-01	320
703	8.456803018596666e-01	302
704	8.750950336565327e-01	36
705	9.056841882769542e-01	288
706	9.374723025457483e-01	278
707	1.000000000000000e+00	1000
708	1.000000000000000e+00	2
709	1.000000000000000e+00	4
710	1.000000000000000e+00	4
711	1.000000000000000e+00	8
712	1.000000000000000e+00	10
713	1.000000000000000e+00	28
714	1.000000000000000e+00	20
715	1.000000000000000e+00	14
716	1.000000000000000e+00	2
717	1.000000000000000e+00	8
718	1.000000000000000e+00	34
719	1.000000000000000e+00	6
720	1.000000000000000e+00	6
721	1.000000000000000e+00	10
722	1.000000000000000e+00	16
723	1.000000000000000e+00	28
724	1.000000000000000e+00	14
725	1.000000000000000e+00	8
726	1.000000000000000e+00	22
727	1.000000000000000e+00	6
728	1.000000000000000e+00	2
729	1.000000000000000e+00	66
730	1.000000000000000e+00	2
731	1.000000000000000e+00	8
732	1.000000000000000e+00	18
733	1.000000000000000e+00	4
734	1.000000000000000e+00	16
735	1.000000000000000e+00	22
736	1.000000000000000e+00	20
737	1.000000000000000e+00	20
738	1.000000000000000e+00	18
739	1.000000000000000e+00	8
740	1.000000000000000e+00	8
741	1.000000000000000e+00	4
742	1.000000000000000e+00	20
743	1.000000000000000e+00	36
744	1.000000000000000e+00	18
745	1.000000000000000e+00	14
746	1.000000000000000e+00	18
747	1.000000000000000e+00	2
748	1.000000000000000e+00	2
749	1.000000000000000e+00	2
750	1.000000000000000e+00	6
751	1.000000000000000e+00	4
752	1.000000000000000e+00	2
753	1.000000000000000e+00	16
754	1.000000000000000e+00	22
755	1.000000000000000e+00	12
756	1.000000000000000e+00	12
757	1.000000000000000e+00	8
758	1.000000000000000e+00	6
759	1.000000000000000e+00	26
760	1.000000000000000e+00	2
761	1.000000000000000e+00	4
762	1.000000000000000e+00	22
763	1.000000000000000e+00	14
764	1.000000000000000e+00	64
765	1.000000000000000e+00	4
766	1.000000000000000e+00	2
767	1.000000000000000e+00	36
768	1.000000000000000e+00	6
769	1.000000000000000e+00	16
770	1.000000000000000e+00	4
771	1.000000000000000e+00	28
772	1.000000000000000e+00	24
773	1.000000000000000e+00	10
774	1.000000000000000e+00	2
775	1.000000000000000e+00	14
776	1.000000000000000e+00	6
777	1.000000000000000e+00	8
778	1.000000000000000e+00	4
779	1.000000000000000e+00	10
780	1.000000000000000e+00	4
781	1.000000000000000e+00	6
782	1.000000000000000e+00	12
783	1.000000000000000e+00	16
784	1.000000000000000e+00	20
785	1.000000000000000e+00	26
786	1.000000000000000e+00	4
787	1.000000000000000e+00	4
788	1.000000000000000e+00	16
789	1.000000000000000e+00	2
790	1.000000000000000e+00	2
791	1.000000000000000e+00	2
792	1.000000000000000e+00	18
793	1.000000000000000e+00	8
794	1.000000000000000e+00	14
795	1.000000000000000e+00	12
796	1.000000000000000e+00	2
797	1.000000000000000e+00	6
798	1.000000000000000e+00	12
799	1.000000000000000e+00	16
800	1.000000000000000e+00	4
801	1.000000000000000e+00	2
802	1.000000000000000e+00	8
803	1.000000000000000e+00	12
804	1.000000000000000e+00	6
805	1.000000000000000e+00	12
806	1.000000000000000e+00	6
807	1.000000000000000e+00	6
808	1.000000000000000e+00	8
809	1.000000000000000e+00	14
810	1.000000000000000e+00	4
811	1.000000000000000e+00	8
812	1.000000000000000e+00	16
813	1.000000000000000e+00	10
814	1.000000000000000e+00	2
815	1.000000000000000e+00	6
816	1.000000000000000e+00	6
817	1.000000000000000e+00	2
818	1.000000000000000e+00	6
819	1.000000000000000e+00	36
820	1.000000000000000e+00	18
821	1.000000000000000e+00	6
822	1.000000000000000e+00	32
823	1.000000000000000e+00	16
824	1.000000000000000e+00	46
825	1.000000000000000e+00	34
826	1.000000000000000e+00	8
827	1.000000000000000e+00	10
828	1.000000000000000e+00	12
829	1.000000000000000e+00	6
830	1.000000000000000e+00	12
831	1.000000000000000e+00	6
832	1.000000000000000e+00	34
833	1.000000000000000e+00	2
834	1.000000000000000e+00	16
835	1.000000000000000e+00	28
836	1.000000000000000e+00	2
837	1.000000000000000e+00	14
838	1.000000000000000e+00	2
839	1.000000000000000e+00	4
840	1.000000000000000e+00	6
841	1.000000000000000e+00	20
842	1.000000000000000e+00	44
843	1.000000000000000e+00	10
844	1.000000000000000e+00	2
845	1.000000000000000e+00	10
846	1.000000000000000e+00	4
847	1.000000000000000e+00	22
848	1.000000000000000e+00	16
849	1.000000000000000e+00	8
850	1.000000000000000e+00	32
851	1.000000000000000e+00	10
852	1.000000000000000e+00	12
853	1.000000000000000e+00	2
854	1.000000000000000e+00	16
855	1.000000000000000e+00	10
856	1.000000000000000e+00	10
857	1.000000000000000e+00	4
858	1.000000000000000e+00	36
859	1.000000000000000e+00	2
860	1.000000000000000e+00	18
861	1.000000000000000e+00	32
862	1.000000000000000e+00	20
863	1.000000000000000e+00	2
864	1.000000000000000e+00	10
865	1.000000000000000e+00	18
866	1.000000000000000e+00	18
867	1.000000000000000e+00	16
868	1.000000000000000e+00	32
869	1.000000000000000e+00	2
870	1.000000000000000e+00	22
871	1.000000000000000e+00	4
872	1.000000000000000e+00	12
873	1.000000000000000e+00	10
874	1.000000000000000e+00	6
875	1.000000000000000e+00	6
876	1.000000000000000e+00	28
877	1.000000000000000e+00	14
878	1.000000000000000e+00	22
879	1.000000000000000e+00	6
880	1.000000000000000e+00	2
881	1.000000000000000e+00	18
882	1.000000000000000e+00	22
883	1.000000000000000e+00	2
884	1.000000000000000e+00	2
885	1.000000000000000e+00	8
886	1.000000000000000e+00	6
887	1.000000000000000e+00	10
888	1.000000000000000e+00	24
889	1.000000000000000e+00	20
890	1.000000000000000e+00	6
891	1.000000000000000e+00	12
892	1.000000000000000e+00	12
893	1.000000000000000e+00	24
894	1.000000000000000e+00	2
895	1.000000000000000e+00	18
896	1.000000000000000e+00	12
897	1.000000000000000e+00	18
898	1.000000000000000e+00	12
899	1.000000000000000e+00	10
900	1.000000000000000e+00	14
901	1.000000000000000e+00	6
902	1.000000000000000e+00	26
903	1.000000000000000e+00	4
904	1.000000000000000e+00	6
905	1.000000000000000e+00	4
906	1.000000000000000e+00	10
907	1.000000000000000e+00	12
908	1.000000000000000e+00	4
909	1.000000000000000e+00	6
910	1.000000000000000e+00	2
911	1.000000000000000e+00	6
912	1.000000000000000e+00	48
913	1.000000000000000e+00	14
914	1.000000000000000e+00	6
915	1.000000000000000e+00	34
916	1.000000000000000e+00	12
917	1.000000000000000e+00	14
918	1.000000000000000e+00	14
919	1.000000000000000e+00	10
920	1.000000000000000e+00	18
921	1.000000000000000e+00	4
922	1.000000000000000e+00	36
923	1.000000000000000e+00	44
924	1.000000000000000e+00	6
925	1.000000000000000e+00	6
926	1.000000000000000e+00	12
927	1.000000000000000e+00	2
928	1.000000000000000e+00	16
929	1.000000000000000e+00	16
930	1.000000000000000e+00	16
931	1.000000000000000e+00	10
932	1.000000000000000e+00	22
933	1.000000000000000e+00	18
934	1.000000000000000e+00	14
935	1.000000000000000e+00	34
936	1.000000000000000e+00	10
937	1.000000000000000e+00	12
938	1.000000000000000e+00	8
939	1.000000000000000e+00	6
940	1.000000000000000e+00	4
941	1.000000000000000e+00	4
942	1.000000000000000e+00	4
943	1.000000000000000e+00	14
944	1.000000000000000e+00	38
945	1.000000000000000e+00	2
946	1.000000000000000e+00	6
947	1.000000000000000e+00	8
948	1.000000000000000e+00	8
949	1.000000000000000e+00	6
950	1.000000000000000e+00	12
951	1.000000000000000e+00	12
952	1.000000000000000e+00	4
953	1.000000000000000e+00	4
954	1.000000000000000e+00	6
955	1.000000000000000e+00	10
956	1.000000000000000e+00	18
957	1.000000000000000e+00	16
958	1.000000000000000e+00	14
959	1.000000000000000e+00	38
960	1.000000000000000e+00	4
961	1.000000000000000e+00	28
962	1.000000000000000e+00	4
963	1.000000000000000e+00	6
964	1.000000000000000e+00	34
965	1.000000000000000e+00	12
966	1.000000000000000e+00	8
967	1.000000000000000e+00	24
968	1.000000000000000e+00	10
969	1.000000000000000e+00	16
970	1.000000000000000e+00	4
971	1.000000000000000e+00	40
972	1.000000000000000e+00	14
973	1.000000000000000e+00	10
974	1.000000000000000e+00	6
975	1.000000000000000e+00	6
976	1.000000000000000e+00	32
977	1.000000000000000e+00	10
978	1.000000000000000e+00	4
979	1.000000000000000e+00	12
980	1.000000000000000e+00	18
981	1.000000000000000e+00	4
982	1.000000000000000e+00	6
983	1.000000000000000e+00	10
984	1.000000000000000e+00	20
985	1.000000000000000e+00	14
986	1.000000000000000e+00	20
987	1.000000000000000e+00	8
988	1.000000000000000e+00	10
989	1.000000000000000e+00	10
990	1.000000000000000e+00	4
991	1.000000000000000e+00	8
992	1.000000000000000e+00	2
993	1.000000000000000e+00	28
994	1.000000000000000e+00	16
995	1.000000000000000e+00	20
996	1.000000000000000e+00	46
997	1.000000000000000e+00	10
998	1.000000000000000e+00	20
999	1.000000000000000e+00	20
1000	1.000000000000000e+00	8


Tempo gasto: 13.674393
