Método usado: LUUS JAAKOLA

POSIÇÃO	ÁREA(mm²)	CUSTO

1	1.000000000000000e+00	26
2	1.000000000000000e+00	8
3	1.000000000000000e+00	14
4	1.000000000000000e+00	26
5	1.000000000000000e+00	18
6	1.000000000000000e+00	12
7	1.000000000000000e+00	6
8	1.000000000000000e+00	6
9	1.000000000000000e+00	20
10	1.000000000000000e+00	28
11	1.000000000000000e+00	14
12	1.000000000000000e+00	24
13	1.000000000000000e+00	10
14	1.000000000000000e+00	16
15	1.000000000000000e+00	4
16	1.000000000000000e+00	18
17	1.000000000000000e+00	4
18	1.000000000000000e+00	20
19	1.000000000000000e+00	34
20	1.000000000000000e+00	4
21	1.000000000000000e+00	2
22	1.000000000000000e+00	22
23	1.000000000000000e+00	22
24	1.000000000000000e+00	4
25	1.000000000000000e+00	20
26	1.000000000000000e+00	16
27	1.000000000000000e+00	22
28	1.000000000000000e+00	6
29	1.000000000000000e+00	16
30	1.000000000000000e+00	8
31	1.000000000000000e+00	42
32	1.000000000000000e+00	12
33	1.000000000000000e+00	6
34	1.000000000000000e+00	4
35	1.000000000000000e+00	10
36	1.000000000000000e+00	12
37	1.000000000000000e+00	12
38	1.000000000000000e+00	14
39	1.000000000000000e+00	10
40	1.000000000000000e+00	2
41	1.000000000000000e+00	14
42	1.000000000000000e+00	22
43	1.000000000000000e+00	18
44	1.000000000000000e+00	6
45	1.000000000000000e+00	14
46	1.000000000000000e+00	12
47	1.000000000000000e+00	4
48	1.000000000000000e+00	2
49	1.000000000000000e+00	12
50	1.000000000000000e+00	8
51	1.000000000000000e+00	2
52	1.000000000000000e+00	14
53	1.000000000000000e+00	28
54	1.000000000000000e+00	18
55	1.000000000000000e+00	4
56	1.000000000000000e+00	4
57	1.000000000000000e+00	20
58	1.000000000000000e+00	2
59	1.000000000000000e+00	4
60	1.000000000000000e+00	24
61	1.000000000000000e+00	2
62	1.000000000000000e+00	4
63	1.000000000000000e+00	24
64	1.000000000000000e+00	18
65	1.000000000000000e+00	6
66	1.000000000000000e+00	12
67	1.000000000000000e+00	12
68	1.000000000000000e+00	16
69	1.000000000000000e+00	4
70	1.000000000000000e+00	2
71	1.000000000000000e+00	8
72	1.000000000000000e+00	32
73	1.000000000000000e+00	12
74	1.000000000000000e+00	6
75	1.000000000000000e+00	18
76	1.000000000000000e+00	6
77	1.000000000000000e+00	18
78	1.000000000000000e+00	10
79	1.000000000000000e+00	8
80	1.000000000000000e+00	12
81	1.000000000000000e+00	4
82	1.000000000000000e+00	10
83	1.000000000000000e+00	4
84	1.000000000000000e+00	38
85	1.000000000000000e+00	14
86	1.000000000000000e+00	22
87	1.000000000000000e+00	6
88	1.000000000000000e+00	10
89	1.000000000000000e+00	8
90	1.000000000000000e+00	30
91	1.000000000000000e+00	2
92	1.000000000000000e+00	2
93	1.000000000000000e+00	10
94	1.000000000000000e+00	2
95	1.000000000000000e+00	12
96	1.000000000000000e+00	6
97	1.000000000000000e+00	14
98	1.000000000000000e+00	16
99	1.000000000000000e+00	24
100	1.000000000000000e+00	10
101	1.000000000000000e+00	8
102	1.000000000000000e+00	8
103	1.000000000000000e+00	4
104	1.000000000000000e+00	24
105	1.000000000000000e+00	8
106	1.000000000000000e+00	6
107	1.000000000000000e+00	18
108	1.000000000000000e+00	20
109	1.000000000000000e+00	2
110	1.000000000000000e+00	2
111	1.000000000000000e+00	36
112	1.000000000000000e+00	8
113	1.000000000000000e+00	30
114	1.000000000000000e+00	20
115	1.000000000000000e+00	10
116	1.000000000000000e+00	20
117	1.000000000000000e+00	24
118	1.000000000000000e+00	16
119	1.000000000000000e+00	14
120	1.000000000000000e+00	2
121	1.000000000000000e+00	10
122	1.000000000000000e+00	6
123	1.000000000000000e+00	20
124	1.000000000000000e+00	2
125	1.000000000000000e+00	20
126	1.000000000000000e+00	16
127	1.000000000000000e+00	6
128	1.000000000000000e+00	6
129	1.000000000000000e+00	8
130	1.000000000000000e+00	18
131	1.000000000000000e+00	14
132	1.000000000000000e+00	2
133	1.000000000000000e+00	16
134	1.000000000000000e+00	8
135	1.000000000000000e+00	20
136	1.000000000000000e+00	14
137	1.000000000000000e+00	2
138	1.000000000000000e+00	10
139	1.000000000000000e+00	26
140	1.000000000000000e+00	2
141	1.000000000000000e+00	2
142	1.000000000000000e+00	10
143	1.000000000000000e+00	6
144	1.000000000000000e+00	4
145	1.000000000000000e+00	24
146	1.000000000000000e+00	10
147	1.000000000000000e+00	2
148	1.000000000000000e+00	10
149	1.000000000000000e+00	44
150	1.000000000000000e+00	8
151	1.000000000000000e+00	4
152	1.000000000000000e+00	2
153	1.000000000000000e+00	16
154	1.000000000000000e+00	2
155	1.000000000000000e+00	30
156	1.000000000000000e+00	6
157	1.000000000000000e+00	14
158	1.000000000000000e+00	44
159	1.000000000000000e+00	14
160	1.000000000000000e+00	12
161	1.000000000000000e+00	16
162	1.000000000000000e+00	20
163	1.000000000000000e+00	40
164	1.000000000000000e+00	2
165	1.000000000000000e+00	12
166	1.000000000000000e+00	18
167	1.000000000000000e+00	6
168	1.000000000000000e+00	10
169	1.000000000000000e+00	6
170	1.000000000000000e+00	16
171	1.000000000000000e+00	12
172	1.000000000000000e+00	20
173	1.000000000000000e+00	16
174	1.000000000000000e+00	2
175	1.000000000000000e+00	8
176	1.000000000000000e+00	14
177	1.000000000000000e+00	2
178	1.000000000000000e+00	10
179	1.000000000000000e+00	18
180	1.000000000000000e+00	6
181	1.000000000000000e+00	4
182	1.000000000000000e+00	4
183	1.000000000000000e+00	8
184	1.000000000000000e+00	2
185	1.000000000000000e+00	8
186	1.000000000000000e+00	8
187	1.000000000000000e+00	8
188	1.000000000000000e+00	2
189	1.000000000000000e+00	2
190	1.000000000000000e+00	40
191	1.000000000000000e+00	18
192	1.000000000000000e+00	6
193	1.000000000000000e+00	10
194	1.000000000000000e+00	6
195	1.000000000000000e+00	18
196	1.000000000000000e+00	18
197	1.000000000000000e+00	10
198	1.000000000000000e+00	8
199	1.000000000000000e+00	14
200	1.000000000000000e+00	6
201	1.000000000000000e+00	2
202	1.000000000000000e+00	10
203	1.000000000000000e+00	6
204	1.000000000000000e+00	16
205	1.000000000000000e+00	6
206	1.000000000000000e+00	20
207	1.000000000000000e+00	12
208	1.000000000000000e+00	10
209	1.000000000000000e+00	26
210	1.000000000000000e+00	10
211	1.000000000000000e+00	2
212	1.000000000000000e+00	16
213	1.000000000000000e+00	4
214	1.000000000000000e+00	2
215	1.000000000000000e+00	14
216	1.000000000000000e+00	20
217	1.000000000000000e+00	2
218	1.000000000000000e+00	2
219	1.000000000000000e+00	6
220	1.000000000000000e+00	10
221	1.000000000000000e+00	10
222	1.000000000000000e+00	8
223	1.000000000000000e+00	32
224	1.000000000000000e+00	6
225	1.000000000000000e+00	30
226	1.000000000000000e+00	16
227	1.000000000000000e+00	28
228	1.000000000000000e+00	2
229	1.000000000000000e+00	2
230	1.000000000000000e+00	4
231	1.000000000000000e+00	10
232	1.000000000000000e+00	24
233	1.000000000000000e+00	6
234	1.000000000000000e+00	4
235	1.000000000000000e+00	6
236	1.000000000000000e+00	12
237	1.000000000000000e+00	12
238	1.000000000000000e+00	2
239	1.000000000000000e+00	22
240	1.000000000000000e+00	4
241	1.000000000000000e+00	12
242	1.000000000000000e+00	12
243	1.000000000000000e+00	4
244	1.000000000000000e+00	4
245	1.000000000000000e+00	10
246	1.000000000000000e+00	4
247	1.000000000000000e+00	8
248	1.000000000000000e+00	4
249	1.000000000000000e+00	8
250	1.000000000000000e+00	12
251	1.000000000000000e+00	4
252	1.000000000000000e+00	4
253	1.000000000000000e+00	16
254	1.000000000000000e+00	8
255	1.000000000000000e+00	14
256	1.000000000000000e+00	30
257	1.000000000000000e+00	12
258	1.000000000000000e+00	8
259	1.000000000000000e+00	4
260	1.000000000000000e+00	8
261	1.000000000000000e+00	32
262	1.000000000000000e+00	10
263	1.000000000000000e+00	22
264	1.000000000000000e+00	26
265	1.000000000000000e+00	28
266	1.000000000000000e+00	6
267	1.000000000000000e+00	20
268	1.000000000000000e+00	8
269	1.000000000000000e+00	32
270	1.000000000000000e+00	4
271	1.000000000000000e+00	4
272	1.000000000000000e+00	4
273	1.000000000000000e+00	14
274	1.000000000000000e+00	18
275	1.000000000000000e+00	6
276	1.000000000000000e+00	8
277	1.000000000000000e+00	16
278	1.000000000000000e+00	10
279	1.000000000000000e+00	10
280	1.000000000000000e+00	10
281	1.000000000000000e+00	16
282	1.000000000000000e+00	2
283	1.000000000000000e+00	16
284	1.000000000000000e+00	6
285	1.000000000000000e+00	4
286	1.000000000000000e+00	8
287	1.000000000000000e+00	10
288	1.000000000000000e+00	4
289	1.000000000000000e+00	8
290	1.000000000000000e+00	8
291	1.000000000000000e+00	22
292	1.000000000000000e+00	26
293	1.000000000000000e+00	20
294	1.000000000000000e+00	8
295	1.000000000000000e+00	8
296	1.000000000000000e+00	10
297	1.000000000000000e+00	4
298	1.000000000000000e+00	8
299	1.000000000000000e+00	26
300	1.000000000000000e+00	12
301	1.000000000000000e+00	50
302	1.000000000000000e+00	12
303	1.000000000000000e+00	14
304	1.000000000000000e+00	20
305	1.000000000000000e+00	10
306	1.000000000000000e+00	14
307	1.000000000000000e+00	2
308	1.000000000000000e+00	8
309	1.000000000000000e+00	4
310	1.000000000000000e+00	14
311	1.000000000000000e+00	10
312	1.000000000000000e+00	10
313	1.000000000000000e+00	2
314	1.000000000000000e+00	14
315	1.000000000000000e+00	16
316	1.000000000000000e+00	20
317	1.000000000000000e+00	2
318	1.000000000000000e+00	20
319	1.000000000000000e+00	14
320	1.000000000000000e+00	20
321	1.000000000000000e+00	6
322	1.000000000000000e+00	8
323	1.000000000000000e+00	2
324	1.000000000000000e+00	10
325	1.000000000000000e+00	6
326	1.000000000000000e+00	8
327	1.000000000000000e+00	2
328	1.000000000000000e+00	8
329	1.000000000000000e+00	2
330	1.000000000000000e+00	4
331	1.000000000000000e+00	24
332	1.000000000000000e+00	54
333	1.000000000000000e+00	12
334	1.000000000000000e+00	38
335	1.000000000000000e+00	34
336	1.000000000000000e+00	46
337	1.000000000000000e+00	38
338	1.000000000000000e+00	12
339	1.000000000000000e+00	16
340	1.000000000000000e+00	4
341	1.000000000000000e+00	8
342	1.000000000000000e+00	2
343	1.000000000000000e+00	16
344	1.000000000000000e+00	10
345	1.000000000000000e+00	2
346	1.000000000000000e+00	4
347	1.000000000000000e+00	12
348	1.000000000000000e+00	10
349	1.000000000000000e+00	10
350	1.000000000000000e+00	12
351	1.000000000000000e+00	6
352	9.500013002337538e-01	296
353	9.000070848940491e-01	242
354	8.500084729120707e-01	250
355	8.000022817714593e-01	242
356	7.499982721014351e-01	232
357	7.000076998274187e-01	346
358	6.500190149229887e-01	246
359	6.000204819029346e-01	276
360	5.500219396953706e-01	326
361	5.000298079951930e-01	222
362	5.000228198726813e-01	306
363	5.250197156059018e-01	330
364	5.500289899899058e-01	234
365	5.750403545240591e-01	314
366	6.000486559097801e-01	316
367	6.250580860153401e-01	366
368	6.500700566055571e-01	332
369	6.750645560968018e-01	312
370	7.000540195386850e-01	260
371	7.250684250387472e-01	180
372	7.500828435059186e-01	204
373	8.000903307257295e-01	236
374	8.500808456828327e-01	220
375	9.000708959377045e-01	222
376	9.500748687859311e-01	302
377	1.000000000000000e+00	1000
378	1.000000000000000e+00	10
379	1.000000000000000e+00	6
380	1.000000000000000e+00	6
381	1.000000000000000e+00	10
382	1.000000000000000e+00	10
383	1.000000000000000e+00	2
384	1.000000000000000e+00	6
385	1.000000000000000e+00	2
386	1.000000000000000e+00	6
387	1.000000000000000e+00	8
388	1.000000000000000e+00	6
389	1.000000000000000e+00	6
390	1.000000000000000e+00	8
391	1.000000000000000e+00	4
392	1.000000000000000e+00	20
393	1.000000000000000e+00	4
394	1.000000000000000e+00	16
395	1.000000000000000e+00	8
396	1.000000000000000e+00	6
397	1.000000000000000e+00	6
398	1.000000000000000e+00	2
399	1.000000000000000e+00	10
400	1.000000000000000e+00	48
401	1.000000000000000e+00	34
402	1.000000000000000e+00	10
403	1.000000000000000e+00	6
404	1.000000000000000e+00	16
405	1.000000000000000e+00	20
406	1.000000000000000e+00	6
407	1.000000000000000e+00	4
408	1.000000000000000e+00	2
409	1.000000000000000e+00	18
410	1.000000000000000e+00	2
411	1.000000000000000e+00	50
412	1.000000000000000e+00	12
413	1.000000000000000e+00	6
414	1.000000000000000e+00	40
415	1.000000000000000e+00	22
416	1.000000000000000e+00	28
417	1.000000000000000e+00	2
418	1.000000000000000e+00	20
419	1.000000000000000e+00	18
420	1.000000000000000e+00	4
421	1.000000000000000e+00	10
422	1.000000000000000e+00	8
423	1.000000000000000e+00	10
424	1.000000000000000e+00	18
425	1.000000000000000e+00	26
426	1.000000000000000e+00	16
427	1.000000000000000e+00	10
428	1.000000000000000e+00	4
429	1.000000000000000e+00	4
430	1.000000000000000e+00	8
431	1.000000000000000e+00	6
432	1.000000000000000e+00	32
433	1.000000000000000e+00	2
434	1.000000000000000e+00	2
435	1.000000000000000e+00	20
436	1.000000000000000e+00	2
437	1.000000000000000e+00	4
438	1.000000000000000e+00	8
439	1.000000000000000e+00	20
440	1.000000000000000e+00	40
441	1.000000000000000e+00	2
442	1.000000000000000e+00	14
443	1.000000000000000e+00	22
444	1.000000000000000e+00	18
445	1.000000000000000e+00	20
446	1.000000000000000e+00	4
447	1.000000000000000e+00	10
448	1.000000000000000e+00	2
449	1.000000000000000e+00	14
450	1.000000000000000e+00	16
451	1.000000000000000e+00	8
452	1.000000000000000e+00	16
453	1.000000000000000e+00	10
454	1.000000000000000e+00	12
455	1.000000000000000e+00	10
456	1.000000000000000e+00	16
457	1.000000000000000e+00	4
458	1.000000000000000e+00	10
459	1.000000000000000e+00	24
460	1.000000000000000e+00	2
461	1.000000000000000e+00	4
462	1.000000000000000e+00	14
463	1.000000000000000e+00	2
464	1.000000000000000e+00	14
465	1.000000000000000e+00	2
466	1.000000000000000e+00	24
467	1.000000000000000e+00	2
468	1.000000000000000e+00	10
469	1.000000000000000e+00	4
470	1.000000000000000e+00	2
471	1.000000000000000e+00	2
472	1.000000000000000e+00	8
473	1.000000000000000e+00	14
474	1.000000000000000e+00	8
475	1.000000000000000e+00	2
476	1.000000000000000e+00	2
477	1.000000000000000e+00	22
478	1.000000000000000e+00	24
479	1.000000000000000e+00	8
480	1.000000000000000e+00	16
481	1.000000000000000e+00	24
482	1.000000000000000e+00	8
483	1.000000000000000e+00	16
484	1.000000000000000e+00	12
485	1.000000000000000e+00	4
486	1.000000000000000e+00	18
487	1.000000000000000e+00	16
488	1.000000000000000e+00	16
489	1.000000000000000e+00	8
490	1.000000000000000e+00	28
491	1.000000000000000e+00	22
492	1.000000000000000e+00	2
493	1.000000000000000e+00	10
494	1.000000000000000e+00	2
495	1.000000000000000e+00	14
496	1.000000000000000e+00	24
497	1.000000000000000e+00	6
498	1.000000000000000e+00	2
499	1.000000000000000e+00	12
500	1.000000000000000e+00	16
501	1.000000000000000e+00	4
502	1.000000000000000e+00	10
503	1.000000000000000e+00	16
504	1.000000000000000e+00	18
505	1.000000000000000e+00	4
506	1.000000000000000e+00	6
507	1.000000000000000e+00	40
508	1.000000000000000e+00	2
509	1.000000000000000e+00	10
510	1.000000000000000e+00	24
511	1.000000000000000e+00	6
512	1.000000000000000e+00	6
513	1.000000000000000e+00	36
514	1.000000000000000e+00	12
515	1.000000000000000e+00	2
516	1.000000000000000e+00	18
517	1.000000000000000e+00	10
518	1.000000000000000e+00	20
519	1.000000000000000e+00	24
520	1.000000000000000e+00	6
521	1.000000000000000e+00	32
522	1.000000000000000e+00	30
523	1.000000000000000e+00	10
524	1.000000000000000e+00	6
525	1.000000000000000e+00	10
526	1.000000000000000e+00	6
527	1.000000000000000e+00	42
528	1.000000000000000e+00	8
529	1.000000000000000e+00	12
530	1.000000000000000e+00	6
531	1.000000000000000e+00	6
532	1.000000000000000e+00	8
533	1.000000000000000e+00	8
534	1.000000000000000e+00	6
535	1.000000000000000e+00	4
536	1.000000000000000e+00	48
537	1.000000000000000e+00	24
538	1.000000000000000e+00	4
539	1.000000000000000e+00	6
540	1.000000000000000e+00	6
541	1.000000000000000e+00	14
542	1.000000000000000e+00	10
543	1.000000000000000e+00	2
544	1.000000000000000e+00	12
545	1.000000000000000e+00	12
546	1.000000000000000e+00	10
547	1.000000000000000e+00	16
548	1.000000000000000e+00	12
549	1.000000000000000e+00	32
550	1.000000000000000e+00	6
551	1.000000000000000e+00	2
552	1.000000000000000e+00	4
553	1.000000000000000e+00	2
554	1.000000000000000e+00	32
555	1.000000000000000e+00	14
556	1.000000000000000e+00	6
557	1.000000000000000e+00	4
558	1.000000000000000e+00	6
559	1.000000000000000e+00	2
560	1.000000000000000e+00	10
561	1.000000000000000e+00	70
562	1.000000000000000e+00	4
563	1.000000000000000e+00	10
564	1.000000000000000e+00	12
565	1.000000000000000e+00	14
566	1.000000000000000e+00	18
567	1.000000000000000e+00	18
568	1.000000000000000e+00	10
569	1.000000000000000e+00	26
570	1.000000000000000e+00	24
571	1.000000000000000e+00	10
572	1.000000000000000e+00	4
573	1.000000000000000e+00	2
574	1.000000000000000e+00	14
575	1.000000000000000e+00	24
576	1.000000000000000e+00	38
577	1.000000000000000e+00	2
578	1.000000000000000e+00	32
579	1.000000000000000e+00	14
580	1.000000000000000e+00	16
581	1.000000000000000e+00	2
582	1.000000000000000e+00	12
583	1.000000000000000e+00	24
584	1.000000000000000e+00	12
585	1.000000000000000e+00	18
586	1.000000000000000e+00	20
587	1.000000000000000e+00	8
588	1.000000000000000e+00	16
589	1.000000000000000e+00	12
590	1.000000000000000e+00	2
591	1.000000000000000e+00	18
592	1.000000000000000e+00	20
593	1.000000000000000e+00	10
594	1.000000000000000e+00	26
595	1.000000000000000e+00	2
596	1.000000000000000e+00	14
597	1.000000000000000e+00	18
598	1.000000000000000e+00	28
599	1.000000000000000e+00	10
600	1.000000000000000e+00	28
601	1.000000000000000e+00	16
602	1.000000000000000e+00	18
603	1.000000000000000e+00	16
604	1.000000000000000e+00	20
605	1.000000000000000e+00	8
606	1.000000000000000e+00	16
607	1.000000000000000e+00	12
608	1.000000000000000e+00	4
609	1.000000000000000e+00	14
610	1.000000000000000e+00	40
611	1.000000000000000e+00	34
612	1.000000000000000e+00	30
613	1.000000000000000e+00	14
614	1.000000000000000e+00	12
615	1.000000000000000e+00	14
616	1.000000000000000e+00	6
617	1.000000000000000e+00	2
618	1.000000000000000e+00	28
619	1.000000000000000e+00	20
620	1.000000000000000e+00	4
621	1.000000000000000e+00	2
622	1.000000000000000e+00	14
623	1.000000000000000e+00	18
624	1.000000000000000e+00	24
625	1.000000000000000e+00	4
626	1.000000000000000e+00	6
627	1.000000000000000e+00	10
628	1.000000000000000e+00	8
629	1.000000000000000e+00	4
630	1.000000000000000e+00	14
631	1.000000000000000e+00	10
632	1.000000000000000e+00	6
633	1.000000000000000e+00	2
634	1.000000000000000e+00	8
635	1.000000000000000e+00	22
636	1.000000000000000e+00	10
637	1.000000000000000e+00	2
638	1.000000000000000e+00	8
639	1.000000000000000e+00	6
640	1.000000000000000e+00	6
641	1.000000000000000e+00	6
642	1.000000000000000e+00	10
643	1.000000000000000e+00	12
644	1.000000000000000e+00	4
645	1.000000000000000e+00	8
646	1.000000000000000e+00	18
647	1.000000000000000e+00	12
648	1.000000000000000e+00	20
649	1.000000000000000e+00	4
650	1.000000000000000e+00	6
651	9.704045876231125e-01	302
652	9.374131551627728e-01	304
653	9.056173415415811e-01	216
654	8.750334030996567e-01	192
655	8.456451089389361e-01	164
656	8.174460540867543e-01	294
657	7.904347767286100e-01	276
658	7.646268184465945e-01	220
659	7.400266394528312e-01	328
660	7.166353851398465e-01	220
661	6.944386900562740e-01	280
662	6.734278491016599e-01	344
663	6.536162968712945e-01	274
664	6.350054972554133e-01	222
665	6.176075002566547e-01	282
666	6.014009297517213e-01	212
667	5.864031595329579e-01	292
668	5.726132028102783e-01	154
669	5.600192370039215e-01	346
670	5.486222002449397e-01	280
671	5.384244160037481e-01	298
672	5.294296099029681e-01	322
673	5.216230017151406e-01	292
674	5.150207464516907e-01	304
675	5.096215494448646e-01	298
676	5.054239880043863e-01	260
677	5.024218087538511e-01	238
678	5.006130836330567e-01	344
679	5.000182681598885e-01	286
680	5.006262554570132e-01	340
681	5.024361829997537e-01	332
682	5.054413279579963e-01	280
683	5.096364363325722e-01	272
684	5.150444119257372e-01	362
685	5.216539161109905e-01	250
686	5.294574923878236e-01	264
687	5.384669708027150e-01	290
688	5.486676992825203e-01	328
689	5.600715468687532e-01	252
690	5.726839066008725e-01	276
691	5.864854867368688e-01	340
692	6.014851417369504e-01	240
693	6.176926074366963e-01	312
694	6.350870186428071e-01	230
695	6.536911285822687e-01	338
696	6.734865450542136e-01	306
697	6.944802968298269e-01	276
698	7.166937946751722e-01	320
699	7.401085869177526e-01	364
700	7.647196673891348e-01	146
701	7.905317155412925e-01	162
702	8.175219527817350e-01	294
703	8.457407280105564e-01	226
704	8.751624288554103e-01	304
705	9.057730172177002e-01	318
706	9.375884278171985e-01	268
707	1.000000000000000e+00	1000
708	1.000000000000000e+00	34
709	1.000000000000000e+00	10
710	1.000000000000000e+00	8
711	1.000000000000000e+00	18
712	1.000000000000000e+00	2
713	1.000000000000000e+00	36
714	1.000000000000000e+00	32
715	1.000000000000000e+00	4
716	1.000000000000000e+00	14
717	1.000000000000000e+00	24
718	1.000000000000000e+00	2
719	1.000000000000000e+00	4
720	1.000000000000000e+00	4
721	1.000000000000000e+00	22
722	1.000000000000000e+00	32
723	1.000000000000000e+00	2
724	1.000000000000000e+00	8
725	1.000000000000000e+00	14
726	1.000000000000000e+00	10
727	1.000000000000000e+00	6
728	1.000000000000000e+00	2
729	1.000000000000000e+00	12
730	1.000000000000000e+00	8
731	1.000000000000000e+00	6
732	1.000000000000000e+00	10
733	1.000000000000000e+00	12
734	1.000000000000000e+00	12
735	1.000000000000000e+00	10
736	1.000000000000000e+00	28
737	1.000000000000000e+00	2
738	1.000000000000000e+00	12
739	1.000000000000000e+00	36
740	1.000000000000000e+00	18
741	1.000000000000000e+00	10
742	1.000000000000000e+00	10
743	1.000000000000000e+00	34
744	1.000000000000000e+00	8
745	1.000000000000000e+00	16
746	1.000000000000000e+00	24
747	1.000000000000000e+00	6
748	1.000000000000000e+00	58
749	1.000000000000000e+00	8
750	1.000000000000000e+00	8
751	1.000000000000000e+00	18
752	1.000000000000000e+00	10
753	1.000000000000000e+00	4
754	1.000000000000000e+00	10
755	1.000000000000000e+00	4
756	1.000000000000000e+00	2
757	1.000000000000000e+00	6
758	1.000000000000000e+00	8
759	1.000000000000000e+00	24
760	1.000000000000000e+00	6
761	1.000000000000000e+00	40
762	1.000000000000000e+00	6
763	1.000000000000000e+00	8
764	1.000000000000000e+00	10
765	1.000000000000000e+00	10
766	1.000000000000000e+00	8
767	1.000000000000000e+00	36
768	1.000000000000000e+00	2
769	1.000000000000000e+00	6
770	1.000000000000000e+00	26
771	1.000000000000000e+00	2
772	1.000000000000000e+00	6
773	1.000000000000000e+00	16
774	1.000000000000000e+00	2
775	1.000000000000000e+00	2
776	1.000000000000000e+00	10
777	1.000000000000000e+00	10
778	1.000000000000000e+00	10
779	1.000000000000000e+00	14
780	1.000000000000000e+00	4
781	1.000000000000000e+00	8
782	1.000000000000000e+00	4
783	1.000000000000000e+00	4
784	1.000000000000000e+00	8
785	1.000000000000000e+00	8
786	1.000000000000000e+00	10
787	1.000000000000000e+00	16
788	1.000000000000000e+00	4
789	1.000000000000000e+00	2
790	1.000000000000000e+00	6
791	1.000000000000000e+00	10
792	1.000000000000000e+00	12
793	1.000000000000000e+00	10
794	1.000000000000000e+00	20
795	1.000000000000000e+00	12
796	1.000000000000000e+00	8
797	1.000000000000000e+00	4
798	1.000000000000000e+00	8
799	1.000000000000000e+00	14
800	1.000000000000000e+00	14
801	1.000000000000000e+00	12
802	1.000000000000000e+00	28
803	1.000000000000000e+00	18
804	1.000000000000000e+00	4
805	1.000000000000000e+00	16
806	1.000000000000000e+00	10
807	1.000000000000000e+00	18
808	1.000000000000000e+00	12
809	1.000000000000000e+00	6
810	1.000000000000000e+00	4
811	1.000000000000000e+00	16
812	1.000000000000000e+00	8
813	1.000000000000000e+00	2
814	1.000000000000000e+00	4
815	1.000000000000000e+00	12
816	1.000000000000000e+00	2
817	1.000000000000000e+00	10
818	1.000000000000000e+00	2
819	1.000000000000000e+00	2
820	1.000000000000000e+00	42
821	1.000000000000000e+00	6
822	1.000000000000000e+00	10
823	1.000000000000000e+00	4
824	1.000000000000000e+00	32
825	1.000000000000000e+00	8
826	1.000000000000000e+00	10
827	1.000000000000000e+00	4
828	1.000000000000000e+00	2
829	1.000000000000000e+00	10
830	1.000000000000000e+00	10
831	1.000000000000000e+00	10
832	1.000000000000000e+00	2
833	1.000000000000000e+00	36
834	1.000000000000000e+00	16
835	1.000000000000000e+00	6
836	1.000000000000000e+00	6
837	1.000000000000000e+00	6
838	1.000000000000000e+00	12
839	1.000000000000000e+00	4
840	1.000000000000000e+00	6
841	1.000000000000000e+00	30
842	1.000000000000000e+00	4
843	1.000000000000000e+00	4
844	1.000000000000000e+00	12
845	1.000000000000000e+00	16
846	1.000000000000000e+00	2
847	1.000000000000000e+00	14
848	1.000000000000000e+00	36
849	1.000000000000000e+00	6
850	1.000000000000000e+00	2
851	1.000000000000000e+00	28
852	1.000000000000000e+00	16
853	1.000000000000000e+00	10
854	1.000000000000000e+00	2
855	1.000000000000000e+00	8
856	1.000000000000000e+00	14
857	1.000000000000000e+00	16
858	1.000000000000000e+00	10
859	1.000000000000000e+00	4
860	1.000000000000000e+00	2
861	1.000000000000000e+00	14
862	1.000000000000000e+00	4
863	1.000000000000000e+00	30
864	1.000000000000000e+00	14
865	1.000000000000000e+00	2
866	1.000000000000000e+00	2
867	1.000000000000000e+00	16
868	1.000000000000000e+00	16
869	1.000000000000000e+00	4
870	1.000000000000000e+00	6
871	1.000000000000000e+00	6
872	1.000000000000000e+00	12
873	1.000000000000000e+00	4
874	1.000000000000000e+00	16
875	1.000000000000000e+00	8
876	1.000000000000000e+00	4
877	1.000000000000000e+00	22
878	1.000000000000000e+00	32
879	1.000000000000000e+00	16
880	1.000000000000000e+00	8
881	1.000000000000000e+00	4
882	1.000000000000000e+00	16
883	1.000000000000000e+00	10
884	1.000000000000000e+00	12
885	1.000000000000000e+00	4
886	1.000000000000000e+00	6
887	1.000000000000000e+00	8
888	1.000000000000000e+00	26
889	1.000000000000000e+00	22
890	1.000000000000000e+00	10
891	1.000000000000000e+00	12
892	1.000000000000000e+00	6
893	1.000000000000000e+00	12
894	1.000000000000000e+00	14
895	1.000000000000000e+00	12
896	1.000000000000000e+00	6
897	1.000000000000000e+00	4
898	1.000000000000000e+00	28
899	1.000000000000000e+00	10
900	1.000000000000000e+00	2
901	1.000000000000000e+00	4
902	1.000000000000000e+00	4
903	1.000000000000000e+00	2
904	1.000000000000000e+00	2
905	1.000000000000000e+00	2
906	1.000000000000000e+00	8
907	1.000000000000000e+00	4
908	1.000000000000000e+00	6
909	1.000000000000000e+00	8
910	1.000000000000000e+00	6
911	1.000000000000000e+00	12
912	1.000000000000000e+00	8
913	1.000000000000000e+00	8
914	1.000000000000000e+00	8
915	1.000000000000000e+00	8
916	1.000000000000000e+00	8
917	1.000000000000000e+00	8
918	1.000000000000000e+00	10
919	1.000000000000000e+00	6
920	1.000000000000000e+00	12
921	1.000000000000000e+00	10
922	1.000000000000000e+00	8
923	1.000000000000000e+00	12
924	1.000000000000000e+00	6
925	1.000000000000000e+00	12
926	1.000000000000000e+00	2
927	1.000000000000000e+00	10
928	1.000000000000000e+00	8
929	1.000000000000000e+00	26
930	1.000000000000000e+00	10
931	1.000000000000000e+00	10
932	1.000000000000000e+00	6
933	1.000000000000000e+00	6
934	1.000000000000000e+00	30
935	1.000000000000000e+00	14
936	1.000000000000000e+00	16
937	1.000000000000000e+00	14
938	1.000000000000000e+00	8
939	1.000000000000000e+00	4
940	1.000000000000000e+00	16
941	1.000000000000000e+00	8
942	1.000000000000000e+00	4
943	1.000000000000000e+00	12
944	1.000000000000000e+00	14
945	1.000000000000000e+00	34
946	1.000000000000000e+00	4
947	1.000000000000000e+00	32
948	1.000000000000000e+00	2
949	1.000000000000000e+00	6
950	1.000000000000000e+00	14
951	1.000000000000000e+00	18
952	1.000000000000000e+00	2
953	1.000000000000000e+00	8
954	1.000000000000000e+00	14
955	1.000000000000000e+00	2
956	1.000000000000000e+00	14
957	1.000000000000000e+00	8
958	1.000000000000000e+00	10
959	1.000000000000000e+00	20
960	1.000000000000000e+00	2
961	1.000000000000000e+00	4
962	1.000000000000000e+00	12
963	1.000000000000000e+00	42
964	1.000000000000000e+00	12
965	1.000000000000000e+00	6
966	1.000000000000000e+00	10
967	1.000000000000000e+00	6
968	1.000000000000000e+00	20
969	1.000000000000000e+00	22
970	1.000000000000000e+00	12
971	1.000000000000000e+00	6
972	1.000000000000000e+00	14
973	1.000000000000000e+00	16
974	1.000000000000000e+00	14
975	1.000000000000000e+00	12
976	1.000000000000000e+00	18
977	1.000000000000000e+00	14
978	1.000000000000000e+00	16
979	1.000000000000000e+00	10
980	1.000000000000000e+00	14
981	1.000000000000000e+00	10
982	1.000000000000000e+00	6
983	1.000000000000000e+00	26
984	1.000000000000000e+00	6
985	1.000000000000000e+00	4
986	1.000000000000000e+00	30
987	1.000000000000000e+00	28
988	1.000000000000000e+00	16
989	1.000000000000000e+00	22
990	1.000000000000000e+00	16
991	1.000000000000000e+00	2
992	1.000000000000000e+00	18
993	1.000000000000000e+00	14
994	1.000000000000000e+00	34
995	1.000000000000000e+00	14
996	1.000000000000000e+00	14
997	1.000000000000000e+00	22
998	1.000000000000000e+00	2
999	1.000000000000000e+00	8
1000	1.000000000000000e+00	22


Tempo gasto: 13.437970
