Método usado: LUUS JAAKOLA

POSIÇÃO	ÁREA(mm²)	CUSTO

1	1.000000000000000e+00	26
2	1.000000000000000e+00	18
3	1.000000000000000e+00	38
4	1.000000000000000e+00	6
5	1.000000000000000e+00	4
6	1.000000000000000e+00	34
7	1.000000000000000e+00	6
8	1.000000000000000e+00	32
9	1.000000000000000e+00	6
10	1.000000000000000e+00	12
11	1.000000000000000e+00	26
12	1.000000000000000e+00	20
13	1.000000000000000e+00	6
14	1.000000000000000e+00	12
15	1.000000000000000e+00	16
16	1.000000000000000e+00	2
17	1.000000000000000e+00	10
18	1.000000000000000e+00	10
19	1.000000000000000e+00	22
20	1.000000000000000e+00	4
21	1.000000000000000e+00	18
22	1.000000000000000e+00	14
23	1.000000000000000e+00	8
24	1.000000000000000e+00	12
25	1.000000000000000e+00	8
26	1.000000000000000e+00	52
27	1.000000000000000e+00	20
28	1.000000000000000e+00	4
29	1.000000000000000e+00	6
30	1.000000000000000e+00	6
31	1.000000000000000e+00	2
32	1.000000000000000e+00	2
33	1.000000000000000e+00	16
34	1.000000000000000e+00	8
35	1.000000000000000e+00	10
36	1.000000000000000e+00	12
37	1.000000000000000e+00	8
38	1.000000000000000e+00	2
39	1.000000000000000e+00	28
40	1.000000000000000e+00	2
41	1.000000000000000e+00	18
42	1.000000000000000e+00	8
43	1.000000000000000e+00	2
44	1.000000000000000e+00	6
45	1.000000000000000e+00	10
46	1.000000000000000e+00	4
47	1.000000000000000e+00	30
48	1.000000000000000e+00	12
49	1.000000000000000e+00	6
50	1.000000000000000e+00	4
51	1.000000000000000e+00	6
52	1.000000000000000e+00	20
53	1.000000000000000e+00	2
54	1.000000000000000e+00	2
55	1.000000000000000e+00	12
56	1.000000000000000e+00	6
57	1.000000000000000e+00	28
58	1.000000000000000e+00	16
59	1.000000000000000e+00	4
60	1.000000000000000e+00	2
61	1.000000000000000e+00	6
62	1.000000000000000e+00	2
63	1.000000000000000e+00	4
64	1.000000000000000e+00	10
65	1.000000000000000e+00	6
66	1.000000000000000e+00	2
67	1.000000000000000e+00	16
68	1.000000000000000e+00	14
69	1.000000000000000e+00	26
70	1.000000000000000e+00	4
71	1.000000000000000e+00	4
72	1.000000000000000e+00	4
73	1.000000000000000e+00	10
74	1.000000000000000e+00	44
75	1.000000000000000e+00	2
76	1.000000000000000e+00	40
77	1.000000000000000e+00	8
78	1.000000000000000e+00	20
79	1.000000000000000e+00	6
80	1.000000000000000e+00	8
81	1.000000000000000e+00	4
82	1.000000000000000e+00	4
83	1.000000000000000e+00	2
84	1.000000000000000e+00	4
85	1.000000000000000e+00	4
86	1.000000000000000e+00	12
87	1.000000000000000e+00	24
88	1.000000000000000e+00	30
89	1.000000000000000e+00	14
90	1.000000000000000e+00	6
91	1.000000000000000e+00	2
92	1.000000000000000e+00	12
93	1.000000000000000e+00	10
94	1.000000000000000e+00	12
95	1.000000000000000e+00	6
96	1.000000000000000e+00	16
97	1.000000000000000e+00	14
98	1.000000000000000e+00	8
99	1.000000000000000e+00	6
100	1.000000000000000e+00	22
101	1.000000000000000e+00	58
102	1.000000000000000e+00	22
103	1.000000000000000e+00	44
104	1.000000000000000e+00	20
105	1.000000000000000e+00	10
106	1.000000000000000e+00	18
107	1.000000000000000e+00	4
108	1.000000000000000e+00	18
109	1.000000000000000e+00	20
110	1.000000000000000e+00	12
111	1.000000000000000e+00	38
112	1.000000000000000e+00	16
113	1.000000000000000e+00	4
114	1.000000000000000e+00	30
115	1.000000000000000e+00	10
116	1.000000000000000e+00	10
117	1.000000000000000e+00	2
118	1.000000000000000e+00	2
119	1.000000000000000e+00	26
120	1.000000000000000e+00	8
121	1.000000000000000e+00	20
122	1.000000000000000e+00	2
123	1.000000000000000e+00	2
124	1.000000000000000e+00	16
125	1.000000000000000e+00	24
126	1.000000000000000e+00	22
127	1.000000000000000e+00	10
128	1.000000000000000e+00	24
129	1.000000000000000e+00	16
130	1.000000000000000e+00	4
131	1.000000000000000e+00	4
132	1.000000000000000e+00	4
133	1.000000000000000e+00	16
134	1.000000000000000e+00	6
135	1.000000000000000e+00	12
136	1.000000000000000e+00	4
137	1.000000000000000e+00	4
138	1.000000000000000e+00	10
139	1.000000000000000e+00	4
140	1.000000000000000e+00	6
141	1.000000000000000e+00	2
142	1.000000000000000e+00	4
143	1.000000000000000e+00	20
144	1.000000000000000e+00	6
145	1.000000000000000e+00	26
146	1.000000000000000e+00	10
147	1.000000000000000e+00	28
148	1.000000000000000e+00	2
149	1.000000000000000e+00	44
150	1.000000000000000e+00	16
151	1.000000000000000e+00	6
152	1.000000000000000e+00	8
153	1.000000000000000e+00	2
154	1.000000000000000e+00	6
155	1.000000000000000e+00	6
156	1.000000000000000e+00	8
157	1.000000000000000e+00	8
158	1.000000000000000e+00	24
159	1.000000000000000e+00	6
160	1.000000000000000e+00	18
161	1.000000000000000e+00	12
162	1.000000000000000e+00	10
163	1.000000000000000e+00	14
164	1.000000000000000e+00	20
165	1.000000000000000e+00	4
166	1.000000000000000e+00	6
167	1.000000000000000e+00	28
168	1.000000000000000e+00	20
169	1.000000000000000e+00	52
170	1.000000000000000e+00	4
171	1.000000000000000e+00	10
172	1.000000000000000e+00	22
173	1.000000000000000e+00	20
174	1.000000000000000e+00	12
175	1.000000000000000e+00	4
176	1.000000000000000e+00	6
177	1.000000000000000e+00	4
178	1.000000000000000e+00	2
179	1.000000000000000e+00	6
180	1.000000000000000e+00	8
181	1.000000000000000e+00	36
182	1.000000000000000e+00	4
183	1.000000000000000e+00	40
184	1.000000000000000e+00	12
185	1.000000000000000e+00	2
186	1.000000000000000e+00	20
187	1.000000000000000e+00	6
188	1.000000000000000e+00	26
189	1.000000000000000e+00	20
190	1.000000000000000e+00	6
191	1.000000000000000e+00	6
192	1.000000000000000e+00	10
193	1.000000000000000e+00	16
194	1.000000000000000e+00	14
195	1.000000000000000e+00	12
196	1.000000000000000e+00	10
197	1.000000000000000e+00	2
198	1.000000000000000e+00	16
199	1.000000000000000e+00	12
200	1.000000000000000e+00	14
201	1.000000000000000e+00	10
202	1.000000000000000e+00	18
203	1.000000000000000e+00	2
204	1.000000000000000e+00	4
205	1.000000000000000e+00	16
206	1.000000000000000e+00	12
207	1.000000000000000e+00	2
208	1.000000000000000e+00	12
209	1.000000000000000e+00	20
210	1.000000000000000e+00	30
211	1.000000000000000e+00	12
212	1.000000000000000e+00	6
213	1.000000000000000e+00	8
214	1.000000000000000e+00	12
215	1.000000000000000e+00	40
216	1.000000000000000e+00	16
217	1.000000000000000e+00	8
218	1.000000000000000e+00	6
219	1.000000000000000e+00	4
220	1.000000000000000e+00	28
221	1.000000000000000e+00	8
222	1.000000000000000e+00	10
223	1.000000000000000e+00	2
224	1.000000000000000e+00	6
225	1.000000000000000e+00	4
226	1.000000000000000e+00	2
227	1.000000000000000e+00	20
228	1.000000000000000e+00	6
229	1.000000000000000e+00	2
230	1.000000000000000e+00	8
231	1.000000000000000e+00	36
232	1.000000000000000e+00	20
233	1.000000000000000e+00	72
234	1.000000000000000e+00	2
235	1.000000000000000e+00	8
236	1.000000000000000e+00	6
237	1.000000000000000e+00	8
238	1.000000000000000e+00	10
239	1.000000000000000e+00	2
240	1.000000000000000e+00	2
241	1.000000000000000e+00	36
242	1.000000000000000e+00	26
243	1.000000000000000e+00	6
244	1.000000000000000e+00	2
245	1.000000000000000e+00	6
246	1.000000000000000e+00	4
247	1.000000000000000e+00	12
248	1.000000000000000e+00	16
249	1.000000000000000e+00	6
250	1.000000000000000e+00	14
251	1.000000000000000e+00	2
252	1.000000000000000e+00	6
253	1.000000000000000e+00	22
254	1.000000000000000e+00	6
255	1.000000000000000e+00	20
256	1.000000000000000e+00	6
257	1.000000000000000e+00	6
258	1.000000000000000e+00	30
259	1.000000000000000e+00	6
260	1.000000000000000e+00	2
261	1.000000000000000e+00	12
262	1.000000000000000e+00	2
263	1.000000000000000e+00	14
264	1.000000000000000e+00	4
265	1.000000000000000e+00	2
266	1.000000000000000e+00	14
267	1.000000000000000e+00	12
268	1.000000000000000e+00	4
269	1.000000000000000e+00	4
270	1.000000000000000e+00	8
271	1.000000000000000e+00	20
272	1.000000000000000e+00	16
273	1.000000000000000e+00	24
274	1.000000000000000e+00	22
275	1.000000000000000e+00	16
276	1.000000000000000e+00	20
277	1.000000000000000e+00	8
278	1.000000000000000e+00	10
279	1.000000000000000e+00	18
280	1.000000000000000e+00	14
281	1.000000000000000e+00	24
282	1.000000000000000e+00	16
283	1.000000000000000e+00	14
284	1.000000000000000e+00	8
285	1.000000000000000e+00	8
286	1.000000000000000e+00	24
287	1.000000000000000e+00	28
288	1.000000000000000e+00	14
289	1.000000000000000e+00	22
290	1.000000000000000e+00	16
291	1.000000000000000e+00	4
292	1.000000000000000e+00	18
293	1.000000000000000e+00	6
294	1.000000000000000e+00	6
295	1.000000000000000e+00	10
296	1.000000000000000e+00	2
297	1.000000000000000e+00	4
298	1.000000000000000e+00	10
299	1.000000000000000e+00	16
300	1.000000000000000e+00	2
301	1.000000000000000e+00	6
302	1.000000000000000e+00	14
303	1.000000000000000e+00	6
304	1.000000000000000e+00	10
305	1.000000000000000e+00	18
306	1.000000000000000e+00	26
307	1.000000000000000e+00	12
308	1.000000000000000e+00	10
309	1.000000000000000e+00	2
310	1.000000000000000e+00	10
311	1.000000000000000e+00	8
312	1.000000000000000e+00	4
313	1.000000000000000e+00	16
314	1.000000000000000e+00	6
315	1.000000000000000e+00	6
316	1.000000000000000e+00	6
317	1.000000000000000e+00	12
318	1.000000000000000e+00	6
319	1.000000000000000e+00	30
320	1.000000000000000e+00	14
321	1.000000000000000e+00	16
322	1.000000000000000e+00	26
323	1.000000000000000e+00	10
324	1.000000000000000e+00	10
325	1.000000000000000e+00	8
326	1.000000000000000e+00	4
327	1.000000000000000e+00	20
328	1.000000000000000e+00	6
329	1.000000000000000e+00	10
330	1.000000000000000e+00	4
331	1.000000000000000e+00	2
332	1.000000000000000e+00	22
333	1.000000000000000e+00	2
334	1.000000000000000e+00	2
335	1.000000000000000e+00	2
336	1.000000000000000e+00	28
337	1.000000000000000e+00	10
338	1.000000000000000e+00	16
339	1.000000000000000e+00	24
340	1.000000000000000e+00	18
341	1.000000000000000e+00	12
342	1.000000000000000e+00	6
343	1.000000000000000e+00	12
344	1.000000000000000e+00	14
345	1.000000000000000e+00	10
346	1.000000000000000e+00	10
347	1.000000000000000e+00	22
348	1.000000000000000e+00	12
349	1.000000000000000e+00	4
350	1.000000000000000e+00	22
351	1.000000000000000e+00	8
352	9.499810929659823e-01	310
353	8.999994402245378e-01	314
354	8.499909362146023e-01	302
355	7.999889548172561e-01	178
356	7.499868739351642e-01	220
357	6.999813806599784e-01	296
358	6.499940877816083e-01	206
359	6.000011098370658e-01	308
360	5.499941545814955e-01	254
361	5.000035869188298e-01	316
362	5.000043417995754e-01	318
363	5.249976368030951e-01	192
364	5.499961487405448e-01	342
365	5.749998760568646e-01	250
366	6.000025399690578e-01	302
367	6.249908108159030e-01	228
368	6.499812392644256e-01	222
369	6.749898883086213e-01	166
370	6.999806596784494e-01	216
371	7.249686126336633e-01	314
372	7.499529606584494e-01	330
373	7.999353288364396e-01	330
374	8.499426465438823e-01	230
375	8.999347221852125e-01	330
376	9.499215711978504e-01	348
377	9.999237034039925e-01	276
378	9.999046401081503e-01	324
379	9.999190936231481e-01	224
380	9.999068848841899e-01	282
381	9.999206495478928e-01	184
382	9.999259294614948e-01	272
383	9.999428607879017e-01	232
384	9.999308480135989e-01	244
385	9.999295364747781e-01	156
386	9.999479313651766e-01	310
387	9.999571091223050e-01	246
388	9.999755169284346e-01	144
389	9.999759790561774e-01	278
390	9.999818374428351e-01	262
391	1.000000000000000e+00	20
392	1.000000000000000e+00	8
393	1.000000000000000e+00	24
394	1.000000000000000e+00	34
395	1.000000000000000e+00	22
396	1.000000000000000e+00	4
397	1.000000000000000e+00	8
398	1.000000000000000e+00	14
399	1.000000000000000e+00	12
400	1.000000000000000e+00	16
401	1.000000000000000e+00	12
402	1.000000000000000e+00	4
403	1.000000000000000e+00	2
404	1.000000000000000e+00	8
405	1.000000000000000e+00	16
406	1.000000000000000e+00	6
407	1.000000000000000e+00	8
408	1.000000000000000e+00	4
409	1.000000000000000e+00	2
410	1.000000000000000e+00	6
411	1.000000000000000e+00	16
412	1.000000000000000e+00	26
413	1.000000000000000e+00	16
414	1.000000000000000e+00	4
415	1.000000000000000e+00	20
416	1.000000000000000e+00	18
417	1.000000000000000e+00	22
418	1.000000000000000e+00	18
419	1.000000000000000e+00	40
420	1.000000000000000e+00	20
421	1.000000000000000e+00	4
422	1.000000000000000e+00	30
423	1.000000000000000e+00	12
424	1.000000000000000e+00	54
425	1.000000000000000e+00	4
426	1.000000000000000e+00	4
427	1.000000000000000e+00	18
428	1.000000000000000e+00	12
429	1.000000000000000e+00	2
430	1.000000000000000e+00	6
431	1.000000000000000e+00	2
432	1.000000000000000e+00	18
433	1.000000000000000e+00	24
434	1.000000000000000e+00	6
435	1.000000000000000e+00	2
436	1.000000000000000e+00	12
437	1.000000000000000e+00	4
438	1.000000000000000e+00	8
439	1.000000000000000e+00	2
440	1.000000000000000e+00	24
441	1.000000000000000e+00	6
442	1.000000000000000e+00	2
443	1.000000000000000e+00	12
444	1.000000000000000e+00	26
445	1.000000000000000e+00	20
446	1.000000000000000e+00	6
447	1.000000000000000e+00	16
448	1.000000000000000e+00	16
449	1.000000000000000e+00	28
450	1.000000000000000e+00	10
451	1.000000000000000e+00	30
452	1.000000000000000e+00	50
453	1.000000000000000e+00	14
454	1.000000000000000e+00	8
455	1.000000000000000e+00	4
456	1.000000000000000e+00	14
457	1.000000000000000e+00	16
458	1.000000000000000e+00	20
459	1.000000000000000e+00	10
460	1.000000000000000e+00	4
461	1.000000000000000e+00	8
462	1.000000000000000e+00	34
463	1.000000000000000e+00	2
464	1.000000000000000e+00	8
465	1.000000000000000e+00	4
466	1.000000000000000e+00	2
467	1.000000000000000e+00	2
468	1.000000000000000e+00	22
469	1.000000000000000e+00	8
470	1.000000000000000e+00	28
471	1.000000000000000e+00	8
472	1.000000000000000e+00	2
473	1.000000000000000e+00	18
474	1.000000000000000e+00	26
475	1.000000000000000e+00	4
476	1.000000000000000e+00	10
477	1.000000000000000e+00	4
478	1.000000000000000e+00	38
479	1.000000000000000e+00	2
480	1.000000000000000e+00	12
481	1.000000000000000e+00	14
482	1.000000000000000e+00	12
483	1.000000000000000e+00	4
484	1.000000000000000e+00	4
485	1.000000000000000e+00	6
486	1.000000000000000e+00	4
487	1.000000000000000e+00	6
488	1.000000000000000e+00	10
489	1.000000000000000e+00	10
490	1.000000000000000e+00	22
491	1.000000000000000e+00	6
492	1.000000000000000e+00	30
493	1.000000000000000e+00	8
494	1.000000000000000e+00	10
495	1.000000000000000e+00	4
496	1.000000000000000e+00	2
497	1.000000000000000e+00	20
498	1.000000000000000e+00	8
499	1.000000000000000e+00	14
500	1.000000000000000e+00	4
501	1.000000000000000e+00	14
502	1.000000000000000e+00	6
503	1.000000000000000e+00	2
504	1.000000000000000e+00	2
505	1.000000000000000e+00	10
506	1.000000000000000e+00	4
507	1.000000000000000e+00	2
508	1.000000000000000e+00	18
509	1.000000000000000e+00	6
510	1.000000000000000e+00	10
511	1.000000000000000e+00	6
512	1.000000000000000e+00	14
513	1.000000000000000e+00	2
514	1.000000000000000e+00	14
515	1.000000000000000e+00	38
516	1.000000000000000e+00	18
517	1.000000000000000e+00	2
518	1.000000000000000e+00	22
519	1.000000000000000e+00	14
520	1.000000000000000e+00	58
521	1.000000000000000e+00	18
522	1.000000000000000e+00	8
523	1.000000000000000e+00	8
524	1.000000000000000e+00	18
525	1.000000000000000e+00	12
526	1.000000000000000e+00	4
527	1.000000000000000e+00	8
528	1.000000000000000e+00	30
529	1.000000000000000e+00	26
530	1.000000000000000e+00	50
531	1.000000000000000e+00	16
532	1.000000000000000e+00	6
533	1.000000000000000e+00	18
534	1.000000000000000e+00	20
535	1.000000000000000e+00	98
536	1.000000000000000e+00	6
537	1.000000000000000e+00	2
538	1.000000000000000e+00	4
539	1.000000000000000e+00	2
540	1.000000000000000e+00	20
541	1.000000000000000e+00	6
542	1.000000000000000e+00	14
543	1.000000000000000e+00	4
544	1.000000000000000e+00	10
545	1.000000000000000e+00	16
546	1.000000000000000e+00	16
547	1.000000000000000e+00	6
548	1.000000000000000e+00	6
549	1.000000000000000e+00	10
550	1.000000000000000e+00	18
551	1.000000000000000e+00	16
552	1.000000000000000e+00	30
553	1.000000000000000e+00	26
554	1.000000000000000e+00	4
555	1.000000000000000e+00	6
556	1.000000000000000e+00	18
557	1.000000000000000e+00	48
558	1.000000000000000e+00	26
559	1.000000000000000e+00	6
560	1.000000000000000e+00	2
561	1.000000000000000e+00	2
562	1.000000000000000e+00	14
563	1.000000000000000e+00	24
564	1.000000000000000e+00	16
565	1.000000000000000e+00	2
566	1.000000000000000e+00	2
567	1.000000000000000e+00	8
568	1.000000000000000e+00	12
569	1.000000000000000e+00	10
570	1.000000000000000e+00	36
571	1.000000000000000e+00	10
572	1.000000000000000e+00	16
573	1.000000000000000e+00	8
574	1.000000000000000e+00	8
575	1.000000000000000e+00	2
576	1.000000000000000e+00	26
577	1.000000000000000e+00	2
578	1.000000000000000e+00	6
579	1.000000000000000e+00	12
580	1.000000000000000e+00	4
581	1.000000000000000e+00	6
582	1.000000000000000e+00	8
583	1.000000000000000e+00	22
584	1.000000000000000e+00	50
585	1.000000000000000e+00	10
586	1.000000000000000e+00	4
587	1.000000000000000e+00	28
588	1.000000000000000e+00	8
589	1.000000000000000e+00	22
590	1.000000000000000e+00	6
591	1.000000000000000e+00	6
592	1.000000000000000e+00	10
593	1.000000000000000e+00	8
594	1.000000000000000e+00	8
595	1.000000000000000e+00	22
596	1.000000000000000e+00	16
597	1.000000000000000e+00	16
598	1.000000000000000e+00	4
599	1.000000000000000e+00	20
600	1.000000000000000e+00	18
601	1.000000000000000e+00	4
602	1.000000000000000e+00	2
603	1.000000000000000e+00	4
604	1.000000000000000e+00	18
605	1.000000000000000e+00	20
606	1.000000000000000e+00	2
607	1.000000000000000e+00	18
608	1.000000000000000e+00	14
609	1.000000000000000e+00	8
610	1.000000000000000e+00	4
611	1.000000000000000e+00	6
612	1.000000000000000e+00	10
613	1.000000000000000e+00	4
614	1.000000000000000e+00	14
615	1.000000000000000e+00	6
616	1.000000000000000e+00	4
617	1.000000000000000e+00	6
618	1.000000000000000e+00	26
619	1.000000000000000e+00	8
620	1.000000000000000e+00	4
621	1.000000000000000e+00	2
622	1.000000000000000e+00	8
623	1.000000000000000e+00	8
624	1.000000000000000e+00	2
625	1.000000000000000e+00	14
626	1.000000000000000e+00	6
627	1.000000000000000e+00	8
628	1.000000000000000e+00	16
629	1.000000000000000e+00	2
630	1.000000000000000e+00	2
631	1.000000000000000e+00	4
632	1.000000000000000e+00	2
633	1.000000000000000e+00	4
634	1.000000000000000e+00	24
635	1.000000000000000e+00	10
636	1.000000000000000e+00	2
637	1.000000000000000e+00	6
638	1.000000000000000e+00	8
639	1.000000000000000e+00	10
640	1.000000000000000e+00	10
641	1.000000000000000e+00	22
642	1.000000000000000e+00	16
643	1.000000000000000e+00	2
644	1.000000000000000e+00	10
645	1.000000000000000e+00	12
646	1.000000000000000e+00	4
647	1.000000000000000e+00	22
648	1.000000000000000e+00	10
649	1.000000000000000e+00	18
650	1.000000000000000e+00	4
651	9.703996271082589e-01	286
652	9.374053000747601e-01	292
653	9.055938449209967e-01	264
654	8.749814355352268e-01	274
655	8.455878809093402e-01	318
656	8.173852127674350e-01	190
657	7.903924471523963e-01	214
658	7.646075336261753e-01	308
659	7.399956466565236e-01	128
660	7.165852951741294e-01	316
661	6.943829668694653e-01	256
662	6.733707573380764e-01	290
663	6.535620724836895e-01	318
664	6.349734981922528e-01	238
665	6.175799067558602e-01	136
666	6.013872355377397e-01	180
667	5.863839007901759e-01	266
668	5.725810980046987e-01	292
669	5.599832042848930e-01	270
670	5.485836829544101e-01	304
671	5.383885269606605e-01	344
672	5.293802366450635e-01	304
673	5.215852217993893e-01	188
674	5.149844352500516e-01	322
675	5.095764342217998e-01	270
676	5.053838172434171e-01	344
677	5.023781803278852e-01	298
678	5.005698870142948e-01	198
679	4.999737988655806e-01	330
680	5.005777901279482e-01	318
681	5.023680224497605e-01	220
682	5.053765676827781e-01	126
683	5.095836707483036e-01	326
684	5.149753340256205e-01	172
685	5.215831794344026e-01	334
686	5.293797114607948e-01	322
687	5.383856355481811e-01	264
688	5.485946025483996e-01	248
689	5.600002406870054e-01	250
690	5.725973052214345e-01	292
691	5.864057756147126e-01	278
692	6.013992467328343e-01	348
693	6.176040031158397e-01	302
694	6.350017801409281e-01	348
695	6.536130972707067e-01	186
696	6.734159016492111e-01	234
697	6.944123077310260e-01	190
698	7.166145657962695e-01	264
699	7.400182813347643e-01	302
700	7.646326210850558e-01	308
701	7.904249941976782e-01	298
702	8.174336334750730e-01	286
703	8.456368300301443e-01	200
704	8.750301597004881e-01	228
705	9.056431281973094e-01	274
706	9.374601816391371e-01	258
707	1.000000000000000e+00	1000
708	1.000000000000000e+00	2
709	1.000000000000000e+00	28
710	1.000000000000000e+00	12
711	1.000000000000000e+00	8
712	1.000000000000000e+00	6
713	1.000000000000000e+00	6
714	1.000000000000000e+00	26
715	1.000000000000000e+00	22
716	1.000000000000000e+00	6
717	1.000000000000000e+00	6
718	1.000000000000000e+00	4
719	1.000000000000000e+00	26
720	1.000000000000000e+00	8
721	1.000000000000000e+00	2
722	1.000000000000000e+00	10
723	1.000000000000000e+00	4
724	1.000000000000000e+00	14
725	1.000000000000000e+00	10
726	1.000000000000000e+00	12
727	1.000000000000000e+00	20
728	1.000000000000000e+00	6
729	1.000000000000000e+00	6
730	1.000000000000000e+00	8
731	1.000000000000000e+00	8
732	1.000000000000000e+00	16
733	1.000000000000000e+00	30
734	1.000000000000000e+00	26
735	1.000000000000000e+00	18
736	1.000000000000000e+00	14
737	1.000000000000000e+00	4
738	1.000000000000000e+00	30
739	1.000000000000000e+00	22
740	1.000000000000000e+00	42
741	1.000000000000000e+00	32
742	1.000000000000000e+00	14
743	1.000000000000000e+00	14
744	1.000000000000000e+00	6
745	1.000000000000000e+00	2
746	1.000000000000000e+00	48
747	1.000000000000000e+00	10
748	1.000000000000000e+00	4
749	1.000000000000000e+00	12
750	1.000000000000000e+00	10
751	1.000000000000000e+00	8
752	1.000000000000000e+00	14
753	1.000000000000000e+00	6
754	1.000000000000000e+00	10
755	1.000000000000000e+00	8
756	1.000000000000000e+00	10
757	1.000000000000000e+00	16
758	1.000000000000000e+00	16
759	1.000000000000000e+00	22
760	1.000000000000000e+00	2
761	1.000000000000000e+00	4
762	1.000000000000000e+00	26
763	1.000000000000000e+00	14
764	1.000000000000000e+00	34
765	1.000000000000000e+00	4
766	1.000000000000000e+00	16
767	1.000000000000000e+00	34
768	1.000000000000000e+00	20
769	1.000000000000000e+00	14
770	1.000000000000000e+00	2
771	1.000000000000000e+00	32
772	1.000000000000000e+00	8
773	1.000000000000000e+00	6
774	1.000000000000000e+00	4
775	1.000000000000000e+00	2
776	1.000000000000000e+00	6
777	1.000000000000000e+00	8
778	1.000000000000000e+00	14
779	1.000000000000000e+00	4
780	1.000000000000000e+00	20
781	1.000000000000000e+00	44
782	1.000000000000000e+00	4
783	1.000000000000000e+00	24
784	1.000000000000000e+00	42
785	1.000000000000000e+00	10
786	1.000000000000000e+00	14
787	1.000000000000000e+00	2
788	1.000000000000000e+00	8
789	1.000000000000000e+00	4
790	1.000000000000000e+00	6
791	1.000000000000000e+00	24
792	1.000000000000000e+00	20
793	1.000000000000000e+00	4
794	1.000000000000000e+00	16
795	1.000000000000000e+00	6
796	1.000000000000000e+00	10
797	1.000000000000000e+00	8
798	1.000000000000000e+00	6
799	1.000000000000000e+00	2
800	1.000000000000000e+00	2
801	1.000000000000000e+00	14
802	1.000000000000000e+00	4
803	1.000000000000000e+00	16
804	1.000000000000000e+00	16
805	1.000000000000000e+00	14
806	1.000000000000000e+00	18
807	1.000000000000000e+00	14
808	1.000000000000000e+00	26
809	1.000000000000000e+00	8
810	1.000000000000000e+00	16
811	1.000000000000000e+00	18
812	1.000000000000000e+00	22
813	1.000000000000000e+00	26
814	1.000000000000000e+00	44
815	1.000000000000000e+00	16
816	1.000000000000000e+00	4
817	1.000000000000000e+00	2
818	1.000000000000000e+00	4
819	1.000000000000000e+00	2
820	1.000000000000000e+00	8
821	1.000000000000000e+00	14
822	1.000000000000000e+00	14
823	1.000000000000000e+00	4
824	1.000000000000000e+00	22
825	1.000000000000000e+00	6
826	1.000000000000000e+00	8
827	1.000000000000000e+00	2
828	1.000000000000000e+00	2
829	1.000000000000000e+00	4
830	1.000000000000000e+00	2
831	1.000000000000000e+00	34
832	1.000000000000000e+00	4
833	1.000000000000000e+00	10
834	1.000000000000000e+00	8
835	1.000000000000000e+00	2
836	1.000000000000000e+00	24
837	1.000000000000000e+00	2
838	1.000000000000000e+00	2
839	1.000000000000000e+00	6
840	1.000000000000000e+00	12
841	1.000000000000000e+00	10
842	1.000000000000000e+00	16
843	1.000000000000000e+00	22
844	1.000000000000000e+00	4
845	1.000000000000000e+00	12
846	1.000000000000000e+00	14
847	1.000000000000000e+00	8
848	1.000000000000000e+00	8
849	1.000000000000000e+00	4
850	1.000000000000000e+00	2
851	1.000000000000000e+00	6
852	1.000000000000000e+00	10
853	1.000000000000000e+00	8
854	1.000000000000000e+00	10
855	1.000000000000000e+00	44
856	1.000000000000000e+00	40
857	1.000000000000000e+00	6
858	1.000000000000000e+00	16
859	1.000000000000000e+00	14
860	1.000000000000000e+00	22
861	1.000000000000000e+00	4
862	1.000000000000000e+00	4
863	1.000000000000000e+00	4
864	1.000000000000000e+00	28
865	1.000000000000000e+00	2
866	1.000000000000000e+00	26
867	1.000000000000000e+00	4
868	1.000000000000000e+00	6
869	1.000000000000000e+00	12
870	1.000000000000000e+00	6
871	1.000000000000000e+00	14
872	1.000000000000000e+00	8
873	1.000000000000000e+00	24
874	1.000000000000000e+00	18
875	1.000000000000000e+00	28
876	1.000000000000000e+00	18
877	1.000000000000000e+00	12
878	1.000000000000000e+00	14
879	1.000000000000000e+00	14
880	1.000000000000000e+00	2
881	1.000000000000000e+00	4
882	1.000000000000000e+00	28
883	1.000000000000000e+00	18
884	1.000000000000000e+00	4
885	1.000000000000000e+00	6
886	1.000000000000000e+00	12
887	1.000000000000000e+00	16
888	1.000000000000000e+00	2
889	1.000000000000000e+00	6
890	1.000000000000000e+00	4
891	1.000000000000000e+00	20
892	1.000000000000000e+00	10
893	1.000000000000000e+00	30
894	1.000000000000000e+00	26
895	1.000000000000000e+00	14
896	1.000000000000000e+00	28
897	1.000000000000000e+00	8
898	1.000000000000000e+00	14
899	1.000000000000000e+00	10
900	1.000000000000000e+00	2
901	1.000000000000000e+00	14
902	1.000000000000000e+00	12
903	1.000000000000000e+00	4
904	1.000000000000000e+00	14
905	1.000000000000000e+00	10
906	1.000000000000000e+00	14
907	1.000000000000000e+00	22
908	1.000000000000000e+00	4
909	1.000000000000000e+00	2
910	1.000000000000000e+00	4
911	1.000000000000000e+00	2
912	1.000000000000000e+00	18
913	1.000000000000000e+00	18
914	1.000000000000000e+00	28
915	1.000000000000000e+00	12
916	1.000000000000000e+00	10
917	1.000000000000000e+00	8
918	1.000000000000000e+00	2
919	1.000000000000000e+00	12
920	1.000000000000000e+00	2
921	1.000000000000000e+00	4
922	1.000000000000000e+00	28
923	1.000000000000000e+00	8
924	1.000000000000000e+00	42
925	1.000000000000000e+00	8
926	1.000000000000000e+00	8
927	1.000000000000000e+00	8
928	1.000000000000000e+00	2
929	1.000000000000000e+00	8
930	1.000000000000000e+00	6
931	1.000000000000000e+00	2
932	1.000000000000000e+00	28
933	1.000000000000000e+00	16
934	1.000000000000000e+00	2
935	1.000000000000000e+00	30
936	1.000000000000000e+00	2
937	1.000000000000000e+00	4
938	1.000000000000000e+00	2
939	1.000000000000000e+00	4
940	1.000000000000000e+00	4
941	1.000000000000000e+00	10
942	1.000000000000000e+00	2
943	1.000000000000000e+00	10
944	1.000000000000000e+00	6
945	1.000000000000000e+00	2
946	1.000000000000000e+00	10
947	1.000000000000000e+00	14
948	1.000000000000000e+00	14
949	1.000000000000000e+00	24
950	1.000000000000000e+00	4
951	1.000000000000000e+00	4
952	1.000000000000000e+00	2
953	1.000000000000000e+00	2
954	1.000000000000000e+00	2
955	1.000000000000000e+00	14
956	1.000000000000000e+00	8
957	1.000000000000000e+00	14
958	1.000000000000000e+00	14
959	1.000000000000000e+00	6
960	1.000000000000000e+00	18
961	1.000000000000000e+00	2
962	1.000000000000000e+00	12
963	1.000000000000000e+00	8
964	1.000000000000000e+00	16
965	1.000000000000000e+00	4
966	1.000000000000000e+00	2
967	1.000000000000000e+00	16
968	1.000000000000000e+00	18
969	1.000000000000000e+00	8
970	1.000000000000000e+00	60
971	1.000000000000000e+00	16
972	1.000000000000000e+00	10
973	1.000000000000000e+00	4
974	1.000000000000000e+00	6
975	1.000000000000000e+00	8
976	1.000000000000000e+00	36
977	1.000000000000000e+00	8
978	1.000000000000000e+00	12
979	1.000000000000000e+00	8
980	1.000000000000000e+00	20
981	1.000000000000000e+00	2
982	1.000000000000000e+00	4
983	1.000000000000000e+00	6
984	1.000000000000000e+00	4
985	1.000000000000000e+00	16
986	1.000000000000000e+00	16
987	1.000000000000000e+00	4
988	1.000000000000000e+00	16
989	1.000000000000000e+00	2
990	1.000000000000000e+00	8
991	1.000000000000000e+00	2
992	1.000000000000000e+00	6
993	1.000000000000000e+00	22
994	1.000000000000000e+00	6
995	1.000000000000000e+00	12
996	1.000000000000000e+00	2
997	1.000000000000000e+00	8
998	1.000000000000000e+00	4
999	1.000000000000000e+00	2
1000	1.000000000000000e+00	18


Tempo gasto: 13.466033
