Método usado: LUUS JAAKOLA

POSIÇÃO	ÁREA(mm²)	CUSTO

1	1.000000000000000e+00	20
2	1.000000000000000e+00	2
3	1.000000000000000e+00	12
4	1.000000000000000e+00	2
5	1.000000000000000e+00	8
6	1.000000000000000e+00	4
7	1.000000000000000e+00	12
8	1.000000000000000e+00	6
9	1.000000000000000e+00	8
10	1.000000000000000e+00	14
11	1.000000000000000e+00	12
12	1.000000000000000e+00	12
13	1.000000000000000e+00	6
14	1.000000000000000e+00	4
15	1.000000000000000e+00	14
16	1.000000000000000e+00	4
17	1.000000000000000e+00	4
18	1.000000000000000e+00	2
19	1.000000000000000e+00	22
20	1.000000000000000e+00	2
21	1.000000000000000e+00	10
22	1.000000000000000e+00	50
23	1.000000000000000e+00	2
24	1.000000000000000e+00	12
25	1.000000000000000e+00	14
26	1.000000000000000e+00	18
27	1.000000000000000e+00	16
28	1.000000000000000e+00	8
29	1.000000000000000e+00	10
30	1.000000000000000e+00	32
31	1.000000000000000e+00	10
32	1.000000000000000e+00	12
33	1.000000000000000e+00	30
34	1.000000000000000e+00	12
35	1.000000000000000e+00	26
36	1.000000000000000e+00	14
37	1.000000000000000e+00	10
38	1.000000000000000e+00	30
39	1.000000000000000e+00	6
40	1.000000000000000e+00	2
41	1.000000000000000e+00	10
42	1.000000000000000e+00	48
43	1.000000000000000e+00	6
44	1.000000000000000e+00	4
45	1.000000000000000e+00	2
46	1.000000000000000e+00	12
47	1.000000000000000e+00	2
48	1.000000000000000e+00	10
49	1.000000000000000e+00	8
50	1.000000000000000e+00	18
51	1.000000000000000e+00	2
52	1.000000000000000e+00	16
53	1.000000000000000e+00	2
54	1.000000000000000e+00	2
55	1.000000000000000e+00	6
56	1.000000000000000e+00	8
57	1.000000000000000e+00	12
58	1.000000000000000e+00	2
59	1.000000000000000e+00	6
60	1.000000000000000e+00	12
61	1.000000000000000e+00	6
62	1.000000000000000e+00	10
63	1.000000000000000e+00	8
64	1.000000000000000e+00	16
65	1.000000000000000e+00	34
66	1.000000000000000e+00	2
67	1.000000000000000e+00	8
68	1.000000000000000e+00	4
69	1.000000000000000e+00	14
70	1.000000000000000e+00	6
71	1.000000000000000e+00	20
72	1.000000000000000e+00	8
73	1.000000000000000e+00	4
74	1.000000000000000e+00	4
75	1.000000000000000e+00	6
76	1.000000000000000e+00	10
77	1.000000000000000e+00	6
78	1.000000000000000e+00	16
79	1.000000000000000e+00	16
80	1.000000000000000e+00	18
81	1.000000000000000e+00	4
82	1.000000000000000e+00	6
83	1.000000000000000e+00	14
84	1.000000000000000e+00	8
85	1.000000000000000e+00	12
86	1.000000000000000e+00	2
87	1.000000000000000e+00	6
88	1.000000000000000e+00	4
89	1.000000000000000e+00	10
90	1.000000000000000e+00	2
91	1.000000000000000e+00	2
92	1.000000000000000e+00	2
93	1.000000000000000e+00	20
94	1.000000000000000e+00	18
95	1.000000000000000e+00	12
96	1.000000000000000e+00	22
97	1.000000000000000e+00	6
98	1.000000000000000e+00	2
99	1.000000000000000e+00	2
100	1.000000000000000e+00	10
101	1.000000000000000e+00	2
102	1.000000000000000e+00	4
103	1.000000000000000e+00	10
104	1.000000000000000e+00	8
105	1.000000000000000e+00	24
106	1.000000000000000e+00	4
107	1.000000000000000e+00	2
108	1.000000000000000e+00	6
109	1.000000000000000e+00	22
110	1.000000000000000e+00	10
111	1.000000000000000e+00	10
112	1.000000000000000e+00	28
113	1.000000000000000e+00	18
114	1.000000000000000e+00	2
115	1.000000000000000e+00	20
116	1.000000000000000e+00	6
117	1.000000000000000e+00	28
118	1.000000000000000e+00	38
119	1.000000000000000e+00	6
120	1.000000000000000e+00	6
121	1.000000000000000e+00	2
122	1.000000000000000e+00	14
123	1.000000000000000e+00	12
124	1.000000000000000e+00	22
125	1.000000000000000e+00	2
126	1.000000000000000e+00	10
127	1.000000000000000e+00	18
128	1.000000000000000e+00	10
129	1.000000000000000e+00	6
130	1.000000000000000e+00	8
131	1.000000000000000e+00	10
132	1.000000000000000e+00	18
133	1.000000000000000e+00	4
134	1.000000000000000e+00	28
135	1.000000000000000e+00	2
136	1.000000000000000e+00	6
137	1.000000000000000e+00	4
138	1.000000000000000e+00	2
139	1.000000000000000e+00	4
140	1.000000000000000e+00	12
141	1.000000000000000e+00	24
142	1.000000000000000e+00	8
143	1.000000000000000e+00	12
144	1.000000000000000e+00	24
145	1.000000000000000e+00	8
146	1.000000000000000e+00	18
147	1.000000000000000e+00	22
148	1.000000000000000e+00	14
149	1.000000000000000e+00	22
150	1.000000000000000e+00	2
151	1.000000000000000e+00	8
152	1.000000000000000e+00	4
153	1.000000000000000e+00	2
154	1.000000000000000e+00	18
155	1.000000000000000e+00	20
156	1.000000000000000e+00	42
157	1.000000000000000e+00	6
158	1.000000000000000e+00	6
159	1.000000000000000e+00	16
160	1.000000000000000e+00	12
161	1.000000000000000e+00	2
162	1.000000000000000e+00	4
163	1.000000000000000e+00	18
164	1.000000000000000e+00	6
165	1.000000000000000e+00	6
166	1.000000000000000e+00	20
167	1.000000000000000e+00	4
168	1.000000000000000e+00	4
169	1.000000000000000e+00	4
170	1.000000000000000e+00	10
171	1.000000000000000e+00	24
172	1.000000000000000e+00	8
173	1.000000000000000e+00	2
174	1.000000000000000e+00	8
175	1.000000000000000e+00	16
176	1.000000000000000e+00	20
177	1.000000000000000e+00	2
178	1.000000000000000e+00	24
179	1.000000000000000e+00	6
180	1.000000000000000e+00	2
181	1.000000000000000e+00	6
182	1.000000000000000e+00	38
183	1.000000000000000e+00	10
184	1.000000000000000e+00	16
185	1.000000000000000e+00	40
186	1.000000000000000e+00	8
187	1.000000000000000e+00	6
188	1.000000000000000e+00	30
189	1.000000000000000e+00	10
190	1.000000000000000e+00	4
191	1.000000000000000e+00	12
192	1.000000000000000e+00	6
193	1.000000000000000e+00	12
194	1.000000000000000e+00	8
195	1.000000000000000e+00	20
196	1.000000000000000e+00	30
197	1.000000000000000e+00	2
198	1.000000000000000e+00	10
199	1.000000000000000e+00	8
200	1.000000000000000e+00	16
201	1.000000000000000e+00	26
202	1.000000000000000e+00	4
203	1.000000000000000e+00	4
204	1.000000000000000e+00	20
205	1.000000000000000e+00	32
206	1.000000000000000e+00	18
207	1.000000000000000e+00	8
208	1.000000000000000e+00	4
209	1.000000000000000e+00	2
210	1.000000000000000e+00	2
211	1.000000000000000e+00	12
212	1.000000000000000e+00	12
213	1.000000000000000e+00	20
214	1.000000000000000e+00	2
215	1.000000000000000e+00	8
216	1.000000000000000e+00	26
217	1.000000000000000e+00	26
218	1.000000000000000e+00	6
219	1.000000000000000e+00	20
220	1.000000000000000e+00	28
221	1.000000000000000e+00	4
222	1.000000000000000e+00	8
223	1.000000000000000e+00	4
224	1.000000000000000e+00	10
225	1.000000000000000e+00	16
226	1.000000000000000e+00	14
227	1.000000000000000e+00	12
228	1.000000000000000e+00	4
229	1.000000000000000e+00	2
230	1.000000000000000e+00	2
231	1.000000000000000e+00	2
232	1.000000000000000e+00	8
233	1.000000000000000e+00	20
234	1.000000000000000e+00	4
235	1.000000000000000e+00	26
236	1.000000000000000e+00	2
237	1.000000000000000e+00	6
238	1.000000000000000e+00	8
239	1.000000000000000e+00	30
240	1.000000000000000e+00	10
241	1.000000000000000e+00	2
242	1.000000000000000e+00	16
243	1.000000000000000e+00	42
244	1.000000000000000e+00	10
245	1.000000000000000e+00	6
246	1.000000000000000e+00	10
247	1.000000000000000e+00	4
248	1.000000000000000e+00	28
249	1.000000000000000e+00	6
250	1.000000000000000e+00	8
251	1.000000000000000e+00	8
252	1.000000000000000e+00	4
253	1.000000000000000e+00	16
254	1.000000000000000e+00	64
255	1.000000000000000e+00	12
256	1.000000000000000e+00	8
257	1.000000000000000e+00	34
258	1.000000000000000e+00	4
259	1.000000000000000e+00	4
260	1.000000000000000e+00	8
261	1.000000000000000e+00	2
262	1.000000000000000e+00	24
263	1.000000000000000e+00	6
264	1.000000000000000e+00	2
265	1.000000000000000e+00	44
266	1.000000000000000e+00	28
267	1.000000000000000e+00	2
268	1.000000000000000e+00	48
269	1.000000000000000e+00	2
270	1.000000000000000e+00	8
271	1.000000000000000e+00	32
272	1.000000000000000e+00	10
273	1.000000000000000e+00	4
274	1.000000000000000e+00	10
275	1.000000000000000e+00	16
276	1.000000000000000e+00	4
277	1.000000000000000e+00	6
278	1.000000000000000e+00	12
279	1.000000000000000e+00	12
280	1.000000000000000e+00	4
281	1.000000000000000e+00	6
282	1.000000000000000e+00	4
283	1.000000000000000e+00	14
284	1.000000000000000e+00	10
285	1.000000000000000e+00	14
286	1.000000000000000e+00	20
287	1.000000000000000e+00	2
288	1.000000000000000e+00	22
289	1.000000000000000e+00	12
290	1.000000000000000e+00	14
291	1.000000000000000e+00	6
292	1.000000000000000e+00	14
293	1.000000000000000e+00	4
294	1.000000000000000e+00	24
295	1.000000000000000e+00	6
296	1.000000000000000e+00	16
297	1.000000000000000e+00	4
298	1.000000000000000e+00	8
299	1.000000000000000e+00	6
300	1.000000000000000e+00	16
301	1.000000000000000e+00	18
302	1.000000000000000e+00	10
303	1.000000000000000e+00	8
304	1.000000000000000e+00	12
305	1.000000000000000e+00	22
306	1.000000000000000e+00	8
307	1.000000000000000e+00	24
308	1.000000000000000e+00	6
309	1.000000000000000e+00	18
310	1.000000000000000e+00	18
311	1.000000000000000e+00	12
312	1.000000000000000e+00	10
313	1.000000000000000e+00	18
314	1.000000000000000e+00	4
315	1.000000000000000e+00	8
316	1.000000000000000e+00	24
317	1.000000000000000e+00	96
318	1.000000000000000e+00	14
319	1.000000000000000e+00	8
320	1.000000000000000e+00	6
321	1.000000000000000e+00	12
322	1.000000000000000e+00	14
323	1.000000000000000e+00	14
324	1.000000000000000e+00	16
325	1.000000000000000e+00	6
326	1.000000000000000e+00	40
327	1.000000000000000e+00	4
328	1.000000000000000e+00	12
329	1.000000000000000e+00	24
330	1.000000000000000e+00	22
331	1.000000000000000e+00	8
332	1.000000000000000e+00	8
333	1.000000000000000e+00	6
334	1.000000000000000e+00	2
335	1.000000000000000e+00	10
336	1.000000000000000e+00	6
337	1.000000000000000e+00	24
338	1.000000000000000e+00	16
339	1.000000000000000e+00	26
340	1.000000000000000e+00	8
341	1.000000000000000e+00	16
342	1.000000000000000e+00	6
343	1.000000000000000e+00	6
344	1.000000000000000e+00	20
345	1.000000000000000e+00	16
346	1.000000000000000e+00	14
347	1.000000000000000e+00	4
348	1.000000000000000e+00	2
349	1.000000000000000e+00	8
350	1.000000000000000e+00	6
351	1.000000000000000e+00	10
352	9.499931181543613e-01	222
353	9.000008815112203e-01	276
354	8.500014801251068e-01	204
355	7.999951790382427e-01	314
356	7.499969076780811e-01	296
357	6.999865558113259e-01	226
358	6.499991604319637e-01	218
359	5.999921281218189e-01	314
360	5.499976827461075e-01	292
361	4.999987727813069e-01	282
362	4.999950025265347e-01	280
363	5.249968938235141e-01	352
364	5.499938318604343e-01	244
365	5.749921306703988e-01	290
366	6.000022034413616e-01	296
367	6.249923825446992e-01	322
368	6.499827181156314e-01	282
369	6.749720984024147e-01	216
370	6.999622012965715e-01	230
371	7.249730459078337e-01	252
372	7.499600602097669e-01	268
373	7.999701224252767e-01	220
374	8.499808610921750e-01	262
375	8.999969567276438e-01	270
376	9.499834386430505e-01	258
377	1.000000000000000e+00	12
378	1.000000000000000e+00	2
379	1.000000000000000e+00	28
380	1.000000000000000e+00	4
381	1.000000000000000e+00	20
382	1.000000000000000e+00	16
383	1.000000000000000e+00	2
384	1.000000000000000e+00	12
385	1.000000000000000e+00	20
386	1.000000000000000e+00	10
387	1.000000000000000e+00	16
388	1.000000000000000e+00	16
389	1.000000000000000e+00	24
390	1.000000000000000e+00	16
391	1.000000000000000e+00	10
392	1.000000000000000e+00	2
393	1.000000000000000e+00	8
394	1.000000000000000e+00	10
395	1.000000000000000e+00	6
396	1.000000000000000e+00	2
397	1.000000000000000e+00	18
398	1.000000000000000e+00	6
399	1.000000000000000e+00	2
400	1.000000000000000e+00	8
401	1.000000000000000e+00	22
402	1.000000000000000e+00	12
403	1.000000000000000e+00	2
404	1.000000000000000e+00	68
405	1.000000000000000e+00	6
406	1.000000000000000e+00	14
407	1.000000000000000e+00	12
408	1.000000000000000e+00	6
409	1.000000000000000e+00	14
410	1.000000000000000e+00	6
411	1.000000000000000e+00	10
412	1.000000000000000e+00	18
413	1.000000000000000e+00	36
414	1.000000000000000e+00	8
415	1.000000000000000e+00	20
416	1.000000000000000e+00	10
417	1.000000000000000e+00	2
418	1.000000000000000e+00	18
419	1.000000000000000e+00	6
420	1.000000000000000e+00	18
421	1.000000000000000e+00	10
422	1.000000000000000e+00	16
423	1.000000000000000e+00	10
424	1.000000000000000e+00	4
425	1.000000000000000e+00	24
426	1.000000000000000e+00	24
427	1.000000000000000e+00	8
428	1.000000000000000e+00	16
429	1.000000000000000e+00	8
430	1.000000000000000e+00	10
431	1.000000000000000e+00	2
432	1.000000000000000e+00	12
433	1.000000000000000e+00	8
434	1.000000000000000e+00	8
435	1.000000000000000e+00	14
436	1.000000000000000e+00	20
437	1.000000000000000e+00	10
438	1.000000000000000e+00	26
439	1.000000000000000e+00	10
440	1.000000000000000e+00	20
441	1.000000000000000e+00	18
442	1.000000000000000e+00	30
443	1.000000000000000e+00	2
444	1.000000000000000e+00	24
445	1.000000000000000e+00	14
446	1.000000000000000e+00	14
447	1.000000000000000e+00	30
448	1.000000000000000e+00	22
449	1.000000000000000e+00	4
450	1.000000000000000e+00	4
451	1.000000000000000e+00	22
452	1.000000000000000e+00	26
453	1.000000000000000e+00	4
454	1.000000000000000e+00	4
455	1.000000000000000e+00	80
456	1.000000000000000e+00	12
457	1.000000000000000e+00	2
458	1.000000000000000e+00	14
459	1.000000000000000e+00	28
460	1.000000000000000e+00	46
461	1.000000000000000e+00	20
462	1.000000000000000e+00	14
463	1.000000000000000e+00	18
464	1.000000000000000e+00	8
465	1.000000000000000e+00	18
466	1.000000000000000e+00	10
467	1.000000000000000e+00	16
468	1.000000000000000e+00	2
469	1.000000000000000e+00	20
470	1.000000000000000e+00	4
471	1.000000000000000e+00	8
472	1.000000000000000e+00	2
473	1.000000000000000e+00	8
474	1.000000000000000e+00	8
475	1.000000000000000e+00	8
476	1.000000000000000e+00	16
477	1.000000000000000e+00	18
478	1.000000000000000e+00	16
479	1.000000000000000e+00	2
480	1.000000000000000e+00	4
481	1.000000000000000e+00	6
482	1.000000000000000e+00	14
483	1.000000000000000e+00	4
484	1.000000000000000e+00	2
485	1.000000000000000e+00	2
486	1.000000000000000e+00	8
487	1.000000000000000e+00	6
488	1.000000000000000e+00	8
489	1.000000000000000e+00	6
490	1.000000000000000e+00	24
491	1.000000000000000e+00	38
492	1.000000000000000e+00	12
493	1.000000000000000e+00	10
494	1.000000000000000e+00	14
495	1.000000000000000e+00	16
496	1.000000000000000e+00	34
497	1.000000000000000e+00	30
498	1.000000000000000e+00	6
499	1.000000000000000e+00	30
500	1.000000000000000e+00	20
501	1.000000000000000e+00	16
502	1.000000000000000e+00	2
503	1.000000000000000e+00	4
504	1.000000000000000e+00	4
505	1.000000000000000e+00	22
506	1.000000000000000e+00	4
507	1.000000000000000e+00	2
508	1.000000000000000e+00	22
509	1.000000000000000e+00	16
510	1.000000000000000e+00	12
511	1.000000000000000e+00	2
512	1.000000000000000e+00	8
513	1.000000000000000e+00	2
514	1.000000000000000e+00	10
515	1.000000000000000e+00	6
516	1.000000000000000e+00	8
517	1.000000000000000e+00	8
518	1.000000000000000e+00	4
519	1.000000000000000e+00	4
520	1.000000000000000e+00	8
521	1.000000000000000e+00	2
522	1.000000000000000e+00	6
523	1.000000000000000e+00	8
524	1.000000000000000e+00	2
525	1.000000000000000e+00	6
526	1.000000000000000e+00	4
527	1.000000000000000e+00	16
528	1.000000000000000e+00	10
529	1.000000000000000e+00	4
530	1.000000000000000e+00	22
531	1.000000000000000e+00	6
532	1.000000000000000e+00	8
533	1.000000000000000e+00	10
534	1.000000000000000e+00	10
535	1.000000000000000e+00	12
536	1.000000000000000e+00	4
537	1.000000000000000e+00	2
538	1.000000000000000e+00	6
539	1.000000000000000e+00	10
540	1.000000000000000e+00	28
541	1.000000000000000e+00	2
542	1.000000000000000e+00	4
543	1.000000000000000e+00	14
544	1.000000000000000e+00	12
545	1.000000000000000e+00	6
546	1.000000000000000e+00	12
547	1.000000000000000e+00	12
548	1.000000000000000e+00	4
549	1.000000000000000e+00	20
550	1.000000000000000e+00	12
551	1.000000000000000e+00	10
552	1.000000000000000e+00	10
553	1.000000000000000e+00	4
554	1.000000000000000e+00	4
555	1.000000000000000e+00	24
556	1.000000000000000e+00	54
557	1.000000000000000e+00	26
558	1.000000000000000e+00	18
559	1.000000000000000e+00	14
560	1.000000000000000e+00	8
561	1.000000000000000e+00	6
562	1.000000000000000e+00	6
563	1.000000000000000e+00	18
564	1.000000000000000e+00	12
565	1.000000000000000e+00	10
566	1.000000000000000e+00	34
567	1.000000000000000e+00	2
568	1.000000000000000e+00	18
569	1.000000000000000e+00	6
570	1.000000000000000e+00	14
571	1.000000000000000e+00	12
572	1.000000000000000e+00	10
573	1.000000000000000e+00	26
574	1.000000000000000e+00	34
575	1.000000000000000e+00	4
576	1.000000000000000e+00	18
577	1.000000000000000e+00	10
578	1.000000000000000e+00	6
579	1.000000000000000e+00	8
580	1.000000000000000e+00	4
581	1.000000000000000e+00	4
582	1.000000000000000e+00	4
583	1.000000000000000e+00	6
584	1.000000000000000e+00	20
585	1.000000000000000e+00	6
586	1.000000000000000e+00	2
587	1.000000000000000e+00	4
588	1.000000000000000e+00	12
589	1.000000000000000e+00	12
590	1.000000000000000e+00	24
591	1.000000000000000e+00	8
592	1.000000000000000e+00	10
593	1.000000000000000e+00	8
594	1.000000000000000e+00	22
595	1.000000000000000e+00	8
596	1.000000000000000e+00	36
597	1.000000000000000e+00	12
598	1.000000000000000e+00	12
599	1.000000000000000e+00	28
600	1.000000000000000e+00	4
601	1.000000000000000e+00	2
602	1.000000000000000e+00	16
603	1.000000000000000e+00	12
604	1.000000000000000e+00	12
605	1.000000000000000e+00	28
606	1.000000000000000e+00	2
607	1.000000000000000e+00	34
608	1.000000000000000e+00	16
609	1.000000000000000e+00	24
610	1.000000000000000e+00	12
611	1.000000000000000e+00	8
612	1.000000000000000e+00	6
613	1.000000000000000e+00	2
614	1.000000000000000e+00	6
615	1.000000000000000e+00	12
616	1.000000000000000e+00	8
617	1.000000000000000e+00	8
618	1.000000000000000e+00	16
619	1.000000000000000e+00	2
620	1.000000000000000e+00	4
621	1.000000000000000e+00	6
622	1.000000000000000e+00	8
623	1.000000000000000e+00	12
624	1.000000000000000e+00	6
625	1.000000000000000e+00	6
626	1.000000000000000e+00	14
627	1.000000000000000e+00	6
628	1.000000000000000e+00	8
629	1.000000000000000e+00	34
630	1.000000000000000e+00	4
631	1.000000000000000e+00	6
632	1.000000000000000e+00	10
633	1.000000000000000e+00	28
634	1.000000000000000e+00	12
635	1.000000000000000e+00	6
636	1.000000000000000e+00	4
637	1.000000000000000e+00	2
638	1.000000000000000e+00	8
639	1.000000000000000e+00	20
640	1.000000000000000e+00	4
641	1.000000000000000e+00	6
642	1.000000000000000e+00	4
643	1.000000000000000e+00	4
644	1.000000000000000e+00	4
645	1.000000000000000e+00	6
646	1.000000000000000e+00	10
647	1.000000000000000e+00	2
648	1.000000000000000e+00	8
649	1.000000000000000e+00	20
650	1.000000000000000e+00	8
651	9.703973067673486e-01	220
652	9.374015539191994e-01	216
653	9.055967526712575e-01	292
654	8.750023226373655e-01	274
655	8.456139533512863e-01	324
656	8.174033298006319e-01	252
657	7.904087488713911e-01	246
658	7.646031900123752e-01	278
659	7.399914919525948e-01	300
660	7.165879361146050e-01	234
661	6.943967146871697e-01	300
662	6.734033537181324e-01	318
663	6.536143790250449e-01	346
664	6.350164949041293e-01	290
665	6.176079945717697e-01	288
666	6.013974439673949e-01	336
667	5.864046461234859e-01	298
668	5.726019358228365e-01	298
669	5.600035634027344e-01	286
670	5.486001935614950e-01	238
671	5.384012255499286e-01	274
672	5.293921174849169e-01	354
673	5.215892530332574e-01	258
674	5.149848180021181e-01	234
675	5.095930419584238e-01	246
676	5.053914470628194e-01	358
677	5.023941717964462e-01	328
678	5.005910403202206e-01	278
679	4.999949426236568e-01	294
680	5.006020373348429e-01	274
681	5.023986031848539e-01	314
682	5.054017625789647e-01	244
683	5.096076334790034e-01	356
684	5.150168750528419e-01	236
685	5.216206857910315e-01	300
686	5.294185863197732e-01	342
687	5.384210046872682e-01	286
688	5.486250670494309e-01	348
689	5.600351816511374e-01	306
690	5.726305835703914e-01	342
691	5.864203026317242e-01	148
692	6.014248860253317e-01	320
693	6.176292881727459e-01	326
694	6.350220107286164e-01	182
695	6.536305071079783e-01	334
696	6.734401275021281e-01	270
697	6.944342440838696e-01	320
698	7.166410559246172e-01	268
699	7.400492256604762e-01	300
700	7.646444711786088e-01	270
701	7.904526244749303e-01	292
702	8.174607051256259e-01	318
703	8.456799269080668e-01	190
704	8.750953149237743e-01	288
705	9.056918054871756e-01	186
706	9.375035794984101e-01	320
707	1.000000000000000e+00	1000
708	1.000000000000000e+00	4
709	1.000000000000000e+00	10
710	1.000000000000000e+00	22
711	1.000000000000000e+00	24
712	1.000000000000000e+00	10
713	1.000000000000000e+00	16
714	1.000000000000000e+00	4
715	1.000000000000000e+00	38
716	1.000000000000000e+00	18
717	1.000000000000000e+00	24
718	1.000000000000000e+00	24
719	1.000000000000000e+00	16
720	1.000000000000000e+00	24
721	1.000000000000000e+00	4
722	1.000000000000000e+00	4
723	1.000000000000000e+00	6
724	1.000000000000000e+00	10
725	1.000000000000000e+00	6
726	1.000000000000000e+00	22
727	1.000000000000000e+00	2
728	1.000000000000000e+00	2
729	1.000000000000000e+00	14
730	1.000000000000000e+00	4
731	1.000000000000000e+00	6
732	1.000000000000000e+00	4
733	1.000000000000000e+00	10
734	1.000000000000000e+00	48
735	1.000000000000000e+00	2
736	1.000000000000000e+00	2
737	1.000000000000000e+00	60
738	1.000000000000000e+00	16
739	1.000000000000000e+00	16
740	1.000000000000000e+00	22
741	1.000000000000000e+00	12
742	1.000000000000000e+00	14
743	1.000000000000000e+00	10
744	1.000000000000000e+00	12
745	1.000000000000000e+00	2
746	1.000000000000000e+00	2
747	1.000000000000000e+00	10
748	1.000000000000000e+00	22
749	1.000000000000000e+00	6
750	1.000000000000000e+00	10
751	1.000000000000000e+00	4
752	1.000000000000000e+00	34
753	1.000000000000000e+00	6
754	1.000000000000000e+00	12
755	1.000000000000000e+00	4
756	1.000000000000000e+00	14
757	1.000000000000000e+00	6
758	1.000000000000000e+00	4
759	1.000000000000000e+00	4
760	1.000000000000000e+00	6
761	1.000000000000000e+00	14
762	1.000000000000000e+00	14
763	1.000000000000000e+00	12
764	1.000000000000000e+00	12
765	1.000000000000000e+00	8
766	1.000000000000000e+00	8
767	1.000000000000000e+00	20
768	1.000000000000000e+00	4
769	1.000000000000000e+00	4
770	1.000000000000000e+00	6
771	1.000000000000000e+00	2
772	1.000000000000000e+00	14
773	1.000000000000000e+00	8
774	1.000000000000000e+00	4
775	1.000000000000000e+00	22
776	1.000000000000000e+00	20
777	1.000000000000000e+00	8
778	1.000000000000000e+00	22
779	1.000000000000000e+00	6
780	1.000000000000000e+00	2
781	1.000000000000000e+00	6
782	1.000000000000000e+00	22
783	1.000000000000000e+00	22
784	1.000000000000000e+00	6
785	1.000000000000000e+00	4
786	1.000000000000000e+00	2
787	1.000000000000000e+00	8
788	1.000000000000000e+00	12
789	1.000000000000000e+00	4
790	1.000000000000000e+00	8
791	1.000000000000000e+00	6
792	1.000000000000000e+00	12
793	1.000000000000000e+00	12
794	1.000000000000000e+00	10
795	1.000000000000000e+00	36
796	1.000000000000000e+00	14
797	1.000000000000000e+00	76
798	1.000000000000000e+00	10
799	1.000000000000000e+00	10
800	1.000000000000000e+00	6
801	1.000000000000000e+00	22
802	1.000000000000000e+00	16
803	1.000000000000000e+00	16
804	1.000000000000000e+00	2
805	1.000000000000000e+00	18
806	1.000000000000000e+00	16
807	1.000000000000000e+00	56
808	1.000000000000000e+00	6
809	1.000000000000000e+00	6
810	1.000000000000000e+00	12
811	1.000000000000000e+00	8
812	1.000000000000000e+00	6
813	1.000000000000000e+00	18
814	1.000000000000000e+00	14
815	1.000000000000000e+00	26
816	1.000000000000000e+00	24
817	1.000000000000000e+00	12
818	1.000000000000000e+00	6
819	1.000000000000000e+00	20
820	1.000000000000000e+00	4
821	1.000000000000000e+00	28
822	1.000000000000000e+00	24
823	1.000000000000000e+00	2
824	1.000000000000000e+00	2
825	1.000000000000000e+00	14
826	1.000000000000000e+00	2
827	1.000000000000000e+00	18
828	1.000000000000000e+00	6
829	1.000000000000000e+00	14
830	1.000000000000000e+00	8
831	1.000000000000000e+00	8
832	1.000000000000000e+00	26
833	1.000000000000000e+00	4
834	1.000000000000000e+00	2
835	1.000000000000000e+00	16
836	1.000000000000000e+00	2
837	1.000000000000000e+00	30
838	1.000000000000000e+00	22
839	1.000000000000000e+00	10
840	1.000000000000000e+00	6
841	1.000000000000000e+00	2
842	1.000000000000000e+00	8
843	1.000000000000000e+00	6
844	1.000000000000000e+00	24
845	1.000000000000000e+00	6
846	1.000000000000000e+00	40
847	1.000000000000000e+00	2
848	1.000000000000000e+00	8
849	1.000000000000000e+00	38
850	1.000000000000000e+00	24
851	1.000000000000000e+00	2
852	1.000000000000000e+00	12
853	1.000000000000000e+00	6
854	1.000000000000000e+00	16
855	1.000000000000000e+00	16
856	1.000000000000000e+00	12
857	1.000000000000000e+00	14
858	1.000000000000000e+00	4
859	1.000000000000000e+00	14
860	1.000000000000000e+00	8
861	1.000000000000000e+00	8
862	1.000000000000000e+00	10
863	1.000000000000000e+00	12
864	1.000000000000000e+00	12
865	1.000000000000000e+00	2
866	1.000000000000000e+00	12
867	1.000000000000000e+00	18
868	1.000000000000000e+00	14
869	1.000000000000000e+00	14
870	1.000000000000000e+00	22
871	1.000000000000000e+00	6
872	1.000000000000000e+00	28
873	1.000000000000000e+00	12
874	1.000000000000000e+00	10
875	1.000000000000000e+00	4
876	1.000000000000000e+00	26
877	1.000000000000000e+00	6
878	1.000000000000000e+00	20
879	1.000000000000000e+00	10
880	1.000000000000000e+00	4
881	1.000000000000000e+00	6
882	1.000000000000000e+00	6
883	1.000000000000000e+00	14
884	1.000000000000000e+00	4
885	1.000000000000000e+00	4
886	1.000000000000000e+00	4
887	1.000000000000000e+00	6
888	1.000000000000000e+00	18
889	1.000000000000000e+00	30
890	1.000000000000000e+00	24
891	1.000000000000000e+00	6
892	1.000000000000000e+00	12
893	1.000000000000000e+00	10
894	1.000000000000000e+00	6
895	1.000000000000000e+00	16
896	1.000000000000000e+00	6
897	1.000000000000000e+00	4
898	1.000000000000000e+00	24
899	1.000000000000000e+00	10
900	1.000000000000000e+00	10
901	1.000000000000000e+00	20
902	1.000000000000000e+00	6
903	1.000000000000000e+00	14
904	1.000000000000000e+00	2
905	1.000000000000000e+00	16
906	1.000000000000000e+00	12
907	1.000000000000000e+00	20
908	1.000000000000000e+00	4
909	1.000000000000000e+00	2
910	1.000000000000000e+00	22
911	1.000000000000000e+00	12
912	1.000000000000000e+00	6
913	1.000000000000000e+00	30
914	1.000000000000000e+00	8
915	1.000000000000000e+00	18
916	1.000000000000000e+00	4
917	1.000000000000000e+00	26
918	1.000000000000000e+00	6
919	1.000000000000000e+00	14
920	1.000000000000000e+00	6
921	1.000000000000000e+00	8
922	1.000000000000000e+00	10
923	1.000000000000000e+00	20
924	1.000000000000000e+00	12
925	1.000000000000000e+00	28
926	1.000000000000000e+00	10
927	1.000000000000000e+00	20
928	1.000000000000000e+00	2
929	1.000000000000000e+00	28
930	1.000000000000000e+00	14
931	1.000000000000000e+00	18
932	1.000000000000000e+00	6
933	1.000000000000000e+00	26
934	1.000000000000000e+00	16
935	1.000000000000000e+00	26
936	1.000000000000000e+00	6
937	1.000000000000000e+00	4
938	1.000000000000000e+00	8
939	1.000000000000000e+00	8
940	1.000000000000000e+00	10
941	1.000000000000000e+00	12
942	1.000000000000000e+00	8
943	1.000000000000000e+00	16
944	1.000000000000000e+00	8
945	1.000000000000000e+00	2
946	1.000000000000000e+00	2
947	1.000000000000000e+00	6
948	1.000000000000000e+00	16
949	1.000000000000000e+00	2
950	1.000000000000000e+00	6
951	1.000000000000000e+00	4
952	1.000000000000000e+00	2
953	1.000000000000000e+00	4
954	1.000000000000000e+00	22
955	1.000000000000000e+00	82
956	1.000000000000000e+00	12
957	1.000000000000000e+00	6
958	1.000000000000000e+00	8
959	1.000000000000000e+00	2
960	1.000000000000000e+00	2
961	1.000000000000000e+00	22
962	1.000000000000000e+00	30
963	1.000000000000000e+00	8
964	1.000000000000000e+00	8
965	1.000000000000000e+00	14
966	1.000000000000000e+00	2
967	1.000000000000000e+00	2
968	1.000000000000000e+00	20
969	1.000000000000000e+00	36
970	1.000000000000000e+00	14
971	1.000000000000000e+00	8
972	1.000000000000000e+00	20
973	1.000000000000000e+00	12
974	1.000000000000000e+00	14
975	1.000000000000000e+00	6
976	1.000000000000000e+00	14
977	1.000000000000000e+00	12
978	1.000000000000000e+00	38
979	1.000000000000000e+00	26
980	1.000000000000000e+00	22
981	1.000000000000000e+00	44
982	1.000000000000000e+00	4
983	1.000000000000000e+00	6
984	1.000000000000000e+00	14
985	1.000000000000000e+00	6
986	1.000000000000000e+00	4
987	1.000000000000000e+00	24
988	1.000000000000000e+00	28
989	1.000000000000000e+00	30
990	1.000000000000000e+00	12
991	1.000000000000000e+00	22
992	1.000000000000000e+00	10
993	1.000000000000000e+00	22
994	1.000000000000000e+00	26
995	1.000000000000000e+00	4
996	1.000000000000000e+00	22
997	1.000000000000000e+00	10
998	1.000000000000000e+00	18
999	1.000000000000000e+00	4
1000	1.000000000000000e+00	2


Tempo gasto: 13.717024
