Método usado: LUUS JAAKOLA

POSIÇÃO	ÁREA(mm²)	CUSTO

1	1.000000000000000e+00	16
2	1.000000000000000e+00	6
3	1.000000000000000e+00	8
4	1.000000000000000e+00	6
5	1.000000000000000e+00	6
6	1.000000000000000e+00	12
7	1.000000000000000e+00	12
8	1.000000000000000e+00	16
9	1.000000000000000e+00	6
10	1.000000000000000e+00	14
11	1.000000000000000e+00	6
12	1.000000000000000e+00	6
13	1.000000000000000e+00	20
14	1.000000000000000e+00	22
15	1.000000000000000e+00	22
16	1.000000000000000e+00	20
17	1.000000000000000e+00	22
18	1.000000000000000e+00	8
19	1.000000000000000e+00	12
20	1.000000000000000e+00	10
21	1.000000000000000e+00	16
22	1.000000000000000e+00	14
23	1.000000000000000e+00	26
24	1.000000000000000e+00	8
25	1.000000000000000e+00	4
26	1.000000000000000e+00	6
27	1.000000000000000e+00	32
28	1.000000000000000e+00	10
29	1.000000000000000e+00	6
30	1.000000000000000e+00	6
31	1.000000000000000e+00	16
32	1.000000000000000e+00	26
33	1.000000000000000e+00	26
34	1.000000000000000e+00	8
35	1.000000000000000e+00	8
36	1.000000000000000e+00	12
37	1.000000000000000e+00	14
38	1.000000000000000e+00	10
39	1.000000000000000e+00	2
40	1.000000000000000e+00	4
41	1.000000000000000e+00	14
42	1.000000000000000e+00	10
43	1.000000000000000e+00	14
44	1.000000000000000e+00	30
45	1.000000000000000e+00	12
46	1.000000000000000e+00	22
47	1.000000000000000e+00	16
48	1.000000000000000e+00	16
49	1.000000000000000e+00	26
50	1.000000000000000e+00	24
51	1.000000000000000e+00	6
52	1.000000000000000e+00	12
53	1.000000000000000e+00	10
54	1.000000000000000e+00	2
55	1.000000000000000e+00	38
56	1.000000000000000e+00	20
57	1.000000000000000e+00	10
58	1.000000000000000e+00	24
59	1.000000000000000e+00	14
60	1.000000000000000e+00	12
61	1.000000000000000e+00	12
62	1.000000000000000e+00	8
63	1.000000000000000e+00	14
64	1.000000000000000e+00	2
65	1.000000000000000e+00	2
66	1.000000000000000e+00	8
67	1.000000000000000e+00	18
68	1.000000000000000e+00	32
69	1.000000000000000e+00	18
70	1.000000000000000e+00	8
71	1.000000000000000e+00	8
72	1.000000000000000e+00	20
73	1.000000000000000e+00	10
74	1.000000000000000e+00	2
75	1.000000000000000e+00	4
76	1.000000000000000e+00	2
77	1.000000000000000e+00	12
78	1.000000000000000e+00	22
79	1.000000000000000e+00	6
80	1.000000000000000e+00	2
81	1.000000000000000e+00	2
82	1.000000000000000e+00	4
83	1.000000000000000e+00	12
84	1.000000000000000e+00	16
85	1.000000000000000e+00	6
86	1.000000000000000e+00	6
87	1.000000000000000e+00	4
88	1.000000000000000e+00	4
89	1.000000000000000e+00	4
90	1.000000000000000e+00	6
91	1.000000000000000e+00	18
92	1.000000000000000e+00	14
93	1.000000000000000e+00	6
94	1.000000000000000e+00	6
95	1.000000000000000e+00	8
96	1.000000000000000e+00	16
97	1.000000000000000e+00	6
98	1.000000000000000e+00	30
99	1.000000000000000e+00	28
100	1.000000000000000e+00	28
101	1.000000000000000e+00	20
102	1.000000000000000e+00	8
103	1.000000000000000e+00	10
104	1.000000000000000e+00	10
105	1.000000000000000e+00	8
106	1.000000000000000e+00	10
107	1.000000000000000e+00	12
108	1.000000000000000e+00	6
109	1.000000000000000e+00	14
110	1.000000000000000e+00	12
111	1.000000000000000e+00	10
112	1.000000000000000e+00	10
113	1.000000000000000e+00	18
114	1.000000000000000e+00	28
115	1.000000000000000e+00	14
116	1.000000000000000e+00	12
117	1.000000000000000e+00	6
118	1.000000000000000e+00	30
119	1.000000000000000e+00	8
120	1.000000000000000e+00	6
121	1.000000000000000e+00	22
122	1.000000000000000e+00	4
123	1.000000000000000e+00	16
124	1.000000000000000e+00	4
125	1.000000000000000e+00	2
126	1.000000000000000e+00	4
127	1.000000000000000e+00	26
128	1.000000000000000e+00	24
129	1.000000000000000e+00	8
130	1.000000000000000e+00	6
131	1.000000000000000e+00	6
132	1.000000000000000e+00	6
133	1.000000000000000e+00	8
134	1.000000000000000e+00	30
135	1.000000000000000e+00	24
136	1.000000000000000e+00	20
137	1.000000000000000e+00	2
138	1.000000000000000e+00	10
139	1.000000000000000e+00	18
140	1.000000000000000e+00	20
141	1.000000000000000e+00	4
142	1.000000000000000e+00	6
143	1.000000000000000e+00	22
144	1.000000000000000e+00	18
145	1.000000000000000e+00	16
146	1.000000000000000e+00	20
147	1.000000000000000e+00	8
148	1.000000000000000e+00	12
149	1.000000000000000e+00	6
150	1.000000000000000e+00	2
151	1.000000000000000e+00	16
152	1.000000000000000e+00	18
153	1.000000000000000e+00	4
154	1.000000000000000e+00	2
155	1.000000000000000e+00	22
156	1.000000000000000e+00	12
157	1.000000000000000e+00	28
158	1.000000000000000e+00	10
159	1.000000000000000e+00	38
160	1.000000000000000e+00	4
161	1.000000000000000e+00	12
162	1.000000000000000e+00	6
163	1.000000000000000e+00	6
164	1.000000000000000e+00	8
165	1.000000000000000e+00	52
166	1.000000000000000e+00	6
167	1.000000000000000e+00	2
168	1.000000000000000e+00	6
169	1.000000000000000e+00	4
170	1.000000000000000e+00	8
171	1.000000000000000e+00	8
172	1.000000000000000e+00	54
173	1.000000000000000e+00	6
174	1.000000000000000e+00	20
175	1.000000000000000e+00	8
176	1.000000000000000e+00	6
177	1.000000000000000e+00	8
178	1.000000000000000e+00	4
179	1.000000000000000e+00	14
180	1.000000000000000e+00	32
181	1.000000000000000e+00	18
182	1.000000000000000e+00	2
183	1.000000000000000e+00	6
184	1.000000000000000e+00	6
185	1.000000000000000e+00	6
186	1.000000000000000e+00	12
187	1.000000000000000e+00	12
188	1.000000000000000e+00	2
189	1.000000000000000e+00	4
190	1.000000000000000e+00	4
191	1.000000000000000e+00	16
192	1.000000000000000e+00	16
193	1.000000000000000e+00	26
194	1.000000000000000e+00	2
195	1.000000000000000e+00	14
196	1.000000000000000e+00	6
197	1.000000000000000e+00	16
198	1.000000000000000e+00	2
199	1.000000000000000e+00	10
200	1.000000000000000e+00	2
201	1.000000000000000e+00	16
202	1.000000000000000e+00	2
203	1.000000000000000e+00	6
204	1.000000000000000e+00	12
205	1.000000000000000e+00	8
206	1.000000000000000e+00	14
207	1.000000000000000e+00	8
208	1.000000000000000e+00	6
209	1.000000000000000e+00	8
210	1.000000000000000e+00	18
211	1.000000000000000e+00	28
212	1.000000000000000e+00	8
213	1.000000000000000e+00	22
214	1.000000000000000e+00	24
215	1.000000000000000e+00	6
216	1.000000000000000e+00	8
217	1.000000000000000e+00	10
218	1.000000000000000e+00	2
219	1.000000000000000e+00	4
220	1.000000000000000e+00	2
221	1.000000000000000e+00	16
222	1.000000000000000e+00	18
223	1.000000000000000e+00	2
224	1.000000000000000e+00	34
225	1.000000000000000e+00	16
226	1.000000000000000e+00	2
227	1.000000000000000e+00	4
228	1.000000000000000e+00	14
229	1.000000000000000e+00	6
230	1.000000000000000e+00	18
231	1.000000000000000e+00	4
232	1.000000000000000e+00	4
233	1.000000000000000e+00	12
234	1.000000000000000e+00	18
235	1.000000000000000e+00	10
236	1.000000000000000e+00	24
237	1.000000000000000e+00	6
238	1.000000000000000e+00	6
239	1.000000000000000e+00	6
240	1.000000000000000e+00	38
241	1.000000000000000e+00	2
242	1.000000000000000e+00	16
243	1.000000000000000e+00	76
244	1.000000000000000e+00	2
245	1.000000000000000e+00	4
246	1.000000000000000e+00	12
247	1.000000000000000e+00	18
248	1.000000000000000e+00	2
249	1.000000000000000e+00	22
250	1.000000000000000e+00	18
251	1.000000000000000e+00	18
252	1.000000000000000e+00	30
253	1.000000000000000e+00	14
254	1.000000000000000e+00	4
255	1.000000000000000e+00	20
256	1.000000000000000e+00	6
257	1.000000000000000e+00	6
258	1.000000000000000e+00	10
259	1.000000000000000e+00	2
260	1.000000000000000e+00	12
261	1.000000000000000e+00	6
262	1.000000000000000e+00	6
263	1.000000000000000e+00	16
264	1.000000000000000e+00	8
265	1.000000000000000e+00	6
266	1.000000000000000e+00	6
267	1.000000000000000e+00	28
268	1.000000000000000e+00	12
269	1.000000000000000e+00	26
270	1.000000000000000e+00	6
271	1.000000000000000e+00	26
272	1.000000000000000e+00	8
273	1.000000000000000e+00	16
274	1.000000000000000e+00	6
275	1.000000000000000e+00	4
276	1.000000000000000e+00	6
277	1.000000000000000e+00	8
278	1.000000000000000e+00	2
279	1.000000000000000e+00	20
280	1.000000000000000e+00	22
281	1.000000000000000e+00	20
282	1.000000000000000e+00	6
283	1.000000000000000e+00	12
284	1.000000000000000e+00	2
285	1.000000000000000e+00	16
286	1.000000000000000e+00	24
287	1.000000000000000e+00	6
288	1.000000000000000e+00	4
289	1.000000000000000e+00	10
290	1.000000000000000e+00	18
291	1.000000000000000e+00	4
292	1.000000000000000e+00	8
293	1.000000000000000e+00	6
294	1.000000000000000e+00	10
295	1.000000000000000e+00	16
296	1.000000000000000e+00	6
297	1.000000000000000e+00	12
298	1.000000000000000e+00	22
299	1.000000000000000e+00	10
300	1.000000000000000e+00	12
301	1.000000000000000e+00	16
302	1.000000000000000e+00	24
303	1.000000000000000e+00	10
304	1.000000000000000e+00	6
305	1.000000000000000e+00	28
306	1.000000000000000e+00	6
307	1.000000000000000e+00	22
308	1.000000000000000e+00	4
309	1.000000000000000e+00	146
310	1.000000000000000e+00	6
311	1.000000000000000e+00	44
312	1.000000000000000e+00	18
313	1.000000000000000e+00	2
314	1.000000000000000e+00	20
315	1.000000000000000e+00	22
316	1.000000000000000e+00	4
317	1.000000000000000e+00	2
318	1.000000000000000e+00	2
319	1.000000000000000e+00	12
320	1.000000000000000e+00	2
321	1.000000000000000e+00	12
322	1.000000000000000e+00	6
323	1.000000000000000e+00	6
324	1.000000000000000e+00	2
325	1.000000000000000e+00	2
326	1.000000000000000e+00	10
327	1.000000000000000e+00	4
328	1.000000000000000e+00	2
329	1.000000000000000e+00	6
330	1.000000000000000e+00	2
331	1.000000000000000e+00	10
332	1.000000000000000e+00	2
333	1.000000000000000e+00	4
334	1.000000000000000e+00	38
335	1.000000000000000e+00	14
336	1.000000000000000e+00	12
337	1.000000000000000e+00	18
338	1.000000000000000e+00	8
339	1.000000000000000e+00	4
340	1.000000000000000e+00	16
341	1.000000000000000e+00	4
342	1.000000000000000e+00	4
343	1.000000000000000e+00	4
344	1.000000000000000e+00	16
345	1.000000000000000e+00	16
346	1.000000000000000e+00	2
347	1.000000000000000e+00	16
348	1.000000000000000e+00	6
349	1.000000000000000e+00	2
350	1.000000000000000e+00	20
351	1.000000000000000e+00	12
352	1.000000000000000e+00	14
353	1.000000000000000e+00	10
354	1.000000000000000e+00	22
355	1.000000000000000e+00	8
356	1.000000000000000e+00	6
357	1.000000000000000e+00	24
358	1.000000000000000e+00	2
359	1.000000000000000e+00	12
360	1.000000000000000e+00	4
361	1.000000000000000e+00	26
362	1.000000000000000e+00	28
363	1.000000000000000e+00	18
364	1.000000000000000e+00	14
365	1.000000000000000e+00	8
366	1.000000000000000e+00	30
367	1.000000000000000e+00	2
368	1.000000000000000e+00	14
369	1.000000000000000e+00	18
370	1.000000000000000e+00	24
371	1.000000000000000e+00	12
372	1.000000000000000e+00	10
373	1.000000000000000e+00	20
374	1.000000000000000e+00	16
375	1.000000000000000e+00	10
376	1.000000000000000e+00	8
377	1.000000000000000e+00	12
378	1.000000000000000e+00	4
379	1.000000000000000e+00	8
380	1.000000000000000e+00	34
381	1.000000000000000e+00	2
382	1.000000000000000e+00	4
383	1.000000000000000e+00	8
384	1.000000000000000e+00	28
385	1.000000000000000e+00	10
386	1.000000000000000e+00	12
387	1.000000000000000e+00	2
388	1.000000000000000e+00	2
389	1.000000000000000e+00	8
390	1.000000000000000e+00	20
391	1.000000000000000e+00	6
392	1.000000000000000e+00	18
393	1.000000000000000e+00	20
394	1.000000000000000e+00	4
395	1.000000000000000e+00	2
396	1.000000000000000e+00	12
397	1.000000000000000e+00	2
398	1.000000000000000e+00	10
399	1.000000000000000e+00	6
400	1.000000000000000e+00	16
401	1.000000000000000e+00	2
402	1.000000000000000e+00	6
403	1.000000000000000e+00	18
404	1.000000000000000e+00	2
405	1.000000000000000e+00	4
406	1.000000000000000e+00	10
407	1.000000000000000e+00	6
408	1.000000000000000e+00	2
409	1.000000000000000e+00	10
410	1.000000000000000e+00	6
411	1.000000000000000e+00	8
412	1.000000000000000e+00	30
413	1.000000000000000e+00	8
414	1.000000000000000e+00	40
415	1.000000000000000e+00	10
416	1.000000000000000e+00	6
417	1.000000000000000e+00	20
418	1.000000000000000e+00	4
419	1.000000000000000e+00	18
420	1.000000000000000e+00	6
421	1.000000000000000e+00	2
422	1.000000000000000e+00	8
423	1.000000000000000e+00	8
424	1.000000000000000e+00	4
425	1.000000000000000e+00	2
426	1.000000000000000e+00	16
427	1.000000000000000e+00	2
428	1.000000000000000e+00	36
429	1.000000000000000e+00	28
430	1.000000000000000e+00	4
431	1.000000000000000e+00	10
432	1.000000000000000e+00	8
433	1.000000000000000e+00	8
434	1.000000000000000e+00	12
435	1.000000000000000e+00	10
436	1.000000000000000e+00	18
437	1.000000000000000e+00	24
438	1.000000000000000e+00	6
439	1.000000000000000e+00	18
440	1.000000000000000e+00	2
441	1.000000000000000e+00	8
442	1.000000000000000e+00	8
443	1.000000000000000e+00	8
444	1.000000000000000e+00	2
445	1.000000000000000e+00	28
446	1.000000000000000e+00	4
447	1.000000000000000e+00	14
448	1.000000000000000e+00	10
449	1.000000000000000e+00	2
450	1.000000000000000e+00	18
451	1.000000000000000e+00	16
452	1.000000000000000e+00	8
453	1.000000000000000e+00	16
454	1.000000000000000e+00	22
455	1.000000000000000e+00	12
456	1.000000000000000e+00	4
457	1.000000000000000e+00	40
458	1.000000000000000e+00	10
459	1.000000000000000e+00	12
460	1.000000000000000e+00	12
461	1.000000000000000e+00	6
462	1.000000000000000e+00	8
463	1.000000000000000e+00	18
464	1.000000000000000e+00	8
465	1.000000000000000e+00	8
466	1.000000000000000e+00	20
467	1.000000000000000e+00	16
468	1.000000000000000e+00	18
469	1.000000000000000e+00	22
470	1.000000000000000e+00	4
471	1.000000000000000e+00	6
472	1.000000000000000e+00	8
473	1.000000000000000e+00	22
474	1.000000000000000e+00	16
475	1.000000000000000e+00	12
476	1.000000000000000e+00	8
477	1.000000000000000e+00	38
478	1.000000000000000e+00	4
479	1.000000000000000e+00	2
480	1.000000000000000e+00	30
481	1.000000000000000e+00	14
482	1.000000000000000e+00	16
483	1.000000000000000e+00	12
484	1.000000000000000e+00	18
485	1.000000000000000e+00	6
486	1.000000000000000e+00	20
487	1.000000000000000e+00	4
488	1.000000000000000e+00	2
489	1.000000000000000e+00	10
490	1.000000000000000e+00	20
491	9.590000001550871e-01	736
492	9.000000002554054e-01	754
493	8.490000002728688e-01	750
494	8.000000001813697e-01	604
495	7.500000000278675e-01	780
496	7.000000001494273e-01	724
497	6.500000002115811e-01	690
498	6.000000001758004e-01	778
499	5.500000000622098e-01	704
500	5.000000000818196e-01	762
501	5.500000000165091e-01	756
502	6.000000000203745e-01	742
503	6.499999999197787e-01	706
504	6.999999998668954e-01	714
505	7.499999999290925e-01	740
506	7.999999998713837e-01	670
507	8.499999997525418e-01	680
508	8.999999998277011e-01	778
509	9.499999997219815e-01	728
510	8.999999996225089e-01	774
511	8.499999994912565e-01	700
512	7.999999994445914e-01	620
513	7.499999994216702e-01	768
514	7.999999993605464e-01	678
515	8.499999993395519e-01	740
516	8.999999993566939e-01	752
517	9.499999992587401e-01	654
518	9.999999993846875e-01	760
519	9.999999993458554e-01	682
520	9.999999992942447e-01	692
521	9.999999994030604e-01	738
522	9.999999992257435e-01	730
523	9.999999992251026e-01	684
524	9.999999993297675e-01	740
525	9.999999994668806e-01	704
526	9.999999995196955e-01	730
527	9.999999994299394e-01	756
528	9.999999992799884e-01	590
529	9.999999994183757e-01	732
530	9.999999994519976e-01	710
531	9.999999992739446e-01	736
532	9.999999993779690e-01	706
533	9.999999995476651e-01	734
534	9.999999997386979e-01	776
535	9.999999997831112e-01	640
536	9.999999997797748e-01	682
537	9.999999998198311e-01	642
538	1.000000000000000e+00	10
539	1.000000000000000e+00	8
540	1.000000000000000e+00	26
541	1.000000000000000e+00	4
542	1.000000000000000e+00	2
543	1.000000000000000e+00	10
544	1.000000000000000e+00	8
545	1.000000000000000e+00	28
546	1.000000000000000e+00	22
547	1.000000000000000e+00	8
548	1.000000000000000e+00	28
549	1.000000000000000e+00	2
550	1.000000000000000e+00	6
551	1.000000000000000e+00	2
552	1.000000000000000e+00	14
553	1.000000000000000e+00	2
554	1.000000000000000e+00	2
555	1.000000000000000e+00	34
556	1.000000000000000e+00	18
557	1.000000000000000e+00	4
558	1.000000000000000e+00	10
559	1.000000000000000e+00	28
560	1.000000000000000e+00	2
561	1.000000000000000e+00	12
562	1.000000000000000e+00	2
563	1.000000000000000e+00	10
564	1.000000000000000e+00	4
565	1.000000000000000e+00	4
566	1.000000000000000e+00	6
567	1.000000000000000e+00	10
568	1.000000000000000e+00	14
569	1.000000000000000e+00	6
570	1.000000000000000e+00	14
571	1.000000000000000e+00	4
572	1.000000000000000e+00	12
573	1.000000000000000e+00	4
574	1.000000000000000e+00	8
575	1.000000000000000e+00	2
576	1.000000000000000e+00	8
577	1.000000000000000e+00	4
578	1.000000000000000e+00	4
579	1.000000000000000e+00	2
580	1.000000000000000e+00	14
581	1.000000000000000e+00	8
582	1.000000000000000e+00	8
583	1.000000000000000e+00	18
584	1.000000000000000e+00	4
585	1.000000000000000e+00	44
586	1.000000000000000e+00	10
587	1.000000000000000e+00	4
588	1.000000000000000e+00	12
589	1.000000000000000e+00	8
590	1.000000000000000e+00	10
591	1.000000000000000e+00	8
592	1.000000000000000e+00	48
593	1.000000000000000e+00	2
594	1.000000000000000e+00	2
595	1.000000000000000e+00	18
596	1.000000000000000e+00	20
597	1.000000000000000e+00	20
598	1.000000000000000e+00	14
599	1.000000000000000e+00	4
600	1.000000000000000e+00	4
601	1.000000000000000e+00	26
602	1.000000000000000e+00	4
603	1.000000000000000e+00	4
604	1.000000000000000e+00	20
605	1.000000000000000e+00	6
606	1.000000000000000e+00	10
607	1.000000000000000e+00	6
608	1.000000000000000e+00	16
609	1.000000000000000e+00	8
610	1.000000000000000e+00	10
611	1.000000000000000e+00	6
612	1.000000000000000e+00	12
613	1.000000000000000e+00	2
614	1.000000000000000e+00	8
615	1.000000000000000e+00	4
616	1.000000000000000e+00	42
617	1.000000000000000e+00	20
618	1.000000000000000e+00	14
619	1.000000000000000e+00	26
620	1.000000000000000e+00	10
621	1.000000000000000e+00	8
622	1.000000000000000e+00	14
623	1.000000000000000e+00	12
624	1.000000000000000e+00	4
625	1.000000000000000e+00	8
626	1.000000000000000e+00	4
627	1.000000000000000e+00	20
628	1.000000000000000e+00	16
629	1.000000000000000e+00	8
630	1.000000000000000e+00	16
631	1.000000000000000e+00	14
632	1.000000000000000e+00	20
633	1.000000000000000e+00	20
634	1.000000000000000e+00	8
635	1.000000000000000e+00	30
636	1.000000000000000e+00	16
637	1.000000000000000e+00	8
638	1.000000000000000e+00	12
639	1.000000000000000e+00	4
640	1.000000000000000e+00	2
641	1.000000000000000e+00	16
642	1.000000000000000e+00	2
643	1.000000000000000e+00	2
644	1.000000000000000e+00	8
645	1.000000000000000e+00	2
646	1.000000000000000e+00	26
647	1.000000000000000e+00	6
648	1.000000000000000e+00	4
649	1.000000000000000e+00	28
650	1.000000000000000e+00	4
651	1.000000000000000e+00	8
652	1.000000000000000e+00	26
653	1.000000000000000e+00	8
654	1.000000000000000e+00	24
655	1.000000000000000e+00	6
656	1.000000000000000e+00	12
657	1.000000000000000e+00	8
658	1.000000000000000e+00	14
659	1.000000000000000e+00	20
660	1.000000000000000e+00	18
661	1.000000000000000e+00	16
662	1.000000000000000e+00	6
663	1.000000000000000e+00	16
664	1.000000000000000e+00	6
665	1.000000000000000e+00	4
666	1.000000000000000e+00	2
667	1.000000000000000e+00	2
668	1.000000000000000e+00	10
669	1.000000000000000e+00	8
670	1.000000000000000e+00	10
671	1.000000000000000e+00	6
672	1.000000000000000e+00	14
673	1.000000000000000e+00	8
674	1.000000000000000e+00	14
675	1.000000000000000e+00	8
676	1.000000000000000e+00	16
677	1.000000000000000e+00	6
678	1.000000000000000e+00	6
679	1.000000000000000e+00	14
680	1.000000000000000e+00	14
681	1.000000000000000e+00	30
682	1.000000000000000e+00	10
683	1.000000000000000e+00	4
684	1.000000000000000e+00	10
685	1.000000000000000e+00	28
686	1.000000000000000e+00	10
687	1.000000000000000e+00	2
688	1.000000000000000e+00	16
689	1.000000000000000e+00	20
690	1.000000000000000e+00	12
691	1.000000000000000e+00	8
692	1.000000000000000e+00	36
693	1.000000000000000e+00	10
694	1.000000000000000e+00	12
695	1.000000000000000e+00	12
696	1.000000000000000e+00	16
697	1.000000000000000e+00	8
698	1.000000000000000e+00	6
699	1.000000000000000e+00	8
700	1.000000000000000e+00	12
701	1.000000000000000e+00	4
702	1.000000000000000e+00	14
703	1.000000000000000e+00	10
704	1.000000000000000e+00	22
705	1.000000000000000e+00	6
706	1.000000000000000e+00	22
707	1.000000000000000e+00	2
708	1.000000000000000e+00	6
709	1.000000000000000e+00	10
710	1.000000000000000e+00	10
711	1.000000000000000e+00	20
712	1.000000000000000e+00	4
713	1.000000000000000e+00	2
714	1.000000000000000e+00	18
715	1.000000000000000e+00	6
716	1.000000000000000e+00	4
717	1.000000000000000e+00	10
718	1.000000000000000e+00	22
719	1.000000000000000e+00	34
720	1.000000000000000e+00	20
721	1.000000000000000e+00	16
722	1.000000000000000e+00	8
723	1.000000000000000e+00	8
724	1.000000000000000e+00	16
725	1.000000000000000e+00	30
726	1.000000000000000e+00	16
727	1.000000000000000e+00	2
728	1.000000000000000e+00	6
729	1.000000000000000e+00	22
730	1.000000000000000e+00	24
731	1.000000000000000e+00	6
732	1.000000000000000e+00	16
733	1.000000000000000e+00	10
734	1.000000000000000e+00	8
735	1.000000000000000e+00	8
736	1.000000000000000e+00	6
737	1.000000000000000e+00	18
738	1.000000000000000e+00	4
739	1.000000000000000e+00	10
740	1.000000000000000e+00	6
741	1.000000000000000e+00	6
742	1.000000000000000e+00	16
743	1.000000000000000e+00	12
744	1.000000000000000e+00	2
745	1.000000000000000e+00	36
746	1.000000000000000e+00	8
747	1.000000000000000e+00	10
748	1.000000000000000e+00	12
749	1.000000000000000e+00	8
750	1.000000000000000e+00	10
751	1.000000000000000e+00	2
752	1.000000000000000e+00	18
753	1.000000000000000e+00	6
754	1.000000000000000e+00	12
755	1.000000000000000e+00	14
756	1.000000000000000e+00	4
757	1.000000000000000e+00	2
758	1.000000000000000e+00	12
759	1.000000000000000e+00	18
760	1.000000000000000e+00	2
761	1.000000000000000e+00	6
762	1.000000000000000e+00	16
763	1.000000000000000e+00	2
764	1.000000000000000e+00	10
765	1.000000000000000e+00	6
766	1.000000000000000e+00	24
767	1.000000000000000e+00	6
768	1.000000000000000e+00	26
769	1.000000000000000e+00	8
770	1.000000000000000e+00	6
771	1.000000000000000e+00	2
772	1.000000000000000e+00	16
773	1.000000000000000e+00	4
774	1.000000000000000e+00	8
775	1.000000000000000e+00	4
776	1.000000000000000e+00	2
777	1.000000000000000e+00	14
778	1.000000000000000e+00	8
779	1.000000000000000e+00	6
780	1.000000000000000e+00	12
781	1.000000000000000e+00	10
782	1.000000000000000e+00	8
783	1.000000000000000e+00	8
784	1.000000000000000e+00	20
785	1.000000000000000e+00	14
786	1.000000000000000e+00	24
787	1.000000000000000e+00	14
788	1.000000000000000e+00	14
789	1.000000000000000e+00	4
790	1.000000000000000e+00	6
791	1.000000000000000e+00	20
792	1.000000000000000e+00	2
793	1.000000000000000e+00	6
794	1.000000000000000e+00	16
795	1.000000000000000e+00	42
796	1.000000000000000e+00	4
797	1.000000000000000e+00	30
798	1.000000000000000e+00	10
799	1.000000000000000e+00	4
800	1.000000000000000e+00	2
801	1.000000000000000e+00	8
802	1.000000000000000e+00	6
803	1.000000000000000e+00	12
804	1.000000000000000e+00	16
805	1.000000000000000e+00	32
806	1.000000000000000e+00	4
807	1.000000000000000e+00	2
808	1.000000000000000e+00	12
809	1.000000000000000e+00	2
810	1.000000000000000e+00	4
811	1.000000000000000e+00	2
812	1.000000000000000e+00	38
813	1.000000000000000e+00	20
814	1.000000000000000e+00	8
815	1.000000000000000e+00	8
816	1.000000000000000e+00	26
817	1.000000000000000e+00	28
818	1.000000000000000e+00	16
819	1.000000000000000e+00	8
820	1.000000000000000e+00	2
821	1.000000000000000e+00	6
822	1.000000000000000e+00	14
823	1.000000000000000e+00	10
824	1.000000000000000e+00	2
825	1.000000000000000e+00	18
826	1.000000000000000e+00	8
827	1.000000000000000e+00	20
828	1.000000000000000e+00	18
829	1.000000000000000e+00	12
830	1.000000000000000e+00	14
831	1.000000000000000e+00	8
832	1.000000000000000e+00	8
833	1.000000000000000e+00	2
834	1.000000000000000e+00	16
835	1.000000000000000e+00	6
836	1.000000000000000e+00	8
837	1.000000000000000e+00	18
838	1.000000000000000e+00	4
839	1.000000000000000e+00	16
840	1.000000000000000e+00	12
841	1.000000000000000e+00	20
842	1.000000000000000e+00	10
843	1.000000000000000e+00	20
844	1.000000000000000e+00	10
845	1.000000000000000e+00	34
846	1.000000000000000e+00	6
847	1.000000000000000e+00	8
848	1.000000000000000e+00	32
849	1.000000000000000e+00	8
850	1.000000000000000e+00	6
851	1.000000000000000e+00	8
852	1.000000000000000e+00	6
853	1.000000000000000e+00	14
854	1.000000000000000e+00	6
855	1.000000000000000e+00	6
856	1.000000000000000e+00	4
857	1.000000000000000e+00	26
858	1.000000000000000e+00	28
859	1.000000000000000e+00	4
860	1.000000000000000e+00	10
861	1.000000000000000e+00	16
862	1.000000000000000e+00	20
863	1.000000000000000e+00	8
864	1.000000000000000e+00	22
865	1.000000000000000e+00	8
866	1.000000000000000e+00	20
867	1.000000000000000e+00	30
868	1.000000000000000e+00	32
869	1.000000000000000e+00	26
870	1.000000000000000e+00	30
871	1.000000000000000e+00	8
872	1.000000000000000e+00	8
873	1.000000000000000e+00	6
874	1.000000000000000e+00	12
875	1.000000000000000e+00	2
876	1.000000000000000e+00	4
877	1.000000000000000e+00	8
878	1.000000000000000e+00	8
879	1.000000000000000e+00	30
880	1.000000000000000e+00	22
881	1.000000000000000e+00	10
882	1.000000000000000e+00	18
883	1.000000000000000e+00	10
884	1.000000000000000e+00	28
885	1.000000000000000e+00	2
886	1.000000000000000e+00	14
887	1.000000000000000e+00	12
888	1.000000000000000e+00	4
889	1.000000000000000e+00	12
890	1.000000000000000e+00	14
891	1.000000000000000e+00	14
892	1.000000000000000e+00	6
893	1.000000000000000e+00	44
894	1.000000000000000e+00	12
895	1.000000000000000e+00	10
896	1.000000000000000e+00	20
897	1.000000000000000e+00	48
898	1.000000000000000e+00	16
899	1.000000000000000e+00	4
900	1.000000000000000e+00	20
901	1.000000000000000e+00	12
902	1.000000000000000e+00	10
903	1.000000000000000e+00	24
904	1.000000000000000e+00	6
905	1.000000000000000e+00	10
906	1.000000000000000e+00	42
907	1.000000000000000e+00	16
908	1.000000000000000e+00	6
909	1.000000000000000e+00	26
910	1.000000000000000e+00	20
911	1.000000000000000e+00	6
912	1.000000000000000e+00	4
913	1.000000000000000e+00	6
914	1.000000000000000e+00	4
915	1.000000000000000e+00	18
916	1.000000000000000e+00	24
917	1.000000000000000e+00	4
918	1.000000000000000e+00	26
919	1.000000000000000e+00	10
920	1.000000000000000e+00	8
921	1.000000000000000e+00	26
922	1.000000000000000e+00	2
923	1.000000000000000e+00	6
924	1.000000000000000e+00	26
925	1.000000000000000e+00	8
926	1.000000000000000e+00	12
927	1.000000000000000e+00	4
928	1.000000000000000e+00	8
929	1.000000000000000e+00	30
930	1.000000000000000e+00	36
931	1.000000000000000e+00	6
932	1.000000000000000e+00	10
933	1.000000000000000e+00	40
934	1.000000000000000e+00	8
935	1.000000000000000e+00	4
936	1.000000000000000e+00	30
937	1.000000000000000e+00	14
938	1.000000000000000e+00	18
939	1.000000000000000e+00	26
940	1.000000000000000e+00	10
941	1.000000000000000e+00	18
942	1.000000000000000e+00	24
943	1.000000000000000e+00	30
944	1.000000000000000e+00	38
945	1.000000000000000e+00	8
946	1.000000000000000e+00	8
947	1.000000000000000e+00	2
948	1.000000000000000e+00	12
949	1.000000000000000e+00	14
950	1.000000000000000e+00	2
951	1.000000000000000e+00	10
952	1.000000000000000e+00	12
953	1.000000000000000e+00	18
954	1.000000000000000e+00	14
955	1.000000000000000e+00	6
956	1.000000000000000e+00	12
957	1.000000000000000e+00	2
958	1.000000000000000e+00	6
959	1.000000000000000e+00	18
960	1.000000000000000e+00	6
961	1.000000000000000e+00	2
962	1.000000000000000e+00	6
963	1.000000000000000e+00	24
964	1.000000000000000e+00	14
965	1.000000000000000e+00	10
966	1.000000000000000e+00	10
967	1.000000000000000e+00	24
968	1.000000000000000e+00	4
969	1.000000000000000e+00	38
970	1.000000000000000e+00	18
971	1.000000000000000e+00	6
972	1.000000000000000e+00	14
973	1.000000000000000e+00	26
974	1.000000000000000e+00	2
975	1.000000000000000e+00	16
976	1.000000000000000e+00	16
977	1.000000000000000e+00	4
978	1.000000000000000e+00	6
979	1.000000000000000e+00	4
980	1.000000000000000e+00	2
981	1.000000000000000e+00	2
982	1.000000000000000e+00	18
983	1.000000000000000e+00	18
984	1.000000000000000e+00	12
985	1.000000000000000e+00	2
986	1.000000000000000e+00	2
987	1.000000000000000e+00	4
988	1.000000000000000e+00	2
989	1.000000000000000e+00	14
990	1.000000000000000e+00	2
991	1.000000000000000e+00	2
992	1.000000000000000e+00	4
993	1.000000000000000e+00	8
994	1.000000000000000e+00	12
995	1.000000000000000e+00	4
996	1.000000000000000e+00	10
997	1.000000000000000e+00	20
998	1.000000000000000e+00	12
999	1.000000000000000e+00	10
1000	1.000000000000000e+00	18


Tempo gasto: 13.945098
