Método usado: LUUS JAAKOLA

POSIÇÃO	ÁREA(mm²)	CUSTO

1	1.000000000000000e+00	26
2	1.000000000000000e+00	20
3	1.000000000000000e+00	14
4	1.000000000000000e+00	10
5	1.000000000000000e+00	4
6	1.000000000000000e+00	14
7	1.000000000000000e+00	18
8	1.000000000000000e+00	14
9	1.000000000000000e+00	2
10	1.000000000000000e+00	4
11	1.000000000000000e+00	34
12	1.000000000000000e+00	28
13	1.000000000000000e+00	16
14	1.000000000000000e+00	18
15	1.000000000000000e+00	6
16	1.000000000000000e+00	2
17	1.000000000000000e+00	22
18	1.000000000000000e+00	8
19	1.000000000000000e+00	10
20	1.000000000000000e+00	22
21	1.000000000000000e+00	4
22	1.000000000000000e+00	18
23	1.000000000000000e+00	14
24	1.000000000000000e+00	32
25	1.000000000000000e+00	2
26	1.000000000000000e+00	2
27	1.000000000000000e+00	42
28	1.000000000000000e+00	12
29	1.000000000000000e+00	20
30	1.000000000000000e+00	26
31	1.000000000000000e+00	2
32	1.000000000000000e+00	24
33	1.000000000000000e+00	18
34	1.000000000000000e+00	2
35	1.000000000000000e+00	6
36	1.000000000000000e+00	4
37	1.000000000000000e+00	30
38	1.000000000000000e+00	2
39	1.000000000000000e+00	54
40	1.000000000000000e+00	28
41	1.000000000000000e+00	4
42	1.000000000000000e+00	4
43	1.000000000000000e+00	8
44	1.000000000000000e+00	14
45	1.000000000000000e+00	4
46	1.000000000000000e+00	22
47	1.000000000000000e+00	12
48	1.000000000000000e+00	8
49	1.000000000000000e+00	4
50	1.000000000000000e+00	12
51	1.000000000000000e+00	12
52	1.000000000000000e+00	30
53	1.000000000000000e+00	24
54	1.000000000000000e+00	18
55	1.000000000000000e+00	42
56	1.000000000000000e+00	28
57	1.000000000000000e+00	18
58	1.000000000000000e+00	12
59	1.000000000000000e+00	10
60	1.000000000000000e+00	4
61	1.000000000000000e+00	16
62	1.000000000000000e+00	8
63	1.000000000000000e+00	18
64	1.000000000000000e+00	24
65	1.000000000000000e+00	44
66	1.000000000000000e+00	6
67	1.000000000000000e+00	2
68	1.000000000000000e+00	12
69	1.000000000000000e+00	10
70	1.000000000000000e+00	4
71	1.000000000000000e+00	24
72	1.000000000000000e+00	10
73	1.000000000000000e+00	2
74	1.000000000000000e+00	4
75	1.000000000000000e+00	24
76	1.000000000000000e+00	6
77	1.000000000000000e+00	30
78	1.000000000000000e+00	2
79	1.000000000000000e+00	2
80	1.000000000000000e+00	22
81	1.000000000000000e+00	8
82	1.000000000000000e+00	10
83	1.000000000000000e+00	4
84	1.000000000000000e+00	2
85	1.000000000000000e+00	2
86	1.000000000000000e+00	10
87	1.000000000000000e+00	18
88	1.000000000000000e+00	12
89	1.000000000000000e+00	10
90	1.000000000000000e+00	28
91	1.000000000000000e+00	4
92	1.000000000000000e+00	6
93	1.000000000000000e+00	28
94	1.000000000000000e+00	22
95	1.000000000000000e+00	14
96	1.000000000000000e+00	6
97	1.000000000000000e+00	2
98	1.000000000000000e+00	8
99	1.000000000000000e+00	12
100	1.000000000000000e+00	24
101	1.000000000000000e+00	18
102	1.000000000000000e+00	18
103	1.000000000000000e+00	48
104	1.000000000000000e+00	26
105	1.000000000000000e+00	38
106	1.000000000000000e+00	2
107	1.000000000000000e+00	2
108	1.000000000000000e+00	10
109	1.000000000000000e+00	14
110	1.000000000000000e+00	6
111	1.000000000000000e+00	10
112	1.000000000000000e+00	20
113	1.000000000000000e+00	12
114	1.000000000000000e+00	10
115	1.000000000000000e+00	24
116	1.000000000000000e+00	14
117	1.000000000000000e+00	6
118	1.000000000000000e+00	14
119	1.000000000000000e+00	38
120	1.000000000000000e+00	2
121	1.000000000000000e+00	10
122	1.000000000000000e+00	10
123	1.000000000000000e+00	26
124	1.000000000000000e+00	4
125	1.000000000000000e+00	6
126	1.000000000000000e+00	8
127	1.000000000000000e+00	8
128	1.000000000000000e+00	16
129	1.000000000000000e+00	8
130	1.000000000000000e+00	42
131	1.000000000000000e+00	4
132	1.000000000000000e+00	12
133	1.000000000000000e+00	8
134	1.000000000000000e+00	14
135	1.000000000000000e+00	28
136	1.000000000000000e+00	10
137	1.000000000000000e+00	14
138	1.000000000000000e+00	20
139	1.000000000000000e+00	12
140	1.000000000000000e+00	4
141	1.000000000000000e+00	12
142	1.000000000000000e+00	2
143	1.000000000000000e+00	8
144	1.000000000000000e+00	12
145	1.000000000000000e+00	6
146	1.000000000000000e+00	16
147	1.000000000000000e+00	10
148	1.000000000000000e+00	10
149	1.000000000000000e+00	12
150	1.000000000000000e+00	14
151	1.000000000000000e+00	16
152	1.000000000000000e+00	2
153	1.000000000000000e+00	28
154	1.000000000000000e+00	18
155	1.000000000000000e+00	8
156	1.000000000000000e+00	38
157	1.000000000000000e+00	4
158	1.000000000000000e+00	26
159	1.000000000000000e+00	22
160	1.000000000000000e+00	8
161	1.000000000000000e+00	10
162	1.000000000000000e+00	12
163	1.000000000000000e+00	12
164	1.000000000000000e+00	10
165	1.000000000000000e+00	2
166	1.000000000000000e+00	22
167	1.000000000000000e+00	42
168	1.000000000000000e+00	4
169	1.000000000000000e+00	22
170	1.000000000000000e+00	6
171	1.000000000000000e+00	20
172	1.000000000000000e+00	10
173	1.000000000000000e+00	10
174	1.000000000000000e+00	12
175	1.000000000000000e+00	8
176	1.000000000000000e+00	18
177	1.000000000000000e+00	4
178	1.000000000000000e+00	20
179	1.000000000000000e+00	26
180	1.000000000000000e+00	16
181	1.000000000000000e+00	16
182	1.000000000000000e+00	18
183	1.000000000000000e+00	10
184	1.000000000000000e+00	16
185	1.000000000000000e+00	2
186	1.000000000000000e+00	12
187	1.000000000000000e+00	22
188	1.000000000000000e+00	8
189	1.000000000000000e+00	16
190	1.000000000000000e+00	4
191	1.000000000000000e+00	2
192	1.000000000000000e+00	2
193	1.000000000000000e+00	12
194	1.000000000000000e+00	2
195	1.000000000000000e+00	18
196	1.000000000000000e+00	2
197	1.000000000000000e+00	18
198	1.000000000000000e+00	2
199	1.000000000000000e+00	26
200	1.000000000000000e+00	12
201	1.000000000000000e+00	2
202	1.000000000000000e+00	10
203	1.000000000000000e+00	64
204	1.000000000000000e+00	20
205	1.000000000000000e+00	8
206	1.000000000000000e+00	40
207	1.000000000000000e+00	12
208	1.000000000000000e+00	24
209	1.000000000000000e+00	2
210	1.000000000000000e+00	4
211	1.000000000000000e+00	20
212	1.000000000000000e+00	2
213	1.000000000000000e+00	2
214	1.000000000000000e+00	4
215	1.000000000000000e+00	8
216	1.000000000000000e+00	56
217	1.000000000000000e+00	18
218	1.000000000000000e+00	22
219	1.000000000000000e+00	30
220	1.000000000000000e+00	22
221	1.000000000000000e+00	36
222	1.000000000000000e+00	12
223	1.000000000000000e+00	6
224	1.000000000000000e+00	24
225	1.000000000000000e+00	10
226	1.000000000000000e+00	2
227	1.000000000000000e+00	12
228	1.000000000000000e+00	14
229	1.000000000000000e+00	2
230	1.000000000000000e+00	10
231	1.000000000000000e+00	6
232	1.000000000000000e+00	2
233	1.000000000000000e+00	14
234	1.000000000000000e+00	30
235	1.000000000000000e+00	6
236	1.000000000000000e+00	20
237	1.000000000000000e+00	4
238	1.000000000000000e+00	24
239	1.000000000000000e+00	8
240	1.000000000000000e+00	8
241	1.000000000000000e+00	6
242	1.000000000000000e+00	16
243	1.000000000000000e+00	16
244	1.000000000000000e+00	16
245	1.000000000000000e+00	2
246	1.000000000000000e+00	10
247	1.000000000000000e+00	8
248	1.000000000000000e+00	10
249	1.000000000000000e+00	4
250	1.000000000000000e+00	22
251	1.000000000000000e+00	6
252	1.000000000000000e+00	20
253	1.000000000000000e+00	6
254	1.000000000000000e+00	12
255	1.000000000000000e+00	14
256	1.000000000000000e+00	8
257	1.000000000000000e+00	2
258	1.000000000000000e+00	10
259	1.000000000000000e+00	6
260	1.000000000000000e+00	52
261	1.000000000000000e+00	2
262	1.000000000000000e+00	10
263	1.000000000000000e+00	8
264	1.000000000000000e+00	6
265	1.000000000000000e+00	6
266	1.000000000000000e+00	14
267	1.000000000000000e+00	4
268	1.000000000000000e+00	2
269	1.000000000000000e+00	12
270	1.000000000000000e+00	28
271	1.000000000000000e+00	8
272	1.000000000000000e+00	2
273	1.000000000000000e+00	14
274	1.000000000000000e+00	2
275	1.000000000000000e+00	16
276	1.000000000000000e+00	20
277	1.000000000000000e+00	6
278	1.000000000000000e+00	24
279	1.000000000000000e+00	4
280	1.000000000000000e+00	2
281	1.000000000000000e+00	48
282	1.000000000000000e+00	14
283	1.000000000000000e+00	24
284	1.000000000000000e+00	4
285	1.000000000000000e+00	8
286	1.000000000000000e+00	10
287	1.000000000000000e+00	14
288	1.000000000000000e+00	12
289	1.000000000000000e+00	18
290	1.000000000000000e+00	4
291	1.000000000000000e+00	6
292	1.000000000000000e+00	2
293	1.000000000000000e+00	2
294	1.000000000000000e+00	2
295	1.000000000000000e+00	2
296	1.000000000000000e+00	48
297	1.000000000000000e+00	10
298	1.000000000000000e+00	18
299	1.000000000000000e+00	6
300	1.000000000000000e+00	16
301	1.000000000000000e+00	2
302	1.000000000000000e+00	4
303	1.000000000000000e+00	2
304	1.000000000000000e+00	4
305	1.000000000000000e+00	22
306	1.000000000000000e+00	4
307	1.000000000000000e+00	10
308	1.000000000000000e+00	32
309	1.000000000000000e+00	2
310	1.000000000000000e+00	4
311	1.000000000000000e+00	8
312	1.000000000000000e+00	12
313	1.000000000000000e+00	4
314	1.000000000000000e+00	10
315	1.000000000000000e+00	6
316	1.000000000000000e+00	18
317	1.000000000000000e+00	10
318	1.000000000000000e+00	2
319	1.000000000000000e+00	10
320	1.000000000000000e+00	10
321	1.000000000000000e+00	22
322	1.000000000000000e+00	12
323	1.000000000000000e+00	10
324	1.000000000000000e+00	12
325	1.000000000000000e+00	14
326	1.000000000000000e+00	10
327	1.000000000000000e+00	2
328	1.000000000000000e+00	4
329	1.000000000000000e+00	14
330	1.000000000000000e+00	40
331	1.000000000000000e+00	12
332	1.000000000000000e+00	18
333	1.000000000000000e+00	18
334	1.000000000000000e+00	12
335	1.000000000000000e+00	4
336	1.000000000000000e+00	6
337	1.000000000000000e+00	26
338	1.000000000000000e+00	16
339	1.000000000000000e+00	16
340	1.000000000000000e+00	8
341	1.000000000000000e+00	14
342	1.000000000000000e+00	20
343	1.000000000000000e+00	20
344	1.000000000000000e+00	16
345	1.000000000000000e+00	16
346	1.000000000000000e+00	6
347	1.000000000000000e+00	6
348	1.000000000000000e+00	6
349	1.000000000000000e+00	24
350	1.000000000000000e+00	14
351	1.000000000000000e+00	4
352	9.499996933872077e-01	276
353	9.000061597774784e-01	154
354	8.499890184269803e-01	298
355	7.999915473377077e-01	338
356	7.499875689097399e-01	306
357	6.999747260920297e-01	250
358	6.499801159385606e-01	256
359	5.999771882599354e-01	268
360	5.499736026144486e-01	286
361	4.999818377969898e-01	264
362	4.999727108815718e-01	266
363	5.249767333854840e-01	206
364	5.499658064066325e-01	254
365	5.749625047750597e-01	160
366	5.999655483906121e-01	240
367	6.249628931563821e-01	328
368	6.499699479549910e-01	248
369	6.749691869409299e-01	276
370	6.999542837308795e-01	230
371	7.249623975457706e-01	320
372	7.499610852110534e-01	316
373	7.999476065468645e-01	268
374	8.499288861596611e-01	310
375	8.999108377123286e-01	298
376	9.498896028947557e-01	300
377	9.998756609464151e-01	138
378	9.998796002019560e-01	144
379	9.998668246118370e-01	304
380	9.998778573266195e-01	318
381	9.998675928918127e-01	296
382	9.998656501650672e-01	270
383	9.998767015556430e-01	232
384	9.998934814055483e-01	266
385	9.998820536542048e-01	226
386	9.998737963859682e-01	236
387	9.998545273042291e-01	300
388	9.998681111862849e-01	274
389	9.998550969040336e-01	266
390	9.998737511647314e-01	302
391	9.998748703626616e-01	256
392	9.998676155482075e-01	316
393	9.998844748207232e-01	284
394	9.998904662263873e-01	194
395	9.998849579465433e-01	214
396	9.998795638556390e-01	284
397	9.998847425292476e-01	322
398	9.999017195450879e-01	292
399	9.999128220255019e-01	268
400	9.998988133248051e-01	286
401	9.998905553867952e-01	332
402	9.998809973937359e-01	286
403	9.998759632072316e-01	266
404	9.998935832303222e-01	224
405	9.998837744916051e-01	206
406	9.999007721220642e-01	194
407	9.998812384716222e-01	292
408	9.998805613174961e-01	196
409	9.998771527782273e-01	210
410	9.998904191790954e-01	204
411	9.999029291953287e-01	280
412	9.999064212549056e-01	232
413	9.998984504542191e-01	304
414	9.998904930322904e-01	274
415	9.998847880487362e-01	298
416	9.998772819125036e-01	264
417	9.998857374657319e-01	296
418	9.999021271678149e-01	210
419	9.998857912113868e-01	270
420	9.998707048277654e-01	212
421	9.998700657263683e-01	284
422	9.998813322444846e-01	250
423	9.998775544491012e-01	246
424	9.998747766443592e-01	310
425	9.998929448496547e-01	320
426	9.998866531181205e-01	276
427	9.998886598227539e-01	284
428	9.998749563288034e-01	306
429	9.998666542955378e-01	262
430	9.998482347941292e-01	280
431	9.998633543838220e-01	248
432	9.998743173467867e-01	280
433	9.998768394957008e-01	294
434	9.998765625008353e-01	280
435	9.998930967184132e-01	316
436	9.998765497922136e-01	238
437	9.998626190209383e-01	242
438	9.998620079523964e-01	286
439	9.998631732835056e-01	250
440	9.998641606250152e-01	272
441	9.998534969598100e-01	226
442	9.998471473619798e-01	222
443	9.998327574271196e-01	276
444	9.998175178658817e-01	252
445	9.998269517346398e-01	146
446	9.998305883579306e-01	254
447	9.998442333176673e-01	350
448	9.998278777841082e-01	268
449	9.998222963720568e-01	170
450	9.998037695996002e-01	176
451	9.998232303826928e-01	186
452	9.998188242535683e-01	154
453	9.998136557755783e-01	236
454	9.998153335795614e-01	234
455	9.997971062435600e-01	330
456	9.998143669981118e-01	168
457	9.998058208004227e-01	276
458	9.998011530601399e-01	272
459	9.998004835570917e-01	250
460	9.997876574491446e-01	312
461	9.997750494146065e-01	270
462	9.997675719721072e-01	292
463	9.997747175607393e-01	290
464	9.997864190139241e-01	224
465	9.997983699732532e-01	256
466	9.998170299647183e-01	176
467	9.998350500682537e-01	314
468	9.998525552759659e-01	212
469	9.998397990067870e-01	276
470	9.998511876819345e-01	312
471	9.998426774261635e-01	124
472	9.998412673112871e-01	246
473	9.998502847834834e-01	336
474	9.998560103790125e-01	332
475	9.998530726518403e-01	262
476	9.998478564759723e-01	250
477	9.998411877948395e-01	302
478	9.998220947487739e-01	204
479	9.998158065108798e-01	242
480	9.998077502172407e-01	320
481	9.998162709062430e-01	228
482	9.998007151716556e-01	248
483	9.997976510392284e-01	248
484	9.997831134248253e-01	176
485	9.997706422638666e-01	326
486	9.997543340394949e-01	236
487	9.997429626226304e-01	290
488	9.997362067328851e-01	280
489	9.997520955492339e-01	274
490	9.997473730920975e-01	262
491	9.997661315099975e-01	262
492	9.997600402934773e-01	270
493	9.997408353159933e-01	160
494	9.997517286032831e-01	270
495	9.997405209376867e-01	294
496	9.997283089461981e-01	312
497	9.997111553659062e-01	270
498	9.997249960689052e-01	262
499	9.997258155410046e-01	230
500	9.997398076992603e-01	278
501	9.997560130010366e-01	240
502	9.997726650231791e-01	174
503	9.997928412579860e-01	272
504	9.998123905672096e-01	262
505	9.998325189513136e-01	300
506	9.998483548450235e-01	336
507	9.998694395086331e-01	266
508	9.998623188959574e-01	266
509	9.998618015986259e-01	280
510	9.998505114728173e-01	264
511	9.998649798626760e-01	286
512	9.998637623780984e-01	294
513	9.998719162696170e-01	300
514	9.998611332000256e-01	360
515	9.998722745777159e-01	286
516	9.998769171840398e-01	200
517	9.998717282977674e-01	146
518	9.998796445704218e-01	266
519	9.998656025300807e-01	252
520	9.998689767349421e-01	310
521	9.998719175878646e-01	266
522	9.998677806184141e-01	250
523	9.998785128974085e-01	282
524	9.998787595609581e-01	228
525	9.998925587925689e-01	302
526	9.998946586098586e-01	230
527	9.998975035755956e-01	142
528	9.999120099926032e-01	308
529	9.998934278668938e-01	216
530	9.998811909279375e-01	288
531	9.998744004701310e-01	292
532	9.998630986335938e-01	222
533	9.998655820344996e-01	296
534	9.998598615615525e-01	300
535	9.998638923869382e-01	296
536	9.998572785471465e-01	264
537	9.998405117221280e-01	256
538	9.998241441036857e-01	240
539	9.998296131808875e-01	230
540	9.998100514094415e-01	52
541	9.998088680965408e-01	242
542	9.998071115955898e-01	296
543	9.998257673962471e-01	308
544	9.998256425651880e-01	198
545	9.998155533625496e-01	210
546	9.998328888344569e-01	324
547	9.998236680262085e-01	284
548	9.998297246288083e-01	212
549	9.998322072147136e-01	274
550	9.998229422835424e-01	330
551	9.998374073802700e-01	272
552	9.998383404631485e-01	322
553	9.998296988742675e-01	224
554	9.998316123784935e-01	296
555	9.998173751612853e-01	238
556	9.998305768064686e-01	278
557	9.998168514176174e-01	198
558	9.998092021639349e-01	264
559	9.997907453182355e-01	254
560	9.997781833303140e-01	286
561	9.997911432260342e-01	240
562	9.997757495592162e-01	262
563	9.997770951645033e-01	264
564	9.997741885016325e-01	294
565	9.997617273975670e-01	286
566	9.997513755477901e-01	280
567	9.997586539832115e-01	270
568	9.997477283206745e-01	246
569	9.997357193634160e-01	302
570	9.997375766218225e-01	288
571	9.997287577021780e-01	342
572	9.997315068564926e-01	42
573	9.997169242118197e-01	246
574	9.997072162050762e-01	302
575	9.997186462887808e-01	298
576	9.997135426463490e-01	256
577	9.997180667329933e-01	308
578	9.997246949864418e-01	270
579	9.997163156888982e-01	214
580	9.997199348644052e-01	260
581	9.997151552988627e-01	270
582	9.997118876947261e-01	328
583	9.997025140108032e-01	254
584	9.996939823391833e-01	232
585	9.996947538276512e-01	330
586	9.996987982912466e-01	284
587	9.997140912271431e-01	218
588	9.997337905977659e-01	224
589	9.997244548496572e-01	124
590	9.997366326587995e-01	152
591	9.997516057176079e-01	254
592	9.997638531814157e-01	322
593	9.997847557209498e-01	232
594	9.997854244923187e-01	306
595	9.997948954594128e-01	226
596	9.998016419778549e-01	264
597	9.998210052773842e-01	294
598	9.998243423815578e-01	288
599	9.998084083794387e-01	222
600	9.998242063795795e-01	250
601	9.998265234657013e-01	318
602	9.998317222341269e-01	212
603	9.998133111395547e-01	270
604	9.998182117558021e-01	290
605	9.998161910024401e-01	244
606	9.997982175627281e-01	308
607	9.997911626532201e-01	234
608	9.997948208376511e-01	180
609	9.998030656030810e-01	268
610	9.998112491935817e-01	260
611	9.998267366388202e-01	200
612	9.998325961675169e-01	260
613	9.998438498162877e-01	258
614	9.998637484535573e-01	310
615	9.998819206217828e-01	296
616	9.998667891830356e-01	322
617	9.998656531490443e-01	254
618	9.998501851856866e-01	214
619	9.998554725112800e-01	224
620	9.998544023936283e-01	256
621	9.998428280578436e-01	266
622	9.998354550324368e-01	272
623	9.998396079436586e-01	254
624	9.998296062985960e-01	204
625	9.998121636612428e-01	278
626	9.998141835286508e-01	222
627	9.998088786630248e-01	224
628	9.998018533295674e-01	326
629	9.997924300988632e-01	136
630	9.998104418806676e-01	312
631	9.998304066546304e-01	304
632	9.998441005361686e-01	294
633	9.998615068828151e-01	240
634	9.998694796572574e-01	226
635	9.998661017788733e-01	244
636	9.998470652136752e-01	264
637	9.998672790153402e-01	288
638	9.998589451789111e-01	202
639	9.998412677707923e-01	300
640	9.998432761164108e-01	246
641	9.998501312255166e-01	210
642	9.998471396218864e-01	314
643	9.998476248060100e-01	224
644	9.998450242450706e-01	338
645	9.998451361738740e-01	276
646	9.998297790728784e-01	290
647	9.998347367532211e-01	264
648	9.998342410938571e-01	304
649	9.998385060147454e-01	324
650	9.998449511222377e-01	240
651	9.702570732323921e-01	308
652	9.372637842502862e-01	334
653	9.054658952956256e-01	336
654	8.748852623919415e-01	258
655	8.454762780349159e-01	304
656	8.172823341246667e-01	262
657	7.902851295487202e-01	206
658	7.644745682951799e-01	240
659	7.398774518419008e-01	294
660	7.164749295890398e-01	336
661	6.942809652863303e-01	210
662	6.732742948764926e-01	220
663	6.534690088390356e-01	288
664	6.348709370163507e-01	320
665	6.174617354038627e-01	296
666	6.012753288911529e-01	274
667	5.862864006814765e-01	240
668	5.724953092253423e-01	308
669	5.599035185505433e-01	262
670	5.485158798561569e-01	230
671	5.383111729345734e-01	278
672	5.293070534224700e-01	304
673	5.215029181612466e-01	264
674	5.149103258531459e-01	304
675	5.095012710208477e-01	298
676	5.052961643984174e-01	278
677	5.022961003115372e-01	226
678	5.004862935823021e-01	326
679	4.998950805929451e-01	350
680	5.005009287139719e-01	336
681	5.022933195172569e-01	216
682	5.052943038941263e-01	320
683	5.094892992643610e-01	274
684	5.148803747180194e-01	274
685	5.214685156643055e-01	272
686	5.292760363280895e-01	324
687	5.382791246459337e-01	264
688	5.484676862640238e-01	270
689	5.598556775913491e-01	272
690	5.724424129027552e-01	254
691	5.862462040841325e-01	226
692	6.012512951942600e-01	284
693	6.174381277322636e-01	222
694	6.348271870189066e-01	304
695	6.534253719821614e-01	292
696	6.732076288380449e-01	320
697	6.942068093019492e-01	266
698	7.163991635167863e-01	306
699	7.398023810253668e-01	282
700	7.643913997263279e-01	280
701	7.901814423162711e-01	166
702	8.171610344698800e-01	170
703	8.453451462719981e-01	300
704	8.747246852552608e-01	300
705	9.053028851551369e-01	204
706	9.370730074190781e-01	304
707	9.996416023206141e-01	214
708	9.996438322672133e-01	288
709	9.996300150345597e-01	236
710	9.996342138875046e-01	268
711	9.996176512314314e-01	256
712	9.996010549899335e-01	252
713	9.996018635326279e-01	314
714	9.995905482569835e-01	304
715	9.995981069512772e-01	246
716	9.996164345977817e-01	312
717	9.996029498388891e-01	256
718	9.995960666181568e-01	308
719	9.996158985431260e-01	280
720	9.996348738376931e-01	286
721	9.996430799162097e-01	284
722	9.996476474619302e-01	316
723	9.996420073420946e-01	314
724	9.996284060917363e-01	248
725	9.996441643659963e-01	290
726	9.996463313615236e-01	318
727	9.996544456303709e-01	310
728	9.996551265976675e-01	190
729	9.996642921304129e-01	178
730	9.996639873110165e-01	256
731	9.996621606317827e-01	262
732	9.996571972882509e-01	250
733	9.996699395680627e-01	212
734	9.996870287967627e-01	332
735	9.996955482644488e-01	294
736	9.997161070562356e-01	310
737	9.996999304611330e-01	264
738	9.997086553338828e-01	264
739	9.997178521759602e-01	288
740	9.997245365752420e-01	328
741	9.997104456267115e-01	134
742	9.997159466968238e-01	190
743	9.997050722868757e-01	222
744	9.996904124720982e-01	180
745	9.996907396633915e-01	314
746	9.996791324412621e-01	318
747	9.996679993228310e-01	240
748	9.996585447055647e-01	298
749	9.996419331303997e-01	174
750	9.996474688322494e-01	184
751	9.996468470653225e-01	238
752	9.996550817250944e-01	234
753	9.996431903791644e-01	248
754	9.996246990785164e-01	232
755	9.996373938151631e-01	306
756	9.996165629081101e-01	136
757	9.996233304056241e-01	308
758	9.996320891444739e-01	302
759	9.996339555875229e-01	222
760	9.996492206375137e-01	274
761	9.996495263591981e-01	206
762	9.996636240606898e-01	282
763	9.996673872966084e-01	278
764	9.996847060683314e-01	258
765	9.996783413340716e-01	224
766	9.996850383444412e-01	176
767	9.997023899222202e-01	238
768	9.997089333789339e-01	268
769	9.997039128572792e-01	306
770	9.997223043880118e-01	296
771	9.997129945539824e-01	186
772	9.997072773144222e-01	334
773	9.997234201269509e-01	330
774	9.997114066841715e-01	256
775	9.997190358792709e-01	246
776	9.997216285729237e-01	306
777	9.997387968065136e-01	222
778	9.997423769492569e-01	250
779	9.997387680538449e-01	260
780	9.997199377725995e-01	322
781	9.997387247729732e-01	290
782	9.997321886797775e-01	326
783	9.997181591962699e-01	208
784	9.997083006401036e-01	290
785	9.997130700134327e-01	236
786	9.997060213554149e-01	190
787	9.997041258816488e-01	304
788	9.997049090024233e-01	260
789	9.996878955747138e-01	334
790	9.996943206410418e-01	266
791	9.997137068207111e-01	298
792	9.996956497682695e-01	274
793	9.996772899116499e-01	246
794	9.996711773560133e-01	258
795	9.996849658349730e-01	284
796	9.997001917341820e-01	220
797	9.997106580995535e-01	232
798	9.997154390749911e-01	262
799	9.997000668570993e-01	310
800	9.997128935816481e-01	278
801	9.997011211875524e-01	150
802	9.996944430208164e-01	148
803	9.997067208126874e-01	240
804	9.997042680654102e-01	108
805	9.997087557791727e-01	228
806	9.997105729419880e-01	240
807	9.997070663925961e-01	278
808	9.997193072285741e-01	222
809	9.997095527313313e-01	284
810	9.997060196831830e-01	222
811	9.997117798123174e-01	316
812	9.997262828421629e-01	184
813	9.997163998041076e-01	298
814	9.997162378899054e-01	218
815	9.997126993352864e-01	274
816	9.997004181177618e-01	262
817	9.997131615770463e-01	292
818	9.997114658896504e-01	196
819	9.996964680103274e-01	274
820	9.997020116153053e-01	112
821	9.997070877259213e-01	336
822	9.997113328120051e-01	270
823	9.997030102901503e-01	196
824	9.997060097071940e-01	300
825	9.997267212626357e-01	256
826	9.997116861471438e-01	272
827	9.996947117006596e-01	268
828	9.997091913654711e-01	276
829	9.997004246457653e-01	298
830	9.996925416456814e-01	288
831	9.996888036981481e-01	154
832	9.997048455926190e-01	294
833	9.997067959425960e-01	290
834	9.997191631800867e-01	286
835	9.997039978611338e-01	304
836	9.996935615518643e-01	242
837	9.997019343417464e-01	184
838	9.997092031949696e-01	330
839	9.997038863956818e-01	292
840	9.996883661472530e-01	288
841	9.996809732236761e-01	306
842	9.996731978194356e-01	222
843	9.996863227239954e-01	288
844	9.996943411945387e-01	248
845	9.996793188992101e-01	290
846	9.996632556976071e-01	300
847	9.996595122792505e-01	324
848	9.996746907868129e-01	340
849	9.996608670125001e-01	266
850	9.996674353146732e-01	298
851	9.996601309669337e-01	338
852	9.996588193026250e-01	274
853	9.996706249533415e-01	274
854	9.996846276425805e-01	222
855	9.996992532099351e-01	244
856	9.997065113067385e-01	272
857	9.997034220810646e-01	324
858	9.997024989568297e-01	230
859	9.997032762898049e-01	334
860	9.997216706781276e-01	302
861	9.997311035495507e-01	248
862	9.997426744530563e-01	246
863	9.997238788157899e-01	242
864	9.997283399256601e-01	332
865	9.997399905770645e-01	240
866	9.997544998674827e-01	250
867	9.997609798761153e-01	332
868	9.997619954138762e-01	282
869	9.997642083946159e-01	234
870	9.997596890057212e-01	230
871	9.997721516617109e-01	272
872	9.997740880110033e-01	180
873	9.997654531343558e-01	302
874	9.997779720519656e-01	306
875	9.997651612199361e-01	196
876	9.997684563873686e-01	218
877	9.997726133928333e-01	272
878	9.997905347279071e-01	288
879	9.997710316156659e-01	250
880	9.997784659188635e-01	296
881	9.997865332374103e-01	282
882	9.997721563698092e-01	322
883	9.997788810220717e-01	314
884	9.997774918305531e-01	330
885	9.997815935549829e-01	198
886	9.998012834945849e-01	170
887	9.998161766286480e-01	280
888	9.998196011798978e-01	278
889	9.998254035179117e-01	232
890	9.998280137838198e-01	252
891	9.998419726454508e-01	306
892	9.998338226104844e-01	320
893	9.998226172441012e-01	292
894	9.998220640177709e-01	292
895	9.998290010758878e-01	266
896	9.998188768933481e-01	248
897	9.998001163653394e-01	272
898	9.997851570946348e-01	232
899	9.997856320513959e-01	286
900	9.998030508622795e-01	220
901	9.997888765538632e-01	240
902	9.997949038557895e-01	238
903	9.997930421968190e-01	234
904	9.997751258445836e-01	196
905	9.997809870213241e-01	272
906	9.997748661794056e-01	232
907	9.997589039255332e-01	268
908	9.997578276017323e-01	246
909	9.997496800166124e-01	276
910	9.997441418042506e-01	304
911	9.997354984902401e-01	304
912	9.997459575387652e-01	278
913	9.997290045235196e-01	144
914	9.997224284485162e-01	158
915	9.997367975807812e-01	204
916	9.997275647362600e-01	310
917	9.997210415008480e-01	254
918	9.997162176208672e-01	342
919	9.997342508308719e-01	280
920	9.997192008253827e-01	324
921	9.997314311729650e-01	156
922	9.997339445096046e-01	258
923	9.997158657939739e-01	250
924	9.997043929085344e-01	240
925	9.996852966111627e-01	272
926	9.996901060100333e-01	300
927	9.996761195287004e-01	344
928	9.996677387456506e-01	274
929	9.996477992278059e-01	208
930	9.996299563185304e-01	202
931	9.996371804126798e-01	240
932	9.996320253555672e-01	258
933	9.996262063347300e-01	246
934	9.996323236340992e-01	288
935	9.996485257151125e-01	274
936	9.996294743223877e-01	284
937	9.996402320014105e-01	238
938	9.996335329308658e-01	230
939	9.996502602681239e-01	290
940	9.996408931331145e-01	280
941	9.996356987575752e-01	188
942	9.996209213760884e-01	304
943	9.996281436479973e-01	282
944	9.996114634756887e-01	240
945	9.996072728530958e-01	308
946	9.996086806874632e-01	298
947	9.996137690258158e-01	252
948	9.996098258425988e-01	270
949	9.996191154983390e-01	278
950	9.996096001090978e-01	264
951	9.996244129041537e-01	300
952	9.996178069012768e-01	286
953	9.996051635938754e-01	288
954	9.995868021694500e-01	330
955	9.995783762335190e-01	314
956	9.995703902002542e-01	226
957	9.995536940438339e-01	228
958	9.995619229413074e-01	296
959	9.995642539349472e-01	276
960	9.995573357627332e-01	244
961	9.995747832864680e-01	280
962	9.995726209993769e-01	142
963	9.995838538219329e-01	238
964	9.995744639127954e-01	266
965	9.995904543711540e-01	266
966	9.995869819347784e-01	182
967	9.996026263963750e-01	300
968	9.996040903674670e-01	262
969	9.996248979405747e-01	264
970	9.996369717654994e-01	328
971	9.996399551188029e-01	256
972	9.996471858203596e-01	270
973	9.996640663449456e-01	168
974	9.996829010741719e-01	312
975	9.996990076942081e-01	296
976	9.996818218826877e-01	276
977	9.996831337523407e-01	262
978	9.996792384319624e-01	298
979	9.996618920901950e-01	260
980	9.996677308961155e-01	234
981	9.996804887858901e-01	312
982	9.996834880217277e-01	200
983	9.996775334989932e-01	276
984	9.996644630970515e-01	294
985	9.996700885816379e-01	326
986	9.996674832745751e-01	214
987	9.996779014711515e-01	300
988	9.996916866374626e-01	132
989	9.997028411359745e-01	282
990	9.997175299310068e-01	222
991	9.997197928850839e-01	246
992	9.997208987478750e-01	226
993	9.997272970891291e-01	254
994	9.997387444120887e-01	280
995	9.997559757532272e-01	280
996	9.997655109097521e-01	300
997	9.997708811272160e-01	160
998	9.997899518903283e-01	208
999	9.998025381081380e-01	274
1000	9.998124807694970e-01	278


Tempo gasto: 88.897896
