Método usado: LUUS JAAKOLA

POSIÇÃO	ÁREA(mm²)	CUSTO

1	1.000000000000000e+00	4
2	1.000000000000000e+00	4
3	1.000000000000000e+00	16
4	1.000000000000000e+00	52
5	1.000000000000000e+00	4
6	1.000000000000000e+00	2
7	1.000000000000000e+00	8
8	1.000000000000000e+00	16
9	1.000000000000000e+00	44
10	1.000000000000000e+00	8
11	1.000000000000000e+00	2
12	1.000000000000000e+00	6
13	1.000000000000000e+00	4
14	1.000000000000000e+00	8
15	1.000000000000000e+00	8
16	1.000000000000000e+00	26
17	1.000000000000000e+00	16
18	1.000000000000000e+00	12
19	1.000000000000000e+00	24
20	1.000000000000000e+00	10
21	1.000000000000000e+00	4
22	1.000000000000000e+00	12
23	1.000000000000000e+00	12
24	1.000000000000000e+00	10
25	1.000000000000000e+00	2
26	1.000000000000000e+00	56
27	1.000000000000000e+00	20
28	1.000000000000000e+00	12
29	1.000000000000000e+00	14
30	1.000000000000000e+00	18
31	1.000000000000000e+00	10
32	1.000000000000000e+00	36
33	1.000000000000000e+00	10
34	1.000000000000000e+00	18
35	1.000000000000000e+00	4
36	1.000000000000000e+00	8
37	1.000000000000000e+00	4
38	1.000000000000000e+00	10
39	1.000000000000000e+00	4
40	1.000000000000000e+00	10
41	1.000000000000000e+00	2
42	1.000000000000000e+00	20
43	1.000000000000000e+00	4
44	1.000000000000000e+00	12
45	1.000000000000000e+00	14
46	1.000000000000000e+00	2
47	1.000000000000000e+00	14
48	1.000000000000000e+00	12
49	1.000000000000000e+00	4
50	1.000000000000000e+00	4
51	1.000000000000000e+00	6
52	1.000000000000000e+00	6
53	1.000000000000000e+00	2
54	1.000000000000000e+00	22
55	1.000000000000000e+00	4
56	1.000000000000000e+00	4
57	1.000000000000000e+00	8
58	1.000000000000000e+00	12
59	1.000000000000000e+00	2
60	1.000000000000000e+00	26
61	1.000000000000000e+00	2
62	1.000000000000000e+00	20
63	1.000000000000000e+00	4
64	1.000000000000000e+00	4
65	1.000000000000000e+00	12
66	1.000000000000000e+00	4
67	1.000000000000000e+00	16
68	1.000000000000000e+00	26
69	1.000000000000000e+00	18
70	1.000000000000000e+00	34
71	1.000000000000000e+00	2
72	1.000000000000000e+00	6
73	1.000000000000000e+00	2
74	1.000000000000000e+00	10
75	1.000000000000000e+00	4
76	1.000000000000000e+00	12
77	1.000000000000000e+00	10
78	1.000000000000000e+00	14
79	1.000000000000000e+00	2
80	1.000000000000000e+00	26
81	1.000000000000000e+00	2
82	1.000000000000000e+00	4
83	1.000000000000000e+00	20
84	1.000000000000000e+00	12
85	1.000000000000000e+00	44
86	1.000000000000000e+00	18
87	1.000000000000000e+00	2
88	1.000000000000000e+00	4
89	1.000000000000000e+00	16
90	1.000000000000000e+00	24
91	1.000000000000000e+00	38
92	1.000000000000000e+00	48
93	1.000000000000000e+00	2
94	1.000000000000000e+00	8
95	1.000000000000000e+00	12
96	1.000000000000000e+00	4
97	1.000000000000000e+00	16
98	1.000000000000000e+00	22
99	1.000000000000000e+00	8
100	1.000000000000000e+00	16
101	1.000000000000000e+00	14
102	1.000000000000000e+00	6
103	1.000000000000000e+00	4
104	1.000000000000000e+00	4
105	1.000000000000000e+00	4
106	1.000000000000000e+00	20
107	1.000000000000000e+00	14
108	1.000000000000000e+00	28
109	1.000000000000000e+00	10
110	1.000000000000000e+00	26
111	1.000000000000000e+00	12
112	1.000000000000000e+00	4
113	1.000000000000000e+00	4
114	1.000000000000000e+00	14
115	1.000000000000000e+00	20
116	1.000000000000000e+00	12
117	1.000000000000000e+00	16
118	1.000000000000000e+00	14
119	1.000000000000000e+00	6
120	1.000000000000000e+00	6
121	1.000000000000000e+00	26
122	1.000000000000000e+00	2
123	1.000000000000000e+00	2
124	1.000000000000000e+00	20
125	1.000000000000000e+00	12
126	1.000000000000000e+00	10
127	1.000000000000000e+00	6
128	1.000000000000000e+00	4
129	1.000000000000000e+00	10
130	1.000000000000000e+00	16
131	1.000000000000000e+00	16
132	1.000000000000000e+00	22
133	1.000000000000000e+00	12
134	1.000000000000000e+00	22
135	1.000000000000000e+00	20
136	1.000000000000000e+00	6
137	1.000000000000000e+00	10
138	1.000000000000000e+00	2
139	1.000000000000000e+00	8
140	1.000000000000000e+00	18
141	1.000000000000000e+00	24
142	1.000000000000000e+00	26
143	1.000000000000000e+00	20
144	1.000000000000000e+00	26
145	1.000000000000000e+00	22
146	1.000000000000000e+00	2
147	1.000000000000000e+00	2
148	1.000000000000000e+00	6
149	1.000000000000000e+00	8
150	1.000000000000000e+00	16
151	1.000000000000000e+00	14
152	1.000000000000000e+00	8
153	1.000000000000000e+00	18
154	1.000000000000000e+00	24
155	1.000000000000000e+00	6
156	1.000000000000000e+00	10
157	1.000000000000000e+00	8
158	1.000000000000000e+00	10
159	1.000000000000000e+00	12
160	1.000000000000000e+00	26
161	1.000000000000000e+00	16
162	1.000000000000000e+00	20
163	1.000000000000000e+00	8
164	1.000000000000000e+00	8
165	1.000000000000000e+00	40
166	1.000000000000000e+00	2
167	1.000000000000000e+00	6
168	1.000000000000000e+00	4
169	1.000000000000000e+00	26
170	1.000000000000000e+00	4
171	1.000000000000000e+00	10
172	1.000000000000000e+00	6
173	1.000000000000000e+00	28
174	1.000000000000000e+00	4
175	1.000000000000000e+00	6
176	1.000000000000000e+00	6
177	1.000000000000000e+00	18
178	1.000000000000000e+00	28
179	1.000000000000000e+00	2
180	1.000000000000000e+00	24
181	1.000000000000000e+00	4
182	1.000000000000000e+00	6
183	1.000000000000000e+00	2
184	1.000000000000000e+00	22
185	1.000000000000000e+00	6
186	1.000000000000000e+00	2
187	1.000000000000000e+00	2
188	1.000000000000000e+00	2
189	1.000000000000000e+00	2
190	1.000000000000000e+00	34
191	1.000000000000000e+00	18
192	1.000000000000000e+00	28
193	1.000000000000000e+00	22
194	1.000000000000000e+00	6
195	1.000000000000000e+00	10
196	1.000000000000000e+00	6
197	1.000000000000000e+00	2
198	1.000000000000000e+00	4
199	1.000000000000000e+00	8
200	1.000000000000000e+00	26
201	1.000000000000000e+00	4
202	1.000000000000000e+00	2
203	1.000000000000000e+00	10
204	1.000000000000000e+00	2
205	1.000000000000000e+00	2
206	1.000000000000000e+00	14
207	1.000000000000000e+00	12
208	1.000000000000000e+00	14
209	1.000000000000000e+00	6
210	1.000000000000000e+00	16
211	1.000000000000000e+00	4
212	1.000000000000000e+00	16
213	1.000000000000000e+00	18
214	1.000000000000000e+00	2
215	1.000000000000000e+00	4
216	1.000000000000000e+00	10
217	1.000000000000000e+00	24
218	1.000000000000000e+00	6
219	1.000000000000000e+00	8
220	1.000000000000000e+00	6
221	1.000000000000000e+00	8
222	1.000000000000000e+00	32
223	1.000000000000000e+00	18
224	1.000000000000000e+00	20
225	1.000000000000000e+00	24
226	1.000000000000000e+00	20
227	1.000000000000000e+00	14
228	1.000000000000000e+00	4
229	1.000000000000000e+00	16
230	1.000000000000000e+00	6
231	1.000000000000000e+00	4
232	1.000000000000000e+00	2
233	1.000000000000000e+00	10
234	1.000000000000000e+00	40
235	1.000000000000000e+00	2
236	1.000000000000000e+00	12
237	1.000000000000000e+00	34
238	1.000000000000000e+00	8
239	1.000000000000000e+00	2
240	1.000000000000000e+00	10
241	1.000000000000000e+00	12
242	1.000000000000000e+00	14
243	1.000000000000000e+00	8
244	1.000000000000000e+00	4
245	1.000000000000000e+00	6
246	1.000000000000000e+00	4
247	1.000000000000000e+00	24
248	1.000000000000000e+00	10
249	1.000000000000000e+00	12
250	1.000000000000000e+00	6
251	1.000000000000000e+00	22
252	1.000000000000000e+00	6
253	1.000000000000000e+00	16
254	1.000000000000000e+00	18
255	1.000000000000000e+00	8
256	1.000000000000000e+00	2
257	1.000000000000000e+00	20
258	1.000000000000000e+00	16
259	1.000000000000000e+00	36
260	1.000000000000000e+00	6
261	1.000000000000000e+00	12
262	1.000000000000000e+00	4
263	1.000000000000000e+00	14
264	1.000000000000000e+00	46
265	1.000000000000000e+00	6
266	1.000000000000000e+00	10
267	1.000000000000000e+00	10
268	1.000000000000000e+00	12
269	1.000000000000000e+00	10
270	1.000000000000000e+00	22
271	1.000000000000000e+00	30
272	1.000000000000000e+00	4
273	1.000000000000000e+00	14
274	1.000000000000000e+00	10
275	1.000000000000000e+00	36
276	1.000000000000000e+00	26
277	1.000000000000000e+00	30
278	1.000000000000000e+00	6
279	1.000000000000000e+00	22
280	1.000000000000000e+00	18
281	1.000000000000000e+00	2
282	1.000000000000000e+00	2
283	1.000000000000000e+00	6
284	1.000000000000000e+00	30
285	1.000000000000000e+00	22
286	1.000000000000000e+00	6
287	1.000000000000000e+00	2
288	1.000000000000000e+00	10
289	1.000000000000000e+00	6
290	1.000000000000000e+00	30
291	1.000000000000000e+00	18
292	1.000000000000000e+00	16
293	1.000000000000000e+00	12
294	1.000000000000000e+00	36
295	1.000000000000000e+00	26
296	1.000000000000000e+00	18
297	1.000000000000000e+00	8
298	1.000000000000000e+00	32
299	1.000000000000000e+00	10
300	1.000000000000000e+00	26
301	1.000000000000000e+00	10
302	1.000000000000000e+00	6
303	1.000000000000000e+00	14
304	1.000000000000000e+00	2
305	1.000000000000000e+00	6
306	1.000000000000000e+00	26
307	1.000000000000000e+00	4
308	1.000000000000000e+00	2
309	1.000000000000000e+00	10
310	1.000000000000000e+00	6
311	1.000000000000000e+00	24
312	1.000000000000000e+00	14
313	1.000000000000000e+00	10
314	1.000000000000000e+00	16
315	1.000000000000000e+00	6
316	1.000000000000000e+00	8
317	1.000000000000000e+00	6
318	1.000000000000000e+00	56
319	1.000000000000000e+00	12
320	1.000000000000000e+00	2
321	1.000000000000000e+00	20
322	1.000000000000000e+00	16
323	1.000000000000000e+00	24
324	1.000000000000000e+00	20
325	1.000000000000000e+00	14
326	1.000000000000000e+00	28
327	1.000000000000000e+00	40
328	1.000000000000000e+00	14
329	1.000000000000000e+00	12
330	1.000000000000000e+00	8
331	1.000000000000000e+00	8
332	1.000000000000000e+00	18
333	1.000000000000000e+00	8
334	1.000000000000000e+00	14
335	1.000000000000000e+00	18
336	1.000000000000000e+00	16
337	1.000000000000000e+00	2
338	1.000000000000000e+00	20
339	1.000000000000000e+00	4
340	1.000000000000000e+00	10
341	1.000000000000000e+00	6
342	1.000000000000000e+00	20
343	1.000000000000000e+00	18
344	1.000000000000000e+00	30
345	1.000000000000000e+00	12
346	1.000000000000000e+00	10
347	1.000000000000000e+00	18
348	1.000000000000000e+00	2
349	1.000000000000000e+00	20
350	1.000000000000000e+00	32
351	1.000000000000000e+00	12
352	9.500036573021796e-01	224
353	9.000213909034716e-01	242
354	8.500212195036889e-01	216
355	8.000208481529489e-01	298
356	7.500156566954086e-01	178
357	7.000160773071071e-01	350
358	6.500107484013342e-01	276
359	6.000214554774362e-01	328
360	5.500124347718010e-01	260
361	5.000155389958850e-01	258
362	5.000146428600765e-01	348
363	5.250131451063832e-01	320
364	5.500099274155149e-01	234
365	5.750093570237582e-01	250
366	6.000104157871294e-01	302
367	6.250180158572812e-01	284
368	6.500273310830446e-01	274
369	6.750294066755409e-01	310
370	7.000174289519464e-01	256
371	7.250125135772891e-01	286
372	7.500063180895769e-01	250
373	8.000103287208825e-01	282
374	8.500096346828858e-01	276
375	9.000184024345038e-01	344
376	9.500003737570271e-01	146
377	1.000000000000000e+00	6
378	1.000000000000000e+00	2
379	1.000000000000000e+00	16
380	1.000000000000000e+00	16
381	1.000000000000000e+00	8
382	1.000000000000000e+00	30
383	1.000000000000000e+00	2
384	1.000000000000000e+00	8
385	1.000000000000000e+00	8
386	1.000000000000000e+00	6
387	1.000000000000000e+00	12
388	1.000000000000000e+00	36
389	1.000000000000000e+00	32
390	1.000000000000000e+00	4
391	1.000000000000000e+00	36
392	1.000000000000000e+00	26
393	1.000000000000000e+00	22
394	1.000000000000000e+00	12
395	1.000000000000000e+00	14
396	1.000000000000000e+00	10
397	1.000000000000000e+00	2
398	1.000000000000000e+00	6
399	1.000000000000000e+00	4
400	1.000000000000000e+00	28
401	1.000000000000000e+00	2
402	1.000000000000000e+00	10
403	1.000000000000000e+00	8
404	1.000000000000000e+00	6
405	1.000000000000000e+00	4
406	1.000000000000000e+00	4
407	1.000000000000000e+00	2
408	1.000000000000000e+00	8
409	1.000000000000000e+00	14
410	1.000000000000000e+00	12
411	1.000000000000000e+00	10
412	1.000000000000000e+00	14
413	1.000000000000000e+00	8
414	1.000000000000000e+00	10
415	1.000000000000000e+00	16
416	1.000000000000000e+00	6
417	1.000000000000000e+00	8
418	1.000000000000000e+00	6
419	1.000000000000000e+00	12
420	1.000000000000000e+00	18
421	1.000000000000000e+00	8
422	1.000000000000000e+00	2
423	1.000000000000000e+00	22
424	1.000000000000000e+00	12
425	1.000000000000000e+00	26
426	1.000000000000000e+00	2
427	1.000000000000000e+00	16
428	1.000000000000000e+00	4
429	1.000000000000000e+00	6
430	1.000000000000000e+00	10
431	1.000000000000000e+00	2
432	1.000000000000000e+00	8
433	1.000000000000000e+00	8
434	1.000000000000000e+00	2
435	1.000000000000000e+00	14
436	1.000000000000000e+00	18
437	1.000000000000000e+00	16
438	1.000000000000000e+00	14
439	1.000000000000000e+00	8
440	1.000000000000000e+00	16
441	1.000000000000000e+00	2
442	1.000000000000000e+00	28
443	1.000000000000000e+00	56
444	1.000000000000000e+00	18
445	1.000000000000000e+00	8
446	1.000000000000000e+00	2
447	1.000000000000000e+00	4
448	1.000000000000000e+00	2
449	1.000000000000000e+00	18
450	1.000000000000000e+00	10
451	1.000000000000000e+00	12
452	1.000000000000000e+00	16
453	1.000000000000000e+00	8
454	1.000000000000000e+00	12
455	1.000000000000000e+00	18
456	1.000000000000000e+00	14
457	1.000000000000000e+00	6
458	1.000000000000000e+00	58
459	1.000000000000000e+00	2
460	1.000000000000000e+00	22
461	1.000000000000000e+00	6
462	1.000000000000000e+00	4
463	1.000000000000000e+00	16
464	1.000000000000000e+00	16
465	1.000000000000000e+00	8
466	1.000000000000000e+00	16
467	1.000000000000000e+00	6
468	1.000000000000000e+00	18
469	1.000000000000000e+00	28
470	1.000000000000000e+00	22
471	1.000000000000000e+00	10
472	1.000000000000000e+00	6
473	1.000000000000000e+00	8
474	1.000000000000000e+00	14
475	1.000000000000000e+00	6
476	1.000000000000000e+00	2
477	1.000000000000000e+00	6
478	1.000000000000000e+00	8
479	1.000000000000000e+00	14
480	1.000000000000000e+00	2
481	1.000000000000000e+00	2
482	1.000000000000000e+00	20
483	1.000000000000000e+00	26
484	1.000000000000000e+00	18
485	1.000000000000000e+00	6
486	1.000000000000000e+00	16
487	1.000000000000000e+00	2
488	1.000000000000000e+00	14
489	1.000000000000000e+00	14
490	1.000000000000000e+00	14
491	1.000000000000000e+00	16
492	1.000000000000000e+00	12
493	1.000000000000000e+00	4
494	1.000000000000000e+00	10
495	1.000000000000000e+00	32
496	1.000000000000000e+00	24
497	1.000000000000000e+00	2
498	1.000000000000000e+00	2
499	1.000000000000000e+00	30
500	1.000000000000000e+00	14
501	1.000000000000000e+00	2
502	1.000000000000000e+00	8
503	1.000000000000000e+00	4
504	1.000000000000000e+00	8
505	1.000000000000000e+00	2
506	1.000000000000000e+00	4
507	1.000000000000000e+00	8
508	1.000000000000000e+00	10
509	1.000000000000000e+00	52
510	1.000000000000000e+00	10
511	1.000000000000000e+00	14
512	1.000000000000000e+00	2
513	1.000000000000000e+00	22
514	1.000000000000000e+00	10
515	1.000000000000000e+00	20
516	1.000000000000000e+00	8
517	1.000000000000000e+00	8
518	1.000000000000000e+00	20
519	1.000000000000000e+00	2
520	1.000000000000000e+00	10
521	1.000000000000000e+00	48
522	1.000000000000000e+00	6
523	1.000000000000000e+00	20
524	1.000000000000000e+00	26
525	1.000000000000000e+00	44
526	1.000000000000000e+00	6
527	1.000000000000000e+00	20
528	1.000000000000000e+00	6
529	1.000000000000000e+00	16
530	1.000000000000000e+00	10
531	1.000000000000000e+00	8
532	1.000000000000000e+00	14
533	1.000000000000000e+00	2
534	1.000000000000000e+00	4
535	1.000000000000000e+00	26
536	1.000000000000000e+00	12
537	1.000000000000000e+00	42
538	1.000000000000000e+00	14
539	1.000000000000000e+00	38
540	1.000000000000000e+00	20
541	1.000000000000000e+00	14
542	1.000000000000000e+00	20
543	1.000000000000000e+00	8
544	1.000000000000000e+00	28
545	1.000000000000000e+00	10
546	1.000000000000000e+00	16
547	1.000000000000000e+00	20
548	1.000000000000000e+00	30
549	1.000000000000000e+00	12
550	1.000000000000000e+00	6
551	1.000000000000000e+00	4
552	1.000000000000000e+00	6
553	1.000000000000000e+00	6
554	1.000000000000000e+00	4
555	1.000000000000000e+00	8
556	1.000000000000000e+00	20
557	1.000000000000000e+00	12
558	1.000000000000000e+00	10
559	1.000000000000000e+00	2
560	1.000000000000000e+00	8
561	1.000000000000000e+00	4
562	1.000000000000000e+00	10
563	1.000000000000000e+00	8
564	1.000000000000000e+00	26
565	1.000000000000000e+00	12
566	1.000000000000000e+00	16
567	1.000000000000000e+00	52
568	1.000000000000000e+00	4
569	1.000000000000000e+00	8
570	1.000000000000000e+00	12
571	1.000000000000000e+00	58
572	1.000000000000000e+00	10
573	1.000000000000000e+00	14
574	1.000000000000000e+00	16
575	1.000000000000000e+00	10
576	1.000000000000000e+00	26
577	1.000000000000000e+00	2
578	1.000000000000000e+00	10
579	1.000000000000000e+00	2
580	1.000000000000000e+00	8
581	1.000000000000000e+00	6
582	1.000000000000000e+00	6
583	1.000000000000000e+00	24
584	1.000000000000000e+00	2
585	1.000000000000000e+00	2
586	1.000000000000000e+00	26
587	1.000000000000000e+00	30
588	1.000000000000000e+00	8
589	1.000000000000000e+00	8
590	1.000000000000000e+00	34
591	1.000000000000000e+00	4
592	1.000000000000000e+00	24
593	1.000000000000000e+00	8
594	1.000000000000000e+00	12
595	1.000000000000000e+00	12
596	1.000000000000000e+00	4
597	1.000000000000000e+00	18
598	1.000000000000000e+00	6
599	1.000000000000000e+00	24
600	1.000000000000000e+00	4
601	1.000000000000000e+00	14
602	1.000000000000000e+00	14
603	1.000000000000000e+00	18
604	1.000000000000000e+00	38
605	1.000000000000000e+00	34
606	1.000000000000000e+00	2
607	1.000000000000000e+00	4
608	1.000000000000000e+00	10
609	1.000000000000000e+00	12
610	1.000000000000000e+00	2
611	1.000000000000000e+00	4
612	1.000000000000000e+00	4
613	1.000000000000000e+00	2
614	1.000000000000000e+00	12
615	1.000000000000000e+00	18
616	1.000000000000000e+00	12
617	1.000000000000000e+00	20
618	1.000000000000000e+00	4
619	1.000000000000000e+00	36
620	1.000000000000000e+00	42
621	1.000000000000000e+00	4
622	1.000000000000000e+00	34
623	1.000000000000000e+00	4
624	1.000000000000000e+00	4
625	1.000000000000000e+00	16
626	1.000000000000000e+00	18
627	1.000000000000000e+00	46
628	1.000000000000000e+00	12
629	1.000000000000000e+00	20
630	1.000000000000000e+00	10
631	1.000000000000000e+00	26
632	1.000000000000000e+00	6
633	1.000000000000000e+00	10
634	1.000000000000000e+00	24
635	1.000000000000000e+00	8
636	1.000000000000000e+00	6
637	1.000000000000000e+00	8
638	1.000000000000000e+00	4
639	1.000000000000000e+00	12
640	1.000000000000000e+00	32
641	1.000000000000000e+00	30
642	1.000000000000000e+00	8
643	1.000000000000000e+00	10
644	1.000000000000000e+00	20
645	1.000000000000000e+00	18
646	1.000000000000000e+00	10
647	1.000000000000000e+00	2
648	1.000000000000000e+00	4
649	1.000000000000000e+00	14
650	1.000000000000000e+00	12
651	9.704169792247509e-01	222
652	9.374315885672551e-01	256
653	9.056279593426517e-01	212
654	8.750229155054962e-01	194
655	8.456219080125310e-01	348
656	8.174328213748537e-01	308
657	7.904291582797717e-01	318
658	7.646259440995572e-01	258
659	7.400190622651458e-01	240
660	7.166284379886442e-01	326
661	6.944280899247230e-01	286
662	6.734168905951453e-01	160
663	6.536067267795783e-01	284
664	6.350085671521871e-01	310
665	6.176074919661073e-01	216
666	6.014066341656605e-01	312
667	5.864095541334425e-01	196
668	5.726080060147283e-01	322
669	5.600099960374336e-01	310
670	5.486014954024293e-01	256
671	5.384040239771875e-01	192
672	5.293941590333885e-01	314
673	5.215942408379167e-01	292
674	5.150039429627612e-01	274
675	5.096043887137629e-01	372
676	5.054109863690195e-01	298
677	5.024093688144448e-01	344
678	5.006162514418715e-01	318
679	5.000095735918422e-01	260
680	5.006045980149259e-01	300
681	5.024128456812907e-01	330
682	5.054157640509676e-01	274
683	5.096202309997504e-01	276
684	5.150187428200005e-01	22
685	5.216254817679494e-01	274
686	5.294296321407399e-01	250
687	5.384269842930909e-01	294
688	5.486379218647400e-01	308
689	5.600387386726390e-01	272
690	5.726305040064364e-01	236
691	5.864307472803776e-01	232
692	6.014236731164113e-01	236
693	6.176262056074355e-01	290
694	6.350366979619158e-01	332
695	6.536472661108457e-01	250
696	6.734522991434535e-01	298
697	6.944668624219859e-01	296
698	7.166774439204683e-01	310
699	7.400854370423235e-01	256
700	7.647011332826819e-01	274
701	7.905076564585558e-01	216
702	8.175150568902992e-01	308
703	8.457250731629967e-01	316
704	8.751254663475845e-01	258
705	9.057161816612248e-01	186
706	9.375151028792263e-01	266
707	1.000000000000000e+00	1000
708	1.000000000000000e+00	2
709	1.000000000000000e+00	20
710	1.000000000000000e+00	8
711	1.000000000000000e+00	10
712	1.000000000000000e+00	18
713	1.000000000000000e+00	18
714	1.000000000000000e+00	22
715	1.000000000000000e+00	10
716	1.000000000000000e+00	6
717	1.000000000000000e+00	2
718	1.000000000000000e+00	10
719	1.000000000000000e+00	4
720	1.000000000000000e+00	6
721	1.000000000000000e+00	2
722	1.000000000000000e+00	4
723	1.000000000000000e+00	2
724	1.000000000000000e+00	6
725	1.000000000000000e+00	14
726	1.000000000000000e+00	20
727	1.000000000000000e+00	6
728	1.000000000000000e+00	12
729	1.000000000000000e+00	18
730	1.000000000000000e+00	6
731	1.000000000000000e+00	14
732	1.000000000000000e+00	12
733	1.000000000000000e+00	10
734	1.000000000000000e+00	2
735	1.000000000000000e+00	16
736	1.000000000000000e+00	6
737	1.000000000000000e+00	8
738	1.000000000000000e+00	2
739	1.000000000000000e+00	20
740	1.000000000000000e+00	6
741	1.000000000000000e+00	22
742	1.000000000000000e+00	4
743	1.000000000000000e+00	4
744	1.000000000000000e+00	8
745	1.000000000000000e+00	6
746	1.000000000000000e+00	18
747	1.000000000000000e+00	4
748	1.000000000000000e+00	6
749	1.000000000000000e+00	12
750	1.000000000000000e+00	2
751	1.000000000000000e+00	2
752	1.000000000000000e+00	2
753	1.000000000000000e+00	12
754	1.000000000000000e+00	12
755	1.000000000000000e+00	2
756	1.000000000000000e+00	6
757	1.000000000000000e+00	34
758	1.000000000000000e+00	10
759	1.000000000000000e+00	12
760	1.000000000000000e+00	54
761	1.000000000000000e+00	12
762	1.000000000000000e+00	26
763	1.000000000000000e+00	38
764	1.000000000000000e+00	16
765	1.000000000000000e+00	2
766	1.000000000000000e+00	12
767	1.000000000000000e+00	6
768	1.000000000000000e+00	4
769	1.000000000000000e+00	4
770	1.000000000000000e+00	8
771	1.000000000000000e+00	8
772	1.000000000000000e+00	12
773	1.000000000000000e+00	6
774	1.000000000000000e+00	10
775	1.000000000000000e+00	20
776	1.000000000000000e+00	4
777	1.000000000000000e+00	4
778	1.000000000000000e+00	20
779	1.000000000000000e+00	8
780	1.000000000000000e+00	8
781	1.000000000000000e+00	18
782	1.000000000000000e+00	30
783	1.000000000000000e+00	14
784	1.000000000000000e+00	6
785	1.000000000000000e+00	2
786	1.000000000000000e+00	4
787	1.000000000000000e+00	32
788	1.000000000000000e+00	6
789	1.000000000000000e+00	16
790	1.000000000000000e+00	44
791	1.000000000000000e+00	2
792	1.000000000000000e+00	6
793	1.000000000000000e+00	30
794	1.000000000000000e+00	2
795	1.000000000000000e+00	6
796	1.000000000000000e+00	8
797	1.000000000000000e+00	22
798	1.000000000000000e+00	22
799	1.000000000000000e+00	14
800	1.000000000000000e+00	20
801	1.000000000000000e+00	16
802	1.000000000000000e+00	12
803	1.000000000000000e+00	20
804	1.000000000000000e+00	12
805	1.000000000000000e+00	22
806	1.000000000000000e+00	8
807	1.000000000000000e+00	20
808	1.000000000000000e+00	8
809	1.000000000000000e+00	8
810	1.000000000000000e+00	6
811	1.000000000000000e+00	6
812	1.000000000000000e+00	16
813	1.000000000000000e+00	6
814	1.000000000000000e+00	10
815	1.000000000000000e+00	14
816	1.000000000000000e+00	12
817	1.000000000000000e+00	2
818	1.000000000000000e+00	12
819	1.000000000000000e+00	14
820	1.000000000000000e+00	20
821	1.000000000000000e+00	18
822	1.000000000000000e+00	12
823	1.000000000000000e+00	10
824	1.000000000000000e+00	20
825	1.000000000000000e+00	2
826	1.000000000000000e+00	12
827	1.000000000000000e+00	8
828	1.000000000000000e+00	24
829	1.000000000000000e+00	16
830	1.000000000000000e+00	16
831	1.000000000000000e+00	10
832	1.000000000000000e+00	12
833	1.000000000000000e+00	24
834	1.000000000000000e+00	10
835	1.000000000000000e+00	8
836	1.000000000000000e+00	6
837	1.000000000000000e+00	20
838	1.000000000000000e+00	8
839	1.000000000000000e+00	18
840	1.000000000000000e+00	6
841	1.000000000000000e+00	14
842	1.000000000000000e+00	90
843	1.000000000000000e+00	6
844	1.000000000000000e+00	2
845	1.000000000000000e+00	6
846	1.000000000000000e+00	20
847	1.000000000000000e+00	10
848	1.000000000000000e+00	6
849	1.000000000000000e+00	18
850	1.000000000000000e+00	12
851	1.000000000000000e+00	4
852	1.000000000000000e+00	2
853	1.000000000000000e+00	10
854	1.000000000000000e+00	12
855	1.000000000000000e+00	46
856	1.000000000000000e+00	24
857	1.000000000000000e+00	8
858	1.000000000000000e+00	2
859	1.000000000000000e+00	14
860	1.000000000000000e+00	12
861	1.000000000000000e+00	22
862	1.000000000000000e+00	2
863	1.000000000000000e+00	4
864	1.000000000000000e+00	16
865	1.000000000000000e+00	2
866	1.000000000000000e+00	12
867	1.000000000000000e+00	8
868	1.000000000000000e+00	4
869	1.000000000000000e+00	10
870	1.000000000000000e+00	4
871	1.000000000000000e+00	10
872	1.000000000000000e+00	10
873	1.000000000000000e+00	4
874	1.000000000000000e+00	20
875	1.000000000000000e+00	66
876	1.000000000000000e+00	68
877	1.000000000000000e+00	8
878	1.000000000000000e+00	4
879	1.000000000000000e+00	16
880	1.000000000000000e+00	8
881	1.000000000000000e+00	2
882	1.000000000000000e+00	2
883	1.000000000000000e+00	44
884	1.000000000000000e+00	10
885	1.000000000000000e+00	8
886	1.000000000000000e+00	8
887	1.000000000000000e+00	2
888	1.000000000000000e+00	20
889	1.000000000000000e+00	10
890	1.000000000000000e+00	2
891	1.000000000000000e+00	6
892	1.000000000000000e+00	30
893	1.000000000000000e+00	14
894	1.000000000000000e+00	18
895	1.000000000000000e+00	4
896	1.000000000000000e+00	36
897	1.000000000000000e+00	6
898	1.000000000000000e+00	8
899	1.000000000000000e+00	14
900	1.000000000000000e+00	8
901	1.000000000000000e+00	12
902	1.000000000000000e+00	14
903	1.000000000000000e+00	8
904	1.000000000000000e+00	6
905	1.000000000000000e+00	2
906	1.000000000000000e+00	22
907	1.000000000000000e+00	14
908	1.000000000000000e+00	60
909	1.000000000000000e+00	8
910	1.000000000000000e+00	14
911	1.000000000000000e+00	10
912	1.000000000000000e+00	8
913	1.000000000000000e+00	6
914	1.000000000000000e+00	14
915	1.000000000000000e+00	10
916	1.000000000000000e+00	28
917	1.000000000000000e+00	14
918	1.000000000000000e+00	14
919	1.000000000000000e+00	10
920	1.000000000000000e+00	22
921	1.000000000000000e+00	16
922	1.000000000000000e+00	8
923	1.000000000000000e+00	6
924	1.000000000000000e+00	28
925	1.000000000000000e+00	10
926	1.000000000000000e+00	2
927	1.000000000000000e+00	10
928	1.000000000000000e+00	4
929	1.000000000000000e+00	22
930	1.000000000000000e+00	32
931	1.000000000000000e+00	4
932	1.000000000000000e+00	24
933	1.000000000000000e+00	26
934	1.000000000000000e+00	20
935	1.000000000000000e+00	18
936	1.000000000000000e+00	4
937	1.000000000000000e+00	2
938	1.000000000000000e+00	16
939	1.000000000000000e+00	8
940	1.000000000000000e+00	2
941	1.000000000000000e+00	4
942	1.000000000000000e+00	10
943	1.000000000000000e+00	84
944	1.000000000000000e+00	6
945	1.000000000000000e+00	6
946	1.000000000000000e+00	20
947	1.000000000000000e+00	6
948	1.000000000000000e+00	10
949	1.000000000000000e+00	6
950	1.000000000000000e+00	14
951	1.000000000000000e+00	18
952	1.000000000000000e+00	4
953	1.000000000000000e+00	28
954	1.000000000000000e+00	2
955	1.000000000000000e+00	8
956	1.000000000000000e+00	8
957	1.000000000000000e+00	22
958	1.000000000000000e+00	6
959	1.000000000000000e+00	14
960	1.000000000000000e+00	12
961	1.000000000000000e+00	18
962	1.000000000000000e+00	10
963	1.000000000000000e+00	14
964	1.000000000000000e+00	6
965	1.000000000000000e+00	12
966	1.000000000000000e+00	6
967	1.000000000000000e+00	20
968	1.000000000000000e+00	8
969	1.000000000000000e+00	22
970	1.000000000000000e+00	4
971	1.000000000000000e+00	10
972	1.000000000000000e+00	2
973	1.000000000000000e+00	20
974	1.000000000000000e+00	16
975	1.000000000000000e+00	6
976	1.000000000000000e+00	6
977	1.000000000000000e+00	16
978	1.000000000000000e+00	4
979	1.000000000000000e+00	4
980	1.000000000000000e+00	10
981	1.000000000000000e+00	38
982	1.000000000000000e+00	6
983	1.000000000000000e+00	14
984	1.000000000000000e+00	8
985	1.000000000000000e+00	6
986	1.000000000000000e+00	10
987	1.000000000000000e+00	22
988	1.000000000000000e+00	6
989	1.000000000000000e+00	16
990	1.000000000000000e+00	14
991	1.000000000000000e+00	6
992	1.000000000000000e+00	16
993	1.000000000000000e+00	16
994	1.000000000000000e+00	56
995	1.000000000000000e+00	4
996	1.000000000000000e+00	26
997	1.000000000000000e+00	4
998	1.000000000000000e+00	8
999	1.000000000000000e+00	18
1000	1.000000000000000e+00	2


Tempo gasto: 13.495734
