Método usado: LUUS JAAKOLA

POSIÇÃO	ÁREA(mm²)	CUSTO

1	1.000000000000000e+00	2
2	1.000000000000000e+00	26
3	1.000000000000000e+00	16
4	1.000000000000000e+00	2
5	1.000000000000000e+00	26
6	1.000000000000000e+00	16
7	1.000000000000000e+00	10
8	1.000000000000000e+00	4
9	1.000000000000000e+00	6
10	1.000000000000000e+00	4
11	1.000000000000000e+00	32
12	1.000000000000000e+00	8
13	1.000000000000000e+00	2
14	1.000000000000000e+00	32
15	1.000000000000000e+00	4
16	1.000000000000000e+00	32
17	1.000000000000000e+00	12
18	1.000000000000000e+00	10
19	1.000000000000000e+00	8
20	1.000000000000000e+00	10
21	1.000000000000000e+00	2
22	1.000000000000000e+00	46
23	1.000000000000000e+00	12
24	1.000000000000000e+00	12
25	1.000000000000000e+00	18
26	1.000000000000000e+00	2
27	1.000000000000000e+00	10
28	1.000000000000000e+00	16
29	1.000000000000000e+00	4
30	1.000000000000000e+00	28
31	1.000000000000000e+00	2
32	1.000000000000000e+00	4
33	1.000000000000000e+00	2
34	1.000000000000000e+00	18
35	1.000000000000000e+00	12
36	1.000000000000000e+00	6
37	1.000000000000000e+00	14
38	1.000000000000000e+00	4
39	1.000000000000000e+00	6
40	1.000000000000000e+00	20
41	1.000000000000000e+00	14
42	1.000000000000000e+00	2
43	1.000000000000000e+00	20
44	1.000000000000000e+00	10
45	1.000000000000000e+00	28
46	1.000000000000000e+00	6
47	1.000000000000000e+00	4
48	1.000000000000000e+00	2
49	1.000000000000000e+00	8
50	1.000000000000000e+00	16
51	1.000000000000000e+00	12
52	1.000000000000000e+00	4
53	1.000000000000000e+00	18
54	1.000000000000000e+00	12
55	1.000000000000000e+00	4
56	1.000000000000000e+00	8
57	1.000000000000000e+00	10
58	1.000000000000000e+00	2
59	1.000000000000000e+00	26
60	1.000000000000000e+00	10
61	1.000000000000000e+00	38
62	1.000000000000000e+00	14
63	1.000000000000000e+00	26
64	1.000000000000000e+00	26
65	1.000000000000000e+00	2
66	1.000000000000000e+00	2
67	1.000000000000000e+00	20
68	1.000000000000000e+00	4
69	1.000000000000000e+00	4
70	1.000000000000000e+00	18
71	1.000000000000000e+00	10
72	1.000000000000000e+00	2
73	1.000000000000000e+00	6
74	1.000000000000000e+00	4
75	1.000000000000000e+00	10
76	1.000000000000000e+00	10
77	1.000000000000000e+00	6
78	1.000000000000000e+00	16
79	1.000000000000000e+00	4
80	1.000000000000000e+00	18
81	1.000000000000000e+00	10
82	1.000000000000000e+00	36
83	1.000000000000000e+00	16
84	1.000000000000000e+00	28
85	1.000000000000000e+00	38
86	1.000000000000000e+00	18
87	1.000000000000000e+00	4
88	1.000000000000000e+00	20
89	1.000000000000000e+00	8
90	1.000000000000000e+00	6
91	1.000000000000000e+00	2
92	1.000000000000000e+00	28
93	1.000000000000000e+00	46
94	1.000000000000000e+00	26
95	1.000000000000000e+00	26
96	1.000000000000000e+00	2
97	1.000000000000000e+00	10
98	1.000000000000000e+00	14
99	1.000000000000000e+00	18
100	1.000000000000000e+00	18
101	1.000000000000000e+00	10
102	1.000000000000000e+00	30
103	1.000000000000000e+00	16
104	1.000000000000000e+00	14
105	1.000000000000000e+00	14
106	1.000000000000000e+00	20
107	1.000000000000000e+00	26
108	1.000000000000000e+00	34
109	1.000000000000000e+00	4
110	1.000000000000000e+00	40
111	1.000000000000000e+00	10
112	1.000000000000000e+00	4
113	1.000000000000000e+00	16
114	1.000000000000000e+00	16
115	1.000000000000000e+00	6
116	1.000000000000000e+00	8
117	1.000000000000000e+00	14
118	1.000000000000000e+00	36
119	1.000000000000000e+00	50
120	1.000000000000000e+00	2
121	1.000000000000000e+00	10
122	1.000000000000000e+00	44
123	1.000000000000000e+00	4
124	1.000000000000000e+00	2
125	1.000000000000000e+00	26
126	1.000000000000000e+00	32
127	1.000000000000000e+00	14
128	1.000000000000000e+00	56
129	1.000000000000000e+00	30
130	1.000000000000000e+00	12
131	1.000000000000000e+00	6
132	1.000000000000000e+00	14
133	1.000000000000000e+00	4
134	1.000000000000000e+00	10
135	1.000000000000000e+00	4
136	1.000000000000000e+00	2
137	1.000000000000000e+00	38
138	1.000000000000000e+00	12
139	1.000000000000000e+00	4
140	1.000000000000000e+00	8
141	1.000000000000000e+00	18
142	1.000000000000000e+00	16
143	1.000000000000000e+00	16
144	1.000000000000000e+00	14
145	1.000000000000000e+00	10
146	1.000000000000000e+00	2
147	1.000000000000000e+00	24
148	1.000000000000000e+00	2
149	1.000000000000000e+00	10
150	1.000000000000000e+00	2
151	1.000000000000000e+00	10
152	1.000000000000000e+00	14
153	1.000000000000000e+00	22
154	1.000000000000000e+00	8
155	1.000000000000000e+00	8
156	1.000000000000000e+00	8
157	1.000000000000000e+00	6
158	1.000000000000000e+00	6
159	1.000000000000000e+00	32
160	1.000000000000000e+00	24
161	1.000000000000000e+00	14
162	1.000000000000000e+00	24
163	1.000000000000000e+00	4
164	1.000000000000000e+00	16
165	1.000000000000000e+00	14
166	1.000000000000000e+00	12
167	1.000000000000000e+00	8
168	1.000000000000000e+00	6
169	1.000000000000000e+00	8
170	1.000000000000000e+00	18
171	1.000000000000000e+00	2
172	1.000000000000000e+00	12
173	1.000000000000000e+00	16
174	1.000000000000000e+00	10
175	1.000000000000000e+00	8
176	1.000000000000000e+00	2
177	1.000000000000000e+00	4
178	1.000000000000000e+00	26
179	1.000000000000000e+00	12
180	1.000000000000000e+00	2
181	1.000000000000000e+00	2
182	1.000000000000000e+00	4
183	1.000000000000000e+00	6
184	1.000000000000000e+00	8
185	1.000000000000000e+00	4
186	1.000000000000000e+00	4
187	1.000000000000000e+00	22
188	1.000000000000000e+00	20
189	1.000000000000000e+00	38
190	1.000000000000000e+00	8
191	1.000000000000000e+00	20
192	1.000000000000000e+00	4
193	1.000000000000000e+00	8
194	1.000000000000000e+00	2
195	1.000000000000000e+00	36
196	1.000000000000000e+00	10
197	1.000000000000000e+00	8
198	1.000000000000000e+00	6
199	1.000000000000000e+00	6
200	1.000000000000000e+00	12
201	1.000000000000000e+00	4
202	1.000000000000000e+00	22
203	1.000000000000000e+00	58
204	1.000000000000000e+00	22
205	1.000000000000000e+00	8
206	1.000000000000000e+00	10
207	1.000000000000000e+00	34
208	1.000000000000000e+00	4
209	1.000000000000000e+00	32
210	1.000000000000000e+00	2
211	1.000000000000000e+00	18
212	1.000000000000000e+00	4
213	1.000000000000000e+00	20
214	1.000000000000000e+00	4
215	1.000000000000000e+00	12
216	1.000000000000000e+00	4
217	1.000000000000000e+00	8
218	1.000000000000000e+00	30
219	1.000000000000000e+00	38
220	1.000000000000000e+00	4
221	1.000000000000000e+00	18
222	1.000000000000000e+00	2
223	1.000000000000000e+00	14
224	1.000000000000000e+00	32
225	1.000000000000000e+00	14
226	1.000000000000000e+00	2
227	1.000000000000000e+00	6
228	1.000000000000000e+00	8
229	1.000000000000000e+00	2
230	1.000000000000000e+00	10
231	1.000000000000000e+00	2
232	1.000000000000000e+00	26
233	1.000000000000000e+00	4
234	1.000000000000000e+00	6
235	1.000000000000000e+00	10
236	1.000000000000000e+00	12
237	1.000000000000000e+00	6
238	1.000000000000000e+00	16
239	1.000000000000000e+00	12
240	1.000000000000000e+00	6
241	1.000000000000000e+00	10
242	1.000000000000000e+00	30
243	1.000000000000000e+00	18
244	1.000000000000000e+00	22
245	1.000000000000000e+00	6
246	1.000000000000000e+00	2
247	1.000000000000000e+00	28
248	1.000000000000000e+00	6
249	1.000000000000000e+00	14
250	1.000000000000000e+00	34
251	1.000000000000000e+00	6
252	1.000000000000000e+00	2
253	1.000000000000000e+00	10
254	1.000000000000000e+00	8
255	1.000000000000000e+00	8
256	1.000000000000000e+00	4
257	1.000000000000000e+00	8
258	1.000000000000000e+00	4
259	1.000000000000000e+00	16
260	1.000000000000000e+00	2
261	1.000000000000000e+00	16
262	1.000000000000000e+00	28
263	1.000000000000000e+00	18
264	1.000000000000000e+00	6
265	1.000000000000000e+00	10
266	1.000000000000000e+00	14
267	1.000000000000000e+00	8
268	1.000000000000000e+00	2
269	1.000000000000000e+00	10
270	1.000000000000000e+00	14
271	1.000000000000000e+00	4
272	1.000000000000000e+00	6
273	1.000000000000000e+00	16
274	1.000000000000000e+00	6
275	1.000000000000000e+00	4
276	1.000000000000000e+00	10
277	1.000000000000000e+00	4
278	1.000000000000000e+00	24
279	1.000000000000000e+00	18
280	1.000000000000000e+00	4
281	1.000000000000000e+00	2
282	1.000000000000000e+00	16
283	1.000000000000000e+00	12
284	1.000000000000000e+00	6
285	1.000000000000000e+00	2
286	1.000000000000000e+00	10
287	1.000000000000000e+00	60
288	1.000000000000000e+00	2
289	1.000000000000000e+00	24
290	1.000000000000000e+00	18
291	1.000000000000000e+00	12
292	1.000000000000000e+00	4
293	1.000000000000000e+00	18
294	1.000000000000000e+00	22
295	1.000000000000000e+00	18
296	1.000000000000000e+00	26
297	1.000000000000000e+00	2
298	1.000000000000000e+00	8
299	1.000000000000000e+00	14
300	1.000000000000000e+00	10
301	1.000000000000000e+00	16
302	1.000000000000000e+00	2
303	1.000000000000000e+00	4
304	1.000000000000000e+00	6
305	1.000000000000000e+00	22
306	1.000000000000000e+00	24
307	1.000000000000000e+00	2
308	1.000000000000000e+00	16
309	1.000000000000000e+00	20
310	1.000000000000000e+00	34
311	1.000000000000000e+00	26
312	1.000000000000000e+00	20
313	1.000000000000000e+00	38
314	1.000000000000000e+00	20
315	1.000000000000000e+00	30
316	1.000000000000000e+00	32
317	1.000000000000000e+00	10
318	1.000000000000000e+00	12
319	1.000000000000000e+00	14
320	1.000000000000000e+00	34
321	1.000000000000000e+00	12
322	1.000000000000000e+00	20
323	1.000000000000000e+00	26
324	1.000000000000000e+00	6
325	1.000000000000000e+00	2
326	1.000000000000000e+00	12
327	1.000000000000000e+00	10
328	1.000000000000000e+00	20
329	1.000000000000000e+00	12
330	1.000000000000000e+00	14
331	1.000000000000000e+00	6
332	1.000000000000000e+00	20
333	1.000000000000000e+00	14
334	1.000000000000000e+00	20
335	1.000000000000000e+00	2
336	1.000000000000000e+00	10
337	1.000000000000000e+00	6
338	1.000000000000000e+00	4
339	1.000000000000000e+00	14
340	1.000000000000000e+00	14
341	1.000000000000000e+00	10
342	1.000000000000000e+00	38
343	1.000000000000000e+00	14
344	1.000000000000000e+00	4
345	1.000000000000000e+00	4
346	1.000000000000000e+00	2
347	1.000000000000000e+00	22
348	1.000000000000000e+00	8
349	1.000000000000000e+00	32
350	1.000000000000000e+00	26
351	1.000000000000000e+00	26
352	1.000000000000000e+00	18
353	1.000000000000000e+00	12
354	1.000000000000000e+00	10
355	1.000000000000000e+00	18
356	1.000000000000000e+00	24
357	1.000000000000000e+00	16
358	1.000000000000000e+00	18
359	1.000000000000000e+00	18
360	1.000000000000000e+00	4
361	1.000000000000000e+00	16
362	1.000000000000000e+00	10
363	1.000000000000000e+00	6
364	1.000000000000000e+00	10
365	1.000000000000000e+00	14
366	1.000000000000000e+00	6
367	1.000000000000000e+00	10
368	1.000000000000000e+00	10
369	1.000000000000000e+00	12
370	1.000000000000000e+00	48
371	1.000000000000000e+00	2
372	1.000000000000000e+00	4
373	1.000000000000000e+00	12
374	1.000000000000000e+00	4
375	1.000000000000000e+00	4
376	1.000000000000000e+00	10
377	1.000000000000000e+00	32
378	1.000000000000000e+00	6
379	1.000000000000000e+00	42
380	1.000000000000000e+00	12
381	1.000000000000000e+00	6
382	1.000000000000000e+00	6
383	1.000000000000000e+00	4
384	1.000000000000000e+00	4
385	1.000000000000000e+00	22
386	1.000000000000000e+00	26
387	1.000000000000000e+00	28
388	1.000000000000000e+00	22
389	1.000000000000000e+00	12
390	1.000000000000000e+00	30
391	1.000000000000000e+00	4
392	1.000000000000000e+00	8
393	1.000000000000000e+00	10
394	1.000000000000000e+00	14
395	1.000000000000000e+00	2
396	1.000000000000000e+00	18
397	1.000000000000000e+00	16
398	1.000000000000000e+00	14
399	1.000000000000000e+00	2
400	1.000000000000000e+00	8
401	1.000000000000000e+00	40
402	1.000000000000000e+00	8
403	1.000000000000000e+00	4
404	1.000000000000000e+00	10
405	1.000000000000000e+00	4
406	1.000000000000000e+00	10
407	1.000000000000000e+00	8
408	1.000000000000000e+00	4
409	1.000000000000000e+00	8
410	1.000000000000000e+00	6
411	1.000000000000000e+00	24
412	1.000000000000000e+00	22
413	1.000000000000000e+00	8
414	1.000000000000000e+00	12
415	1.000000000000000e+00	12
416	1.000000000000000e+00	2
417	1.000000000000000e+00	8
418	1.000000000000000e+00	2
419	1.000000000000000e+00	8
420	1.000000000000000e+00	4
421	1.000000000000000e+00	22
422	1.000000000000000e+00	4
423	1.000000000000000e+00	18
424	1.000000000000000e+00	6
425	1.000000000000000e+00	10
426	1.000000000000000e+00	2
427	1.000000000000000e+00	8
428	1.000000000000000e+00	10
429	1.000000000000000e+00	6
430	1.000000000000000e+00	8
431	1.000000000000000e+00	6
432	1.000000000000000e+00	4
433	1.000000000000000e+00	12
434	1.000000000000000e+00	34
435	1.000000000000000e+00	16
436	1.000000000000000e+00	4
437	1.000000000000000e+00	4
438	1.000000000000000e+00	2
439	1.000000000000000e+00	8
440	1.000000000000000e+00	14
441	1.000000000000000e+00	4
442	1.000000000000000e+00	16
443	1.000000000000000e+00	10
444	1.000000000000000e+00	24
445	1.000000000000000e+00	8
446	1.000000000000000e+00	16
447	1.000000000000000e+00	20
448	1.000000000000000e+00	6
449	1.000000000000000e+00	2
450	1.000000000000000e+00	44
451	1.000000000000000e+00	4
452	1.000000000000000e+00	10
453	1.000000000000000e+00	8
454	1.000000000000000e+00	8
455	1.000000000000000e+00	16
456	1.000000000000000e+00	14
457	1.000000000000000e+00	2
458	1.000000000000000e+00	4
459	1.000000000000000e+00	14
460	1.000000000000000e+00	18
461	1.000000000000000e+00	30
462	1.000000000000000e+00	18
463	1.000000000000000e+00	6
464	1.000000000000000e+00	6
465	1.000000000000000e+00	4
466	1.000000000000000e+00	20
467	1.000000000000000e+00	4
468	1.000000000000000e+00	32
469	1.000000000000000e+00	10
470	1.000000000000000e+00	10
471	1.000000000000000e+00	16
472	1.000000000000000e+00	18
473	1.000000000000000e+00	20
474	1.000000000000000e+00	16
475	1.000000000000000e+00	2
476	1.000000000000000e+00	24
477	1.000000000000000e+00	4
478	1.000000000000000e+00	18
479	1.000000000000000e+00	4
480	1.000000000000000e+00	14
481	1.000000000000000e+00	20
482	1.000000000000000e+00	20
483	1.000000000000000e+00	8
484	1.000000000000000e+00	12
485	1.000000000000000e+00	28
486	1.000000000000000e+00	6
487	1.000000000000000e+00	4
488	1.000000000000000e+00	20
489	1.000000000000000e+00	16
490	1.000000000000000e+00	2
491	9.590000001898054e-01	702
492	9.000000001702724e-01	664
493	8.490000002308047e-01	750
494	8.000000002008798e-01	776
495	7.500000002895000e-01	686
496	7.000000001431597e-01	734
497	6.500000002077799e-01	580
498	6.000000003042399e-01	748
499	5.500000002197951e-01	736
500	5.000000001543102e-01	704
501	5.500000002451870e-01	748
502	6.000000003648805e-01	654
503	6.500000004212783e-01	608
504	7.000000004115283e-01	774
505	7.500000003251279e-01	728
506	8.000000002754910e-01	782
507	8.500000003191444e-01	748
508	9.000000003272018e-01	684
509	9.500000004416305e-01	742
510	9.000000004494393e-01	670
511	8.500000003652918e-01	736
512	8.000000004615347e-01	698
513	7.500000003824125e-01	648
514	8.000000004949717e-01	708
515	8.500000004381806e-01	718
516	9.000000004242289e-01	598
517	9.500000004097402e-01	696
518	1.000000000000000e+00	1000
519	1.000000000000000e+00	6
520	1.000000000000000e+00	8
521	1.000000000000000e+00	4
522	1.000000000000000e+00	6
523	1.000000000000000e+00	44
524	1.000000000000000e+00	2
525	1.000000000000000e+00	2
526	1.000000000000000e+00	10
527	1.000000000000000e+00	4
528	1.000000000000000e+00	2
529	1.000000000000000e+00	8
530	1.000000000000000e+00	14
531	1.000000000000000e+00	20
532	1.000000000000000e+00	18
533	1.000000000000000e+00	18
534	1.000000000000000e+00	22
535	1.000000000000000e+00	38
536	1.000000000000000e+00	2
537	1.000000000000000e+00	30
538	1.000000000000000e+00	18
539	1.000000000000000e+00	4
540	1.000000000000000e+00	2
541	1.000000000000000e+00	8
542	1.000000000000000e+00	8
543	1.000000000000000e+00	16
544	1.000000000000000e+00	24
545	1.000000000000000e+00	20
546	1.000000000000000e+00	32
547	1.000000000000000e+00	8
548	1.000000000000000e+00	22
549	1.000000000000000e+00	6
550	1.000000000000000e+00	10
551	1.000000000000000e+00	4
552	1.000000000000000e+00	4
553	1.000000000000000e+00	8
554	1.000000000000000e+00	24
555	1.000000000000000e+00	22
556	1.000000000000000e+00	16
557	1.000000000000000e+00	2
558	1.000000000000000e+00	14
559	1.000000000000000e+00	16
560	1.000000000000000e+00	8
561	1.000000000000000e+00	2
562	1.000000000000000e+00	12
563	1.000000000000000e+00	32
564	1.000000000000000e+00	24
565	1.000000000000000e+00	4
566	1.000000000000000e+00	2
567	1.000000000000000e+00	4
568	1.000000000000000e+00	6
569	1.000000000000000e+00	30
570	1.000000000000000e+00	30
571	1.000000000000000e+00	6
572	1.000000000000000e+00	8
573	1.000000000000000e+00	4
574	1.000000000000000e+00	2
575	1.000000000000000e+00	16
576	1.000000000000000e+00	22
577	1.000000000000000e+00	28
578	1.000000000000000e+00	38
579	1.000000000000000e+00	14
580	1.000000000000000e+00	14
581	1.000000000000000e+00	12
582	1.000000000000000e+00	38
583	1.000000000000000e+00	18
584	1.000000000000000e+00	16
585	1.000000000000000e+00	12
586	1.000000000000000e+00	4
587	1.000000000000000e+00	16
588	1.000000000000000e+00	18
589	1.000000000000000e+00	10
590	1.000000000000000e+00	2
591	1.000000000000000e+00	8
592	1.000000000000000e+00	14
593	1.000000000000000e+00	6
594	1.000000000000000e+00	4
595	1.000000000000000e+00	8
596	1.000000000000000e+00	6
597	1.000000000000000e+00	20
598	1.000000000000000e+00	10
599	1.000000000000000e+00	10
600	1.000000000000000e+00	12
601	1.000000000000000e+00	2
602	1.000000000000000e+00	28
603	1.000000000000000e+00	16
604	1.000000000000000e+00	26
605	1.000000000000000e+00	54
606	1.000000000000000e+00	6
607	1.000000000000000e+00	8
608	1.000000000000000e+00	8
609	1.000000000000000e+00	20
610	1.000000000000000e+00	10
611	1.000000000000000e+00	22
612	1.000000000000000e+00	24
613	1.000000000000000e+00	14
614	1.000000000000000e+00	6
615	1.000000000000000e+00	4
616	1.000000000000000e+00	14
617	1.000000000000000e+00	10
618	1.000000000000000e+00	6
619	1.000000000000000e+00	12
620	1.000000000000000e+00	14
621	1.000000000000000e+00	36
622	1.000000000000000e+00	28
623	1.000000000000000e+00	4
624	1.000000000000000e+00	12
625	1.000000000000000e+00	4
626	1.000000000000000e+00	4
627	1.000000000000000e+00	4
628	1.000000000000000e+00	14
629	1.000000000000000e+00	2
630	1.000000000000000e+00	6
631	1.000000000000000e+00	2
632	1.000000000000000e+00	2
633	1.000000000000000e+00	6
634	1.000000000000000e+00	16
635	1.000000000000000e+00	12
636	1.000000000000000e+00	4
637	1.000000000000000e+00	14
638	1.000000000000000e+00	16
639	1.000000000000000e+00	10
640	1.000000000000000e+00	6
641	1.000000000000000e+00	4
642	1.000000000000000e+00	18
643	1.000000000000000e+00	10
644	1.000000000000000e+00	8
645	1.000000000000000e+00	6
646	1.000000000000000e+00	4
647	1.000000000000000e+00	26
648	1.000000000000000e+00	12
649	1.000000000000000e+00	12
650	1.000000000000000e+00	40
651	1.000000000000000e+00	10
652	1.000000000000000e+00	4
653	1.000000000000000e+00	8
654	1.000000000000000e+00	18
655	1.000000000000000e+00	18
656	1.000000000000000e+00	12
657	1.000000000000000e+00	4
658	1.000000000000000e+00	10
659	1.000000000000000e+00	14
660	1.000000000000000e+00	4
661	1.000000000000000e+00	24
662	1.000000000000000e+00	4
663	1.000000000000000e+00	16
664	1.000000000000000e+00	8
665	1.000000000000000e+00	14
666	1.000000000000000e+00	8
667	1.000000000000000e+00	10
668	1.000000000000000e+00	2
669	1.000000000000000e+00	18
670	1.000000000000000e+00	10
671	1.000000000000000e+00	10
672	1.000000000000000e+00	12
673	1.000000000000000e+00	16
674	1.000000000000000e+00	6
675	1.000000000000000e+00	26
676	1.000000000000000e+00	16
677	1.000000000000000e+00	2
678	1.000000000000000e+00	14
679	1.000000000000000e+00	10
680	1.000000000000000e+00	10
681	1.000000000000000e+00	12
682	1.000000000000000e+00	6
683	1.000000000000000e+00	34
684	1.000000000000000e+00	12
685	1.000000000000000e+00	20
686	1.000000000000000e+00	2
687	1.000000000000000e+00	12
688	1.000000000000000e+00	18
689	1.000000000000000e+00	22
690	1.000000000000000e+00	4
691	1.000000000000000e+00	6
692	1.000000000000000e+00	18
693	1.000000000000000e+00	2
694	1.000000000000000e+00	8
695	1.000000000000000e+00	26
696	1.000000000000000e+00	18
697	1.000000000000000e+00	24
698	1.000000000000000e+00	4
699	1.000000000000000e+00	2
700	1.000000000000000e+00	16
701	1.000000000000000e+00	8
702	1.000000000000000e+00	2
703	1.000000000000000e+00	2
704	1.000000000000000e+00	2
705	1.000000000000000e+00	18
706	1.000000000000000e+00	10
707	1.000000000000000e+00	2
708	1.000000000000000e+00	6
709	1.000000000000000e+00	14
710	1.000000000000000e+00	30
711	1.000000000000000e+00	4
712	1.000000000000000e+00	6
713	1.000000000000000e+00	2
714	1.000000000000000e+00	22
715	1.000000000000000e+00	20
716	1.000000000000000e+00	6
717	1.000000000000000e+00	8
718	1.000000000000000e+00	12
719	1.000000000000000e+00	4
720	1.000000000000000e+00	8
721	1.000000000000000e+00	4
722	1.000000000000000e+00	18
723	1.000000000000000e+00	2
724	1.000000000000000e+00	2
725	1.000000000000000e+00	26
726	1.000000000000000e+00	10
727	1.000000000000000e+00	2
728	1.000000000000000e+00	26
729	1.000000000000000e+00	4
730	1.000000000000000e+00	26
731	1.000000000000000e+00	28
732	1.000000000000000e+00	2
733	1.000000000000000e+00	12
734	1.000000000000000e+00	6
735	1.000000000000000e+00	16
736	1.000000000000000e+00	8
737	1.000000000000000e+00	2
738	1.000000000000000e+00	2
739	1.000000000000000e+00	2
740	1.000000000000000e+00	2
741	1.000000000000000e+00	8
742	1.000000000000000e+00	4
743	1.000000000000000e+00	6
744	1.000000000000000e+00	2
745	1.000000000000000e+00	4
746	1.000000000000000e+00	18
747	1.000000000000000e+00	4
748	1.000000000000000e+00	8
749	1.000000000000000e+00	6
750	1.000000000000000e+00	2
751	1.000000000000000e+00	14
752	1.000000000000000e+00	6
753	1.000000000000000e+00	6
754	1.000000000000000e+00	4
755	1.000000000000000e+00	6
756	1.000000000000000e+00	4
757	1.000000000000000e+00	6
758	1.000000000000000e+00	12
759	1.000000000000000e+00	10
760	1.000000000000000e+00	2
761	1.000000000000000e+00	8
762	1.000000000000000e+00	2
763	1.000000000000000e+00	2
764	1.000000000000000e+00	6
765	1.000000000000000e+00	6
766	1.000000000000000e+00	8
767	1.000000000000000e+00	6
768	1.000000000000000e+00	4
769	1.000000000000000e+00	22
770	1.000000000000000e+00	22
771	1.000000000000000e+00	14
772	1.000000000000000e+00	6
773	1.000000000000000e+00	36
774	1.000000000000000e+00	8
775	1.000000000000000e+00	16
776	1.000000000000000e+00	6
777	1.000000000000000e+00	12
778	1.000000000000000e+00	6
779	1.000000000000000e+00	12
780	1.000000000000000e+00	2
781	1.000000000000000e+00	18
782	1.000000000000000e+00	4
783	1.000000000000000e+00	2
784	1.000000000000000e+00	6
785	1.000000000000000e+00	4
786	1.000000000000000e+00	22
787	1.000000000000000e+00	2
788	1.000000000000000e+00	10
789	1.000000000000000e+00	22
790	1.000000000000000e+00	8
791	1.000000000000000e+00	8
792	1.000000000000000e+00	26
793	1.000000000000000e+00	12
794	1.000000000000000e+00	30
795	1.000000000000000e+00	12
796	1.000000000000000e+00	6
797	1.000000000000000e+00	8
798	1.000000000000000e+00	8
799	1.000000000000000e+00	16
800	1.000000000000000e+00	10
801	1.000000000000000e+00	40
802	1.000000000000000e+00	4
803	1.000000000000000e+00	6
804	1.000000000000000e+00	16
805	1.000000000000000e+00	6
806	1.000000000000000e+00	4
807	1.000000000000000e+00	4
808	1.000000000000000e+00	20
809	1.000000000000000e+00	4
810	1.000000000000000e+00	16
811	1.000000000000000e+00	20
812	1.000000000000000e+00	4
813	1.000000000000000e+00	16
814	1.000000000000000e+00	18
815	1.000000000000000e+00	10
816	1.000000000000000e+00	10
817	1.000000000000000e+00	8
818	1.000000000000000e+00	6
819	1.000000000000000e+00	10
820	1.000000000000000e+00	4
821	1.000000000000000e+00	2
822	1.000000000000000e+00	10
823	1.000000000000000e+00	6
824	1.000000000000000e+00	2
825	1.000000000000000e+00	2
826	1.000000000000000e+00	34
827	1.000000000000000e+00	10
828	1.000000000000000e+00	4
829	1.000000000000000e+00	12
830	1.000000000000000e+00	22
831	1.000000000000000e+00	8
832	1.000000000000000e+00	22
833	1.000000000000000e+00	8
834	1.000000000000000e+00	12
835	1.000000000000000e+00	10
836	1.000000000000000e+00	8
837	1.000000000000000e+00	8
838	1.000000000000000e+00	20
839	1.000000000000000e+00	10
840	1.000000000000000e+00	24
841	1.000000000000000e+00	2
842	1.000000000000000e+00	8
843	1.000000000000000e+00	6
844	1.000000000000000e+00	16
845	1.000000000000000e+00	14
846	1.000000000000000e+00	12
847	1.000000000000000e+00	38
848	1.000000000000000e+00	6
849	1.000000000000000e+00	8
850	1.000000000000000e+00	4
851	1.000000000000000e+00	16
852	1.000000000000000e+00	6
853	1.000000000000000e+00	8
854	1.000000000000000e+00	28
855	1.000000000000000e+00	26
856	1.000000000000000e+00	24
857	1.000000000000000e+00	12
858	1.000000000000000e+00	2
859	1.000000000000000e+00	8
860	1.000000000000000e+00	16
861	1.000000000000000e+00	2
862	1.000000000000000e+00	6
863	1.000000000000000e+00	16
864	1.000000000000000e+00	4
865	1.000000000000000e+00	76
866	1.000000000000000e+00	12
867	1.000000000000000e+00	6
868	1.000000000000000e+00	2
869	1.000000000000000e+00	10
870	1.000000000000000e+00	4
871	1.000000000000000e+00	12
872	1.000000000000000e+00	10
873	1.000000000000000e+00	12
874	1.000000000000000e+00	18
875	1.000000000000000e+00	8
876	1.000000000000000e+00	26
877	1.000000000000000e+00	6
878	1.000000000000000e+00	10
879	1.000000000000000e+00	24
880	1.000000000000000e+00	6
881	1.000000000000000e+00	12
882	1.000000000000000e+00	2
883	1.000000000000000e+00	34
884	1.000000000000000e+00	6
885	1.000000000000000e+00	4
886	1.000000000000000e+00	18
887	1.000000000000000e+00	8
888	1.000000000000000e+00	18
889	1.000000000000000e+00	4
890	1.000000000000000e+00	10
891	1.000000000000000e+00	14
892	1.000000000000000e+00	16
893	1.000000000000000e+00	6
894	1.000000000000000e+00	4
895	1.000000000000000e+00	10
896	1.000000000000000e+00	48
897	1.000000000000000e+00	8
898	1.000000000000000e+00	2
899	1.000000000000000e+00	6
900	1.000000000000000e+00	14
901	1.000000000000000e+00	8
902	1.000000000000000e+00	8
903	1.000000000000000e+00	6
904	1.000000000000000e+00	24
905	1.000000000000000e+00	8
906	1.000000000000000e+00	8
907	1.000000000000000e+00	4
908	1.000000000000000e+00	18
909	1.000000000000000e+00	12
910	1.000000000000000e+00	16
911	1.000000000000000e+00	14
912	1.000000000000000e+00	14
913	1.000000000000000e+00	14
914	1.000000000000000e+00	4
915	1.000000000000000e+00	12
916	1.000000000000000e+00	8
917	1.000000000000000e+00	6
918	1.000000000000000e+00	14
919	1.000000000000000e+00	16
920	1.000000000000000e+00	8
921	1.000000000000000e+00	24
922	1.000000000000000e+00	24
923	1.000000000000000e+00	2
924	1.000000000000000e+00	4
925	1.000000000000000e+00	12
926	1.000000000000000e+00	22
927	1.000000000000000e+00	6
928	1.000000000000000e+00	14
929	1.000000000000000e+00	16
930	1.000000000000000e+00	4
931	1.000000000000000e+00	12
932	1.000000000000000e+00	8
933	1.000000000000000e+00	24
934	1.000000000000000e+00	14
935	1.000000000000000e+00	2
936	1.000000000000000e+00	4
937	1.000000000000000e+00	30
938	1.000000000000000e+00	20
939	1.000000000000000e+00	2
940	1.000000000000000e+00	12
941	1.000000000000000e+00	14
942	1.000000000000000e+00	4
943	1.000000000000000e+00	14
944	1.000000000000000e+00	4
945	1.000000000000000e+00	6
946	1.000000000000000e+00	6
947	1.000000000000000e+00	42
948	1.000000000000000e+00	4
949	1.000000000000000e+00	8
950	1.000000000000000e+00	8
951	1.000000000000000e+00	10
952	1.000000000000000e+00	6
953	1.000000000000000e+00	6
954	1.000000000000000e+00	16
955	1.000000000000000e+00	14
956	1.000000000000000e+00	2
957	1.000000000000000e+00	10
958	1.000000000000000e+00	6
959	1.000000000000000e+00	18
960	1.000000000000000e+00	12
961	1.000000000000000e+00	22
962	1.000000000000000e+00	12
963	1.000000000000000e+00	16
964	1.000000000000000e+00	18
965	1.000000000000000e+00	4
966	1.000000000000000e+00	6
967	1.000000000000000e+00	12
968	1.000000000000000e+00	14
969	1.000000000000000e+00	10
970	1.000000000000000e+00	6
971	1.000000000000000e+00	8
972	1.000000000000000e+00	12
973	1.000000000000000e+00	6
974	1.000000000000000e+00	10
975	1.000000000000000e+00	6
976	1.000000000000000e+00	2
977	1.000000000000000e+00	8
978	1.000000000000000e+00	8
979	1.000000000000000e+00	4
980	1.000000000000000e+00	6
981	1.000000000000000e+00	20
982	1.000000000000000e+00	12
983	1.000000000000000e+00	24
984	1.000000000000000e+00	4
985	1.000000000000000e+00	18
986	1.000000000000000e+00	8
987	1.000000000000000e+00	26
988	1.000000000000000e+00	2
989	1.000000000000000e+00	2
990	1.000000000000000e+00	26
991	1.000000000000000e+00	16
992	1.000000000000000e+00	10
993	1.000000000000000e+00	2
994	1.000000000000000e+00	2
995	1.000000000000000e+00	8
996	1.000000000000000e+00	16
997	1.000000000000000e+00	10
998	1.000000000000000e+00	24
999	1.000000000000000e+00	10
1000	1.000000000000000e+00	14


Tempo gasto: 9.773225
