Método usado: LUUS JAAKOLA

POSIÇÃO	ÁREA(mm²)	CUSTO

1	1.000000000000000e+00	24
2	1.000000000000000e+00	2
3	1.000000000000000e+00	10
4	1.000000000000000e+00	2
5	1.000000000000000e+00	4
6	1.000000000000000e+00	24
7	1.000000000000000e+00	52
8	1.000000000000000e+00	4
9	1.000000000000000e+00	2
10	1.000000000000000e+00	4
11	1.000000000000000e+00	8
12	1.000000000000000e+00	2
13	1.000000000000000e+00	18
14	1.000000000000000e+00	8
15	1.000000000000000e+00	28
16	1.000000000000000e+00	16
17	1.000000000000000e+00	2
18	1.000000000000000e+00	14
19	1.000000000000000e+00	4
20	1.000000000000000e+00	18
21	1.000000000000000e+00	18
22	1.000000000000000e+00	32
23	1.000000000000000e+00	20
24	1.000000000000000e+00	2
25	1.000000000000000e+00	6
26	1.000000000000000e+00	6
27	1.000000000000000e+00	6
28	1.000000000000000e+00	40
29	1.000000000000000e+00	28
30	1.000000000000000e+00	14
31	1.000000000000000e+00	18
32	1.000000000000000e+00	8
33	1.000000000000000e+00	8
34	1.000000000000000e+00	36
35	1.000000000000000e+00	6
36	1.000000000000000e+00	8
37	1.000000000000000e+00	22
38	1.000000000000000e+00	22
39	1.000000000000000e+00	8
40	1.000000000000000e+00	2
41	1.000000000000000e+00	2
42	1.000000000000000e+00	8
43	1.000000000000000e+00	14
44	1.000000000000000e+00	6
45	1.000000000000000e+00	26
46	1.000000000000000e+00	4
47	1.000000000000000e+00	14
48	1.000000000000000e+00	8
49	1.000000000000000e+00	20
50	1.000000000000000e+00	10
51	1.000000000000000e+00	24
52	1.000000000000000e+00	12
53	1.000000000000000e+00	6
54	1.000000000000000e+00	14
55	1.000000000000000e+00	52
56	1.000000000000000e+00	4
57	1.000000000000000e+00	2
58	1.000000000000000e+00	6
59	1.000000000000000e+00	20
60	1.000000000000000e+00	10
61	1.000000000000000e+00	2
62	1.000000000000000e+00	14
63	1.000000000000000e+00	14
64	1.000000000000000e+00	78
65	1.000000000000000e+00	30
66	1.000000000000000e+00	10
67	1.000000000000000e+00	2
68	1.000000000000000e+00	2
69	1.000000000000000e+00	18
70	1.000000000000000e+00	32
71	1.000000000000000e+00	28
72	1.000000000000000e+00	2
73	1.000000000000000e+00	14
74	1.000000000000000e+00	6
75	1.000000000000000e+00	12
76	1.000000000000000e+00	2
77	1.000000000000000e+00	16
78	1.000000000000000e+00	6
79	1.000000000000000e+00	28
80	1.000000000000000e+00	4
81	1.000000000000000e+00	18
82	1.000000000000000e+00	4
83	1.000000000000000e+00	2
84	1.000000000000000e+00	4
85	1.000000000000000e+00	8
86	1.000000000000000e+00	8
87	1.000000000000000e+00	14
88	1.000000000000000e+00	8
89	1.000000000000000e+00	8
90	1.000000000000000e+00	8
91	1.000000000000000e+00	4
92	1.000000000000000e+00	4
93	1.000000000000000e+00	2
94	1.000000000000000e+00	14
95	1.000000000000000e+00	8
96	1.000000000000000e+00	16
97	1.000000000000000e+00	8
98	1.000000000000000e+00	4
99	1.000000000000000e+00	8
100	1.000000000000000e+00	14
101	1.000000000000000e+00	24
102	1.000000000000000e+00	6
103	1.000000000000000e+00	8
104	1.000000000000000e+00	10
105	1.000000000000000e+00	4
106	1.000000000000000e+00	4
107	1.000000000000000e+00	30
108	1.000000000000000e+00	34
109	1.000000000000000e+00	20
110	1.000000000000000e+00	4
111	1.000000000000000e+00	8
112	1.000000000000000e+00	4
113	1.000000000000000e+00	10
114	1.000000000000000e+00	20
115	1.000000000000000e+00	12
116	1.000000000000000e+00	26
117	1.000000000000000e+00	10
118	1.000000000000000e+00	4
119	1.000000000000000e+00	2
120	1.000000000000000e+00	22
121	1.000000000000000e+00	10
122	1.000000000000000e+00	10
123	1.000000000000000e+00	20
124	1.000000000000000e+00	6
125	1.000000000000000e+00	10
126	1.000000000000000e+00	14
127	1.000000000000000e+00	18
128	1.000000000000000e+00	20
129	1.000000000000000e+00	12
130	1.000000000000000e+00	14
131	1.000000000000000e+00	18
132	1.000000000000000e+00	6
133	1.000000000000000e+00	2
134	1.000000000000000e+00	22
135	1.000000000000000e+00	14
136	1.000000000000000e+00	2
137	1.000000000000000e+00	10
138	1.000000000000000e+00	16
139	1.000000000000000e+00	12
140	1.000000000000000e+00	16
141	1.000000000000000e+00	8
142	1.000000000000000e+00	8
143	1.000000000000000e+00	4
144	1.000000000000000e+00	8
145	1.000000000000000e+00	6
146	1.000000000000000e+00	14
147	1.000000000000000e+00	2
148	1.000000000000000e+00	12
149	1.000000000000000e+00	10
150	1.000000000000000e+00	14
151	1.000000000000000e+00	4
152	1.000000000000000e+00	28
153	1.000000000000000e+00	6
154	1.000000000000000e+00	10
155	1.000000000000000e+00	8
156	1.000000000000000e+00	22
157	1.000000000000000e+00	14
158	1.000000000000000e+00	26
159	1.000000000000000e+00	16
160	1.000000000000000e+00	14
161	1.000000000000000e+00	10
162	1.000000000000000e+00	16
163	1.000000000000000e+00	24
164	1.000000000000000e+00	18
165	1.000000000000000e+00	8
166	1.000000000000000e+00	18
167	1.000000000000000e+00	6
168	1.000000000000000e+00	8
169	1.000000000000000e+00	10
170	1.000000000000000e+00	8
171	1.000000000000000e+00	34
172	1.000000000000000e+00	4
173	1.000000000000000e+00	26
174	1.000000000000000e+00	8
175	1.000000000000000e+00	6
176	1.000000000000000e+00	26
177	1.000000000000000e+00	12
178	1.000000000000000e+00	2
179	1.000000000000000e+00	10
180	1.000000000000000e+00	18
181	1.000000000000000e+00	4
182	1.000000000000000e+00	10
183	1.000000000000000e+00	28
184	1.000000000000000e+00	2
185	1.000000000000000e+00	2
186	1.000000000000000e+00	16
187	1.000000000000000e+00	10
188	1.000000000000000e+00	18
189	1.000000000000000e+00	4
190	1.000000000000000e+00	6
191	1.000000000000000e+00	8
192	1.000000000000000e+00	4
193	1.000000000000000e+00	18
194	1.000000000000000e+00	20
195	1.000000000000000e+00	10
196	1.000000000000000e+00	16
197	1.000000000000000e+00	2
198	1.000000000000000e+00	12
199	1.000000000000000e+00	8
200	1.000000000000000e+00	2
201	1.000000000000000e+00	22
202	1.000000000000000e+00	18
203	1.000000000000000e+00	4
204	1.000000000000000e+00	10
205	1.000000000000000e+00	10
206	1.000000000000000e+00	6
207	1.000000000000000e+00	6
208	1.000000000000000e+00	14
209	1.000000000000000e+00	8
210	1.000000000000000e+00	10
211	1.000000000000000e+00	6
212	1.000000000000000e+00	6
213	1.000000000000000e+00	16
214	1.000000000000000e+00	14
215	1.000000000000000e+00	10
216	1.000000000000000e+00	2
217	1.000000000000000e+00	2
218	1.000000000000000e+00	2
219	1.000000000000000e+00	8
220	1.000000000000000e+00	12
221	1.000000000000000e+00	2
222	1.000000000000000e+00	8
223	1.000000000000000e+00	26
224	1.000000000000000e+00	12
225	1.000000000000000e+00	2
226	1.000000000000000e+00	2
227	1.000000000000000e+00	6
228	1.000000000000000e+00	10
229	1.000000000000000e+00	38
230	1.000000000000000e+00	2
231	1.000000000000000e+00	14
232	1.000000000000000e+00	8
233	1.000000000000000e+00	10
234	1.000000000000000e+00	6
235	1.000000000000000e+00	16
236	1.000000000000000e+00	6
237	1.000000000000000e+00	4
238	1.000000000000000e+00	4
239	1.000000000000000e+00	10
240	1.000000000000000e+00	14
241	1.000000000000000e+00	6
242	1.000000000000000e+00	14
243	1.000000000000000e+00	8
244	1.000000000000000e+00	4
245	1.000000000000000e+00	4
246	1.000000000000000e+00	16
247	1.000000000000000e+00	12
248	1.000000000000000e+00	16
249	1.000000000000000e+00	10
250	1.000000000000000e+00	10
251	1.000000000000000e+00	58
252	1.000000000000000e+00	18
253	1.000000000000000e+00	6
254	1.000000000000000e+00	2
255	1.000000000000000e+00	20
256	1.000000000000000e+00	22
257	1.000000000000000e+00	14
258	1.000000000000000e+00	2
259	1.000000000000000e+00	30
260	1.000000000000000e+00	6
261	1.000000000000000e+00	18
262	1.000000000000000e+00	30
263	1.000000000000000e+00	62
264	1.000000000000000e+00	20
265	1.000000000000000e+00	10
266	1.000000000000000e+00	8
267	1.000000000000000e+00	14
268	1.000000000000000e+00	14
269	1.000000000000000e+00	4
270	1.000000000000000e+00	18
271	1.000000000000000e+00	24
272	1.000000000000000e+00	2
273	1.000000000000000e+00	18
274	1.000000000000000e+00	6
275	1.000000000000000e+00	16
276	1.000000000000000e+00	6
277	1.000000000000000e+00	8
278	1.000000000000000e+00	6
279	1.000000000000000e+00	2
280	1.000000000000000e+00	16
281	1.000000000000000e+00	22
282	1.000000000000000e+00	4
283	1.000000000000000e+00	2
284	1.000000000000000e+00	16
285	1.000000000000000e+00	30
286	1.000000000000000e+00	16
287	1.000000000000000e+00	30
288	1.000000000000000e+00	16
289	1.000000000000000e+00	4
290	1.000000000000000e+00	6
291	1.000000000000000e+00	24
292	1.000000000000000e+00	4
293	1.000000000000000e+00	2
294	1.000000000000000e+00	28
295	1.000000000000000e+00	8
296	1.000000000000000e+00	2
297	1.000000000000000e+00	12
298	1.000000000000000e+00	2
299	1.000000000000000e+00	10
300	1.000000000000000e+00	10
301	1.000000000000000e+00	4
302	1.000000000000000e+00	36
303	1.000000000000000e+00	6
304	1.000000000000000e+00	10
305	1.000000000000000e+00	12
306	1.000000000000000e+00	16
307	1.000000000000000e+00	4
308	1.000000000000000e+00	14
309	1.000000000000000e+00	14
310	1.000000000000000e+00	6
311	1.000000000000000e+00	4
312	1.000000000000000e+00	4
313	1.000000000000000e+00	20
314	1.000000000000000e+00	4
315	1.000000000000000e+00	2
316	1.000000000000000e+00	4
317	1.000000000000000e+00	2
318	1.000000000000000e+00	14
319	1.000000000000000e+00	20
320	1.000000000000000e+00	22
321	1.000000000000000e+00	10
322	1.000000000000000e+00	2
323	1.000000000000000e+00	20
324	1.000000000000000e+00	16
325	1.000000000000000e+00	2
326	1.000000000000000e+00	4
327	1.000000000000000e+00	16
328	1.000000000000000e+00	4
329	1.000000000000000e+00	8
330	1.000000000000000e+00	22
331	1.000000000000000e+00	6
332	1.000000000000000e+00	2
333	1.000000000000000e+00	20
334	1.000000000000000e+00	28
335	1.000000000000000e+00	16
336	1.000000000000000e+00	8
337	1.000000000000000e+00	4
338	1.000000000000000e+00	2
339	1.000000000000000e+00	20
340	1.000000000000000e+00	8
341	1.000000000000000e+00	12
342	1.000000000000000e+00	6
343	1.000000000000000e+00	10
344	1.000000000000000e+00	16
345	1.000000000000000e+00	10
346	1.000000000000000e+00	2
347	1.000000000000000e+00	18
348	1.000000000000000e+00	2
349	1.000000000000000e+00	28
350	1.000000000000000e+00	4
351	1.000000000000000e+00	38
352	1.000000000000000e+00	4
353	1.000000000000000e+00	6
354	1.000000000000000e+00	4
355	1.000000000000000e+00	10
356	1.000000000000000e+00	6
357	1.000000000000000e+00	4
358	1.000000000000000e+00	26
359	1.000000000000000e+00	6
360	1.000000000000000e+00	4
361	1.000000000000000e+00	16
362	1.000000000000000e+00	6
363	1.000000000000000e+00	28
364	1.000000000000000e+00	16
365	1.000000000000000e+00	8
366	1.000000000000000e+00	8
367	1.000000000000000e+00	4
368	1.000000000000000e+00	6
369	1.000000000000000e+00	14
370	1.000000000000000e+00	12
371	1.000000000000000e+00	24
372	1.000000000000000e+00	16
373	1.000000000000000e+00	10
374	1.000000000000000e+00	14
375	1.000000000000000e+00	22
376	1.000000000000000e+00	14
377	1.000000000000000e+00	4
378	1.000000000000000e+00	32
379	1.000000000000000e+00	8
380	1.000000000000000e+00	6
381	1.000000000000000e+00	6
382	1.000000000000000e+00	22
383	1.000000000000000e+00	4
384	1.000000000000000e+00	14
385	1.000000000000000e+00	10
386	1.000000000000000e+00	16
387	1.000000000000000e+00	4
388	1.000000000000000e+00	2
389	1.000000000000000e+00	4
390	1.000000000000000e+00	2
391	1.000000000000000e+00	4
392	1.000000000000000e+00	18
393	1.000000000000000e+00	32
394	1.000000000000000e+00	26
395	1.000000000000000e+00	20
396	1.000000000000000e+00	10
397	1.000000000000000e+00	6
398	1.000000000000000e+00	6
399	1.000000000000000e+00	22
400	1.000000000000000e+00	2
401	1.000000000000000e+00	18
402	1.000000000000000e+00	30
403	1.000000000000000e+00	10
404	1.000000000000000e+00	12
405	1.000000000000000e+00	40
406	1.000000000000000e+00	2
407	1.000000000000000e+00	8
408	1.000000000000000e+00	10
409	1.000000000000000e+00	12
410	1.000000000000000e+00	10
411	1.000000000000000e+00	6
412	1.000000000000000e+00	10
413	1.000000000000000e+00	4
414	1.000000000000000e+00	36
415	1.000000000000000e+00	6
416	1.000000000000000e+00	8
417	1.000000000000000e+00	4
418	1.000000000000000e+00	2
419	1.000000000000000e+00	12
420	1.000000000000000e+00	20
421	1.000000000000000e+00	28
422	1.000000000000000e+00	18
423	1.000000000000000e+00	36
424	1.000000000000000e+00	10
425	1.000000000000000e+00	12
426	1.000000000000000e+00	10
427	1.000000000000000e+00	8
428	1.000000000000000e+00	4
429	1.000000000000000e+00	20
430	1.000000000000000e+00	28
431	1.000000000000000e+00	6
432	1.000000000000000e+00	2
433	1.000000000000000e+00	4
434	1.000000000000000e+00	22
435	1.000000000000000e+00	10
436	1.000000000000000e+00	2
437	1.000000000000000e+00	12
438	1.000000000000000e+00	4
439	1.000000000000000e+00	22
440	1.000000000000000e+00	8
441	1.000000000000000e+00	2
442	1.000000000000000e+00	6
443	1.000000000000000e+00	28
444	1.000000000000000e+00	50
445	1.000000000000000e+00	2
446	1.000000000000000e+00	22
447	1.000000000000000e+00	10
448	1.000000000000000e+00	6
449	1.000000000000000e+00	24
450	1.000000000000000e+00	8
451	1.000000000000000e+00	22
452	1.000000000000000e+00	22
453	1.000000000000000e+00	14
454	1.000000000000000e+00	14
455	1.000000000000000e+00	14
456	1.000000000000000e+00	14
457	1.000000000000000e+00	10
458	1.000000000000000e+00	16
459	1.000000000000000e+00	2
460	1.000000000000000e+00	6
461	1.000000000000000e+00	26
462	1.000000000000000e+00	14
463	1.000000000000000e+00	28
464	1.000000000000000e+00	22
465	1.000000000000000e+00	26
466	1.000000000000000e+00	2
467	1.000000000000000e+00	4
468	1.000000000000000e+00	26
469	1.000000000000000e+00	4
470	1.000000000000000e+00	6
471	1.000000000000000e+00	10
472	1.000000000000000e+00	6
473	1.000000000000000e+00	10
474	1.000000000000000e+00	18
475	1.000000000000000e+00	32
476	1.000000000000000e+00	4
477	1.000000000000000e+00	18
478	1.000000000000000e+00	28
479	1.000000000000000e+00	10
480	1.000000000000000e+00	2
481	1.000000000000000e+00	12
482	1.000000000000000e+00	36
483	1.000000000000000e+00	22
484	1.000000000000000e+00	6
485	1.000000000000000e+00	16
486	1.000000000000000e+00	26
487	1.000000000000000e+00	40
488	1.000000000000000e+00	20
489	1.000000000000000e+00	6
490	1.000000000000000e+00	14
491	9.589999998914903e-01	694
492	8.999999999535694e-01	744
493	8.489999998190695e-01	766
494	7.999999999439745e-01	686
495	7.500000000312895e-01	748
496	7.000000000240040e-01	654
497	6.500000000197541e-01	804
498	6.000000000059849e-01	776
499	5.499999999241110e-01	722
500	4.999999999611059e-01	734
501	5.500000000365685e-01	798
502	6.000000000964485e-01	784
503	6.500000002106953e-01	744
504	7.000000002316124e-01	738
505	7.500000001634847e-01	714
506	8.000000001026302e-01	720
507	8.500000001152764e-01	684
508	9.000000001558678e-01	688
509	9.500000003316316e-01	752
510	9.000000003650093e-01	722
511	8.500000002411642e-01	754
512	8.000000001050042e-01	714
513	7.500000001946050e-01	724
514	8.000000003622130e-01	770
515	8.500000003476902e-01	680
516	9.000000003322487e-01	734
517	9.500000003970152e-01	692
518	1.000000000000000e+00	1000
519	1.000000000000000e+00	8
520	1.000000000000000e+00	2
521	1.000000000000000e+00	32
522	1.000000000000000e+00	4
523	1.000000000000000e+00	6
524	1.000000000000000e+00	16
525	1.000000000000000e+00	8
526	1.000000000000000e+00	10
527	1.000000000000000e+00	34
528	1.000000000000000e+00	6
529	1.000000000000000e+00	22
530	1.000000000000000e+00	2
531	1.000000000000000e+00	26
532	1.000000000000000e+00	22
533	1.000000000000000e+00	12
534	1.000000000000000e+00	10
535	1.000000000000000e+00	6
536	1.000000000000000e+00	2
537	1.000000000000000e+00	22
538	1.000000000000000e+00	4
539	1.000000000000000e+00	10
540	1.000000000000000e+00	4
541	1.000000000000000e+00	2
542	1.000000000000000e+00	4
543	1.000000000000000e+00	12
544	1.000000000000000e+00	20
545	1.000000000000000e+00	16
546	1.000000000000000e+00	34
547	1.000000000000000e+00	4
548	1.000000000000000e+00	6
549	1.000000000000000e+00	4
550	1.000000000000000e+00	2
551	1.000000000000000e+00	2
552	1.000000000000000e+00	10
553	1.000000000000000e+00	16
554	1.000000000000000e+00	6
555	1.000000000000000e+00	6
556	1.000000000000000e+00	6
557	1.000000000000000e+00	18
558	1.000000000000000e+00	14
559	1.000000000000000e+00	10
560	1.000000000000000e+00	4
561	1.000000000000000e+00	22
562	1.000000000000000e+00	10
563	1.000000000000000e+00	2
564	1.000000000000000e+00	6
565	1.000000000000000e+00	10
566	1.000000000000000e+00	32
567	1.000000000000000e+00	4
568	1.000000000000000e+00	2
569	1.000000000000000e+00	18
570	1.000000000000000e+00	8
571	1.000000000000000e+00	6
572	1.000000000000000e+00	2
573	1.000000000000000e+00	8
574	1.000000000000000e+00	20
575	1.000000000000000e+00	2
576	1.000000000000000e+00	40
577	1.000000000000000e+00	8
578	1.000000000000000e+00	8
579	1.000000000000000e+00	8
580	1.000000000000000e+00	8
581	1.000000000000000e+00	26
582	1.000000000000000e+00	14
583	1.000000000000000e+00	8
584	1.000000000000000e+00	2
585	1.000000000000000e+00	2
586	1.000000000000000e+00	16
587	1.000000000000000e+00	6
588	1.000000000000000e+00	2
589	1.000000000000000e+00	14
590	1.000000000000000e+00	18
591	1.000000000000000e+00	12
592	1.000000000000000e+00	4
593	1.000000000000000e+00	16
594	1.000000000000000e+00	2
595	1.000000000000000e+00	4
596	1.000000000000000e+00	20
597	1.000000000000000e+00	8
598	1.000000000000000e+00	6
599	1.000000000000000e+00	14
600	1.000000000000000e+00	10
601	1.000000000000000e+00	12
602	1.000000000000000e+00	4
603	1.000000000000000e+00	4
604	1.000000000000000e+00	26
605	1.000000000000000e+00	4
606	1.000000000000000e+00	8
607	1.000000000000000e+00	28
608	1.000000000000000e+00	10
609	1.000000000000000e+00	18
610	1.000000000000000e+00	10
611	1.000000000000000e+00	16
612	1.000000000000000e+00	6
613	1.000000000000000e+00	8
614	1.000000000000000e+00	8
615	1.000000000000000e+00	12
616	1.000000000000000e+00	16
617	1.000000000000000e+00	20
618	1.000000000000000e+00	16
619	1.000000000000000e+00	2
620	1.000000000000000e+00	16
621	1.000000000000000e+00	6
622	1.000000000000000e+00	10
623	1.000000000000000e+00	8
624	1.000000000000000e+00	6
625	1.000000000000000e+00	4
626	1.000000000000000e+00	18
627	1.000000000000000e+00	34
628	1.000000000000000e+00	24
629	1.000000000000000e+00	22
630	1.000000000000000e+00	30
631	1.000000000000000e+00	6
632	1.000000000000000e+00	6
633	1.000000000000000e+00	38
634	1.000000000000000e+00	8
635	1.000000000000000e+00	12
636	1.000000000000000e+00	4
637	1.000000000000000e+00	6
638	1.000000000000000e+00	8
639	1.000000000000000e+00	12
640	1.000000000000000e+00	10
641	1.000000000000000e+00	8
642	1.000000000000000e+00	20
643	1.000000000000000e+00	34
644	1.000000000000000e+00	30
645	1.000000000000000e+00	12
646	1.000000000000000e+00	20
647	1.000000000000000e+00	24
648	1.000000000000000e+00	26
649	1.000000000000000e+00	12
650	1.000000000000000e+00	4
651	1.000000000000000e+00	6
652	1.000000000000000e+00	4
653	1.000000000000000e+00	8
654	1.000000000000000e+00	2
655	1.000000000000000e+00	20
656	1.000000000000000e+00	20
657	1.000000000000000e+00	16
658	1.000000000000000e+00	16
659	1.000000000000000e+00	6
660	1.000000000000000e+00	10
661	1.000000000000000e+00	10
662	1.000000000000000e+00	10
663	1.000000000000000e+00	14
664	1.000000000000000e+00	18
665	1.000000000000000e+00	28
666	1.000000000000000e+00	8
667	1.000000000000000e+00	2
668	1.000000000000000e+00	4
669	1.000000000000000e+00	8
670	1.000000000000000e+00	16
671	1.000000000000000e+00	14
672	1.000000000000000e+00	22
673	1.000000000000000e+00	2
674	1.000000000000000e+00	14
675	1.000000000000000e+00	4
676	1.000000000000000e+00	12
677	1.000000000000000e+00	24
678	1.000000000000000e+00	8
679	1.000000000000000e+00	12
680	1.000000000000000e+00	2
681	1.000000000000000e+00	4
682	1.000000000000000e+00	8
683	1.000000000000000e+00	10
684	1.000000000000000e+00	2
685	1.000000000000000e+00	2
686	1.000000000000000e+00	2
687	1.000000000000000e+00	8
688	1.000000000000000e+00	2
689	1.000000000000000e+00	20
690	1.000000000000000e+00	6
691	1.000000000000000e+00	8
692	1.000000000000000e+00	10
693	1.000000000000000e+00	2
694	1.000000000000000e+00	4
695	1.000000000000000e+00	16
696	1.000000000000000e+00	8
697	1.000000000000000e+00	14
698	1.000000000000000e+00	10
699	1.000000000000000e+00	20
700	1.000000000000000e+00	10
701	1.000000000000000e+00	8
702	1.000000000000000e+00	12
703	1.000000000000000e+00	4
704	1.000000000000000e+00	6
705	1.000000000000000e+00	2
706	1.000000000000000e+00	8
707	1.000000000000000e+00	6
708	1.000000000000000e+00	14
709	1.000000000000000e+00	6
710	1.000000000000000e+00	2
711	1.000000000000000e+00	8
712	1.000000000000000e+00	12
713	1.000000000000000e+00	12
714	1.000000000000000e+00	6
715	1.000000000000000e+00	32
716	1.000000000000000e+00	10
717	1.000000000000000e+00	12
718	1.000000000000000e+00	6
719	1.000000000000000e+00	10
720	1.000000000000000e+00	20
721	1.000000000000000e+00	4
722	1.000000000000000e+00	6
723	1.000000000000000e+00	2
724	1.000000000000000e+00	4
725	1.000000000000000e+00	4
726	1.000000000000000e+00	36
727	1.000000000000000e+00	28
728	1.000000000000000e+00	4
729	1.000000000000000e+00	12
730	1.000000000000000e+00	20
731	1.000000000000000e+00	26
732	1.000000000000000e+00	18
733	1.000000000000000e+00	14
734	1.000000000000000e+00	16
735	1.000000000000000e+00	4
736	1.000000000000000e+00	16
737	1.000000000000000e+00	2
738	1.000000000000000e+00	14
739	1.000000000000000e+00	4
740	1.000000000000000e+00	20
741	1.000000000000000e+00	2
742	1.000000000000000e+00	6
743	1.000000000000000e+00	14
744	1.000000000000000e+00	4
745	1.000000000000000e+00	22
746	1.000000000000000e+00	6
747	1.000000000000000e+00	2
748	1.000000000000000e+00	6
749	1.000000000000000e+00	8
750	1.000000000000000e+00	8
751	1.000000000000000e+00	12
752	1.000000000000000e+00	20
753	1.000000000000000e+00	6
754	1.000000000000000e+00	12
755	1.000000000000000e+00	34
756	1.000000000000000e+00	18
757	1.000000000000000e+00	2
758	1.000000000000000e+00	2
759	1.000000000000000e+00	6
760	1.000000000000000e+00	4
761	1.000000000000000e+00	38
762	1.000000000000000e+00	4
763	1.000000000000000e+00	14
764	1.000000000000000e+00	36
765	1.000000000000000e+00	18
766	1.000000000000000e+00	8
767	1.000000000000000e+00	4
768	1.000000000000000e+00	8
769	1.000000000000000e+00	12
770	1.000000000000000e+00	6
771	1.000000000000000e+00	30
772	1.000000000000000e+00	10
773	1.000000000000000e+00	14
774	1.000000000000000e+00	20
775	1.000000000000000e+00	16
776	1.000000000000000e+00	4
777	1.000000000000000e+00	16
778	1.000000000000000e+00	18
779	1.000000000000000e+00	20
780	1.000000000000000e+00	6
781	1.000000000000000e+00	14
782	1.000000000000000e+00	28
783	1.000000000000000e+00	8
784	1.000000000000000e+00	50
785	1.000000000000000e+00	2
786	1.000000000000000e+00	6
787	1.000000000000000e+00	18
788	1.000000000000000e+00	2
789	1.000000000000000e+00	6
790	1.000000000000000e+00	22
791	1.000000000000000e+00	14
792	1.000000000000000e+00	6
793	1.000000000000000e+00	18
794	1.000000000000000e+00	14
795	1.000000000000000e+00	10
796	1.000000000000000e+00	14
797	1.000000000000000e+00	10
798	1.000000000000000e+00	22
799	1.000000000000000e+00	4
800	1.000000000000000e+00	2
801	1.000000000000000e+00	2
802	1.000000000000000e+00	20
803	1.000000000000000e+00	18
804	1.000000000000000e+00	4
805	1.000000000000000e+00	6
806	1.000000000000000e+00	24
807	1.000000000000000e+00	10
808	1.000000000000000e+00	4
809	1.000000000000000e+00	4
810	1.000000000000000e+00	4
811	1.000000000000000e+00	40
812	1.000000000000000e+00	18
813	1.000000000000000e+00	12
814	1.000000000000000e+00	24
815	1.000000000000000e+00	8
816	1.000000000000000e+00	18
817	1.000000000000000e+00	8
818	1.000000000000000e+00	14
819	1.000000000000000e+00	2
820	1.000000000000000e+00	2
821	1.000000000000000e+00	12
822	1.000000000000000e+00	6
823	1.000000000000000e+00	6
824	1.000000000000000e+00	8
825	1.000000000000000e+00	4
826	1.000000000000000e+00	20
827	1.000000000000000e+00	8
828	1.000000000000000e+00	18
829	1.000000000000000e+00	12
830	1.000000000000000e+00	4
831	1.000000000000000e+00	4
832	1.000000000000000e+00	4
833	1.000000000000000e+00	6
834	1.000000000000000e+00	28
835	1.000000000000000e+00	2
836	1.000000000000000e+00	2
837	1.000000000000000e+00	16
838	1.000000000000000e+00	18
839	1.000000000000000e+00	10
840	1.000000000000000e+00	12
841	1.000000000000000e+00	2
842	1.000000000000000e+00	6
843	1.000000000000000e+00	4
844	1.000000000000000e+00	14
845	1.000000000000000e+00	12
846	1.000000000000000e+00	14
847	1.000000000000000e+00	2
848	1.000000000000000e+00	24
849	1.000000000000000e+00	18
850	1.000000000000000e+00	4
851	1.000000000000000e+00	10
852	1.000000000000000e+00	2
853	1.000000000000000e+00	16
854	1.000000000000000e+00	6
855	1.000000000000000e+00	14
856	1.000000000000000e+00	20
857	1.000000000000000e+00	4
858	1.000000000000000e+00	16
859	1.000000000000000e+00	28
860	1.000000000000000e+00	22
861	1.000000000000000e+00	6
862	1.000000000000000e+00	14
863	1.000000000000000e+00	30
864	1.000000000000000e+00	8
865	1.000000000000000e+00	26
866	1.000000000000000e+00	8
867	1.000000000000000e+00	18
868	1.000000000000000e+00	14
869	1.000000000000000e+00	14
870	1.000000000000000e+00	12
871	1.000000000000000e+00	4
872	1.000000000000000e+00	8
873	1.000000000000000e+00	2
874	1.000000000000000e+00	6
875	1.000000000000000e+00	28
876	1.000000000000000e+00	10
877	1.000000000000000e+00	12
878	1.000000000000000e+00	18
879	1.000000000000000e+00	4
880	1.000000000000000e+00	14
881	1.000000000000000e+00	30
882	1.000000000000000e+00	10
883	1.000000000000000e+00	12
884	1.000000000000000e+00	6
885	1.000000000000000e+00	6
886	1.000000000000000e+00	2
887	1.000000000000000e+00	6
888	1.000000000000000e+00	34
889	1.000000000000000e+00	12
890	1.000000000000000e+00	38
891	1.000000000000000e+00	2
892	1.000000000000000e+00	16
893	1.000000000000000e+00	2
894	1.000000000000000e+00	20
895	1.000000000000000e+00	10
896	1.000000000000000e+00	4
897	1.000000000000000e+00	8
898	1.000000000000000e+00	32
899	1.000000000000000e+00	36
900	1.000000000000000e+00	2
901	1.000000000000000e+00	20
902	1.000000000000000e+00	28
903	1.000000000000000e+00	4
904	1.000000000000000e+00	14
905	1.000000000000000e+00	6
906	1.000000000000000e+00	24
907	1.000000000000000e+00	12
908	1.000000000000000e+00	2
909	1.000000000000000e+00	8
910	1.000000000000000e+00	8
911	1.000000000000000e+00	22
912	1.000000000000000e+00	2
913	1.000000000000000e+00	2
914	1.000000000000000e+00	14
915	1.000000000000000e+00	4
916	1.000000000000000e+00	10
917	1.000000000000000e+00	16
918	1.000000000000000e+00	24
919	1.000000000000000e+00	24
920	1.000000000000000e+00	14
921	1.000000000000000e+00	12
922	1.000000000000000e+00	8
923	1.000000000000000e+00	34
924	1.000000000000000e+00	10
925	1.000000000000000e+00	8
926	1.000000000000000e+00	18
927	1.000000000000000e+00	2
928	1.000000000000000e+00	2
929	1.000000000000000e+00	14
930	1.000000000000000e+00	14
931	1.000000000000000e+00	28
932	1.000000000000000e+00	6
933	1.000000000000000e+00	10
934	1.000000000000000e+00	30
935	1.000000000000000e+00	10
936	1.000000000000000e+00	12
937	1.000000000000000e+00	74
938	1.000000000000000e+00	14
939	1.000000000000000e+00	6
940	1.000000000000000e+00	14
941	1.000000000000000e+00	12
942	1.000000000000000e+00	8
943	1.000000000000000e+00	4
944	1.000000000000000e+00	16
945	1.000000000000000e+00	20
946	1.000000000000000e+00	24
947	1.000000000000000e+00	2
948	1.000000000000000e+00	28
949	1.000000000000000e+00	16
950	1.000000000000000e+00	2
951	1.000000000000000e+00	4
952	1.000000000000000e+00	6
953	1.000000000000000e+00	16
954	1.000000000000000e+00	16
955	1.000000000000000e+00	8
956	1.000000000000000e+00	12
957	1.000000000000000e+00	18
958	1.000000000000000e+00	10
959	1.000000000000000e+00	8
960	1.000000000000000e+00	4
961	1.000000000000000e+00	4
962	1.000000000000000e+00	10
963	1.000000000000000e+00	2
964	1.000000000000000e+00	18
965	1.000000000000000e+00	8
966	1.000000000000000e+00	4
967	1.000000000000000e+00	2
968	1.000000000000000e+00	12
969	1.000000000000000e+00	4
970	1.000000000000000e+00	6
971	1.000000000000000e+00	6
972	1.000000000000000e+00	10
973	1.000000000000000e+00	6
974	1.000000000000000e+00	2
975	1.000000000000000e+00	8
976	1.000000000000000e+00	4
977	1.000000000000000e+00	24
978	1.000000000000000e+00	2
979	1.000000000000000e+00	2
980	1.000000000000000e+00	2
981	1.000000000000000e+00	14
982	1.000000000000000e+00	2
983	1.000000000000000e+00	2
984	1.000000000000000e+00	6
985	1.000000000000000e+00	8
986	1.000000000000000e+00	2
987	1.000000000000000e+00	28
988	1.000000000000000e+00	22
989	1.000000000000000e+00	4
990	1.000000000000000e+00	4
991	1.000000000000000e+00	36
992	1.000000000000000e+00	4
993	1.000000000000000e+00	8
994	1.000000000000000e+00	14
995	1.000000000000000e+00	14
996	1.000000000000000e+00	26
997	1.000000000000000e+00	8
998	1.000000000000000e+00	14
999	1.000000000000000e+00	4
1000	1.000000000000000e+00	34


Tempo gasto: 10.103407
