Método usado: ANTCOLONY OPTIMIZATION

POSIÇÃO	ÁREA(mm²)	CUSTO

1	1.000000000000000e+00	100
2	1.000000000000000e+00	20
3	1.000000000000000e+00	20
4	1.000000000000000e+00	20
5	1.000000000000000e+00	20
6	1.000000000000000e+00	20
7	1.000000000000000e+00	20
8	1.000000000000000e+00	20
9	1.000000000000000e+00	60
10	1.000000000000000e+00	40
11	1.000000000000000e+00	20
12	1.000000000000000e+00	20
13	1.000000000000000e+00	20
14	1.000000000000000e+00	80
15	1.000000000000000e+00	20
16	1.000000000000000e+00	20
17	1.000000000000000e+00	20
18	1.000000000000000e+00	20
19	1.000000000000000e+00	60
20	1.000000000000000e+00	20
21	1.000000000000000e+00	20
22	1.000000000000000e+00	20
23	1.000000000000000e+00	20
24	1.000000000000000e+00	40
25	1.000000000000000e+00	40
26	1.000000000000000e+00	40
27	1.000000000000000e+00	20
28	1.000000000000000e+00	20
29	1.000000000000000e+00	20
30	1.000000000000000e+00	20
31	1.000000000000000e+00	20
32	1.000000000000000e+00	180
33	1.000000000000000e+00	20
34	1.000000000000000e+00	20
35	1.000000000000000e+00	20
36	1.000000000000000e+00	60
37	1.000000000000000e+00	40
38	1.000000000000000e+00	40
39	1.000000000000000e+00	20
40	1.000000000000000e+00	20
41	1.000000000000000e+00	20
42	1.000000000000000e+00	20
43	1.000000000000000e+00	20
44	1.000000000000000e+00	40
45	1.000000000000000e+00	20
46	1.000000000000000e+00	160
47	1.000000000000000e+00	40
48	1.000000000000000e+00	40
49	1.000000000000000e+00	120
50	1.000000000000000e+00	40
51	1.000000000000000e+00	60
52	1.000000000000000e+00	60
53	1.000000000000000e+00	220
54	1.000000000000000e+00	60
55	1.000000000000000e+00	20
56	1.000000000000000e+00	20
57	1.000000000000000e+00	20
58	1.000000000000000e+00	20
59	1.000000000000000e+00	40
60	1.000000000000000e+00	20
61	1.000000000000000e+00	80
62	1.000000000000000e+00	80
63	1.000000000000000e+00	100
64	1.000000000000000e+00	20
65	1.000000000000000e+00	60
66	1.000000000000000e+00	100
67	1.000000000000000e+00	100
68	1.000000000000000e+00	40
69	1.000000000000000e+00	20
70	1.000000000000000e+00	20
71	1.000000000000000e+00	60
72	1.000000000000000e+00	140
73	1.000000000000000e+00	60
74	1.000000000000000e+00	40
75	1.000000000000000e+00	20
76	1.000000000000000e+00	20
77	1.000000000000000e+00	40
78	1.000000000000000e+00	20
79	1.000000000000000e+00	40
80	1.000000000000000e+00	20
81	1.000000000000000e+00	20
82	1.000000000000000e+00	20
83	1.000000000000000e+00	20
84	1.000000000000000e+00	20
85	1.000000000000000e+00	20
86	1.000000000000000e+00	20
87	1.000000000000000e+00	20
88	1.000000000000000e+00	20
89	1.000000000000000e+00	20
90	1.000000000000000e+00	40
91	1.000000000000000e+00	20
92	1.000000000000000e+00	20
93	1.000000000000000e+00	20
94	1.000000000000000e+00	20
95	1.000000000000000e+00	80
96	1.000000000000000e+00	20
97	1.000000000000000e+00	100
98	1.000000000000000e+00	20
99	1.000000000000000e+00	20
100	1.000000000000000e+00	20
101	1.000000000000000e+00	20
102	1.000000000000000e+00	20
103	1.000000000000000e+00	40
104	1.000000000000000e+00	40
105	1.000000000000000e+00	40
106	1.000000000000000e+00	40
107	1.000000000000000e+00	20
108	1.000000000000000e+00	20
109	1.000000000000000e+00	20
110	1.000000000000000e+00	20
111	1.000000000000000e+00	100
112	1.000000000000000e+00	40
113	1.000000000000000e+00	20
114	1.000000000000000e+00	20
115	1.000000000000000e+00	60
116	1.000000000000000e+00	20
117	1.000000000000000e+00	20
118	1.000000000000000e+00	20
119	1.000000000000000e+00	20
120	1.000000000000000e+00	20
121	1.000000000000000e+00	40
122	1.000000000000000e+00	20
123	1.000000000000000e+00	20
124	1.000000000000000e+00	20
125	1.000000000000000e+00	20
126	1.000000000000000e+00	40
127	1.000000000000000e+00	100
128	1.000000000000000e+00	40
129	1.000000000000000e+00	100
130	1.000000000000000e+00	20
131	1.000000000000000e+00	20
132	1.000000000000000e+00	20
133	1.000000000000000e+00	20
134	1.000000000000000e+00	20
135	1.000000000000000e+00	100
136	1.000000000000000e+00	20
137	1.000000000000000e+00	80
138	1.000000000000000e+00	20
139	1.000000000000000e+00	20
140	1.000000000000000e+00	20
141	1.000000000000000e+00	40
142	1.000000000000000e+00	80
143	1.000000000000000e+00	40
144	1.000000000000000e+00	20
145	1.000000000000000e+00	20
146	1.000000000000000e+00	20
147	1.000000000000000e+00	20
148	1.000000000000000e+00	40
149	1.000000000000000e+00	20
150	1.000000000000000e+00	40
151	1.000000000000000e+00	20
152	1.000000000000000e+00	120
153	1.000000000000000e+00	40
154	1.000000000000000e+00	20
155	1.000000000000000e+00	20
156	1.000000000000000e+00	60
157	1.000000000000000e+00	40
158	1.000000000000000e+00	100
159	1.000000000000000e+00	40
160	1.000000000000000e+00	20
161	1.000000000000000e+00	20
162	1.000000000000000e+00	20
163	1.000000000000000e+00	100
164	1.000000000000000e+00	20
165	1.000000000000000e+00	60
166	1.000000000000000e+00	20
167	1.000000000000000e+00	20
168	1.000000000000000e+00	20
169	1.000000000000000e+00	160
170	1.000000000000000e+00	60
171	1.000000000000000e+00	20
172	1.000000000000000e+00	20
173	1.000000000000000e+00	20
174	1.000000000000000e+00	60
175	1.000000000000000e+00	40
176	1.000000000000000e+00	20
177	1.000000000000000e+00	80
178	1.000000000000000e+00	160
179	1.000000000000000e+00	20
180	1.000000000000000e+00	60
181	1.000000000000000e+00	20
182	1.000000000000000e+00	20
183	1.000000000000000e+00	60
184	1.000000000000000e+00	40
185	1.000000000000000e+00	20
186	1.000000000000000e+00	20
187	1.000000000000000e+00	60
188	1.000000000000000e+00	20
189	1.000000000000000e+00	60
190	1.000000000000000e+00	20
191	1.000000000000000e+00	40
192	1.000000000000000e+00	80
193	1.000000000000000e+00	20
194	1.000000000000000e+00	20
195	1.000000000000000e+00	40
196	1.000000000000000e+00	20
197	1.000000000000000e+00	20
198	1.000000000000000e+00	20
199	1.000000000000000e+00	20
200	1.000000000000000e+00	60
201	1.000000000000000e+00	80
202	1.000000000000000e+00	80
203	1.000000000000000e+00	20
204	1.000000000000000e+00	20
205	1.000000000000000e+00	40
206	1.000000000000000e+00	20
207	1.000000000000000e+00	20
208	1.000000000000000e+00	60
209	1.000000000000000e+00	60
210	1.000000000000000e+00	40
211	1.000000000000000e+00	20
212	1.000000000000000e+00	40
213	1.000000000000000e+00	20
214	1.000000000000000e+00	120
215	1.000000000000000e+00	20
216	1.000000000000000e+00	40
217	1.000000000000000e+00	20
218	1.000000000000000e+00	20
219	1.000000000000000e+00	20
220	1.000000000000000e+00	20
221	1.000000000000000e+00	60
222	1.000000000000000e+00	20
223	1.000000000000000e+00	20
224	1.000000000000000e+00	20
225	1.000000000000000e+00	40
226	1.000000000000000e+00	40
227	1.000000000000000e+00	20
228	1.000000000000000e+00	20
229	1.000000000000000e+00	40
230	1.000000000000000e+00	120
231	1.000000000000000e+00	100
232	1.000000000000000e+00	20
233	1.000000000000000e+00	20
234	1.000000000000000e+00	20
235	1.000000000000000e+00	20
236	1.000000000000000e+00	20
237	1.000000000000000e+00	20
238	1.000000000000000e+00	20
239	1.000000000000000e+00	120
240	1.000000000000000e+00	20
241	1.000000000000000e+00	60
242	1.000000000000000e+00	20
243	1.000000000000000e+00	20
244	1.000000000000000e+00	40
245	1.000000000000000e+00	20
246	1.000000000000000e+00	60
247	1.000000000000000e+00	20
248	1.000000000000000e+00	20
249	1.000000000000000e+00	20
250	1.000000000000000e+00	20
251	1.000000000000000e+00	20
252	1.000000000000000e+00	20
253	1.000000000000000e+00	40
254	1.000000000000000e+00	20
255	1.000000000000000e+00	20
256	1.000000000000000e+00	40
257	1.000000000000000e+00	40
258	1.000000000000000e+00	20
259	1.000000000000000e+00	20
260	1.000000000000000e+00	20
261	1.000000000000000e+00	60
262	1.000000000000000e+00	20
263	1.000000000000000e+00	20
264	1.000000000000000e+00	60
265	1.000000000000000e+00	20
266	1.000000000000000e+00	20
267	1.000000000000000e+00	20
268	1.000000000000000e+00	20
269	1.000000000000000e+00	20
270	1.000000000000000e+00	40
271	1.000000000000000e+00	20
272	1.000000000000000e+00	20
273	1.000000000000000e+00	40
274	1.000000000000000e+00	20
275	1.000000000000000e+00	40
276	1.000000000000000e+00	20
277	1.000000000000000e+00	80
278	1.000000000000000e+00	40
279	1.000000000000000e+00	80
280	1.000000000000000e+00	20
281	1.000000000000000e+00	20
282	1.000000000000000e+00	20
283	1.000000000000000e+00	60
284	1.000000000000000e+00	20
285	1.000000000000000e+00	40
286	1.000000000000000e+00	20
287	1.000000000000000e+00	20
288	1.000000000000000e+00	20
289	1.000000000000000e+00	20
290	1.000000000000000e+00	40
291	1.000000000000000e+00	20
292	1.000000000000000e+00	20
293	1.000000000000000e+00	20
294	1.000000000000000e+00	40
295	1.000000000000000e+00	40
296	1.000000000000000e+00	20
297	1.000000000000000e+00	20
298	1.000000000000000e+00	60
299	1.000000000000000e+00	60
300	1.000000000000000e+00	20
301	1.000000000000000e+00	60
302	1.000000000000000e+00	20
303	1.000000000000000e+00	80
304	1.000000000000000e+00	20
305	1.000000000000000e+00	20
306	1.000000000000000e+00	20
307	1.000000000000000e+00	160
308	1.000000000000000e+00	20
309	1.000000000000000e+00	20
310	1.000000000000000e+00	20
311	1.000000000000000e+00	20
312	1.000000000000000e+00	20
313	1.000000000000000e+00	20
314	1.000000000000000e+00	60
315	1.000000000000000e+00	20
316	1.000000000000000e+00	20
317	1.000000000000000e+00	20
318	1.000000000000000e+00	20
319	1.000000000000000e+00	40
320	1.000000000000000e+00	60
321	1.000000000000000e+00	20
322	1.000000000000000e+00	20
323	1.000000000000000e+00	20
324	1.000000000000000e+00	40
325	1.000000000000000e+00	20
326	1.000000000000000e+00	20
327	1.000000000000000e+00	40
328	1.000000000000000e+00	20
329	1.000000000000000e+00	60
330	1.000000000000000e+00	20
331	1.000000000000000e+00	20
332	1.000000000000000e+00	20
333	1.000000000000000e+00	20
334	1.000000000000000e+00	140
335	1.000000000000000e+00	60
336	1.000000000000000e+00	20
337	1.000000000000000e+00	20
338	1.000000000000000e+00	20
339	1.000000000000000e+00	20
340	1.000000000000000e+00	20
341	1.000000000000000e+00	20
342	1.000000000000000e+00	20
343	1.000000000000000e+00	40
344	1.000000000000000e+00	20
345	1.000000000000000e+00	100
346	1.000000000000000e+00	20
347	1.000000000000000e+00	20
348	1.000000000000000e+00	60
349	1.000000000000000e+00	20
350	1.000000000000000e+00	20
351	1.000000000000000e+00	20
352	1.000000000000000e+00	40
353	1.000000000000000e+00	20
354	1.000000000000000e+00	80
355	1.000000000000000e+00	40
356	1.000000000000000e+00	80
357	1.000000000000000e+00	20
358	1.000000000000000e+00	60
359	1.000000000000000e+00	20
360	1.000000000000000e+00	20
361	1.000000000000000e+00	20
362	1.000000000000000e+00	20
363	1.000000000000000e+00	60
364	1.000000000000000e+00	20
365	1.000000000000000e+00	40
366	1.000000000000000e+00	20
367	1.000000000000000e+00	60
368	1.000000000000000e+00	100
369	1.000000000000000e+00	60
370	1.000000000000000e+00	20
371	1.000000000000000e+00	20
372	1.000000000000000e+00	20
373	1.000000000000000e+00	20
374	1.000000000000000e+00	40
375	1.000000000000000e+00	20
376	1.000000000000000e+00	40
377	1.000000000000000e+00	20
378	1.000000000000000e+00	20
379	1.000000000000000e+00	20
380	1.000000000000000e+00	20
381	1.000000000000000e+00	40
382	1.000000000000000e+00	20
383	1.000000000000000e+00	120
384	1.000000000000000e+00	40
385	1.000000000000000e+00	40
386	1.000000000000000e+00	20
387	1.000000000000000e+00	20
388	1.000000000000000e+00	20
389	1.000000000000000e+00	20
390	1.000000000000000e+00	20
391	1.000000000000000e+00	20
392	1.000000000000000e+00	20
393	1.000000000000000e+00	20
394	1.000000000000000e+00	40
395	1.000000000000000e+00	20
396	1.000000000000000e+00	20
397	1.000000000000000e+00	40
398	1.000000000000000e+00	100
399	1.000000000000000e+00	20
400	1.000000000000000e+00	20
401	1.000000000000000e+00	20
402	1.000000000000000e+00	20
403	1.000000000000000e+00	20
404	1.000000000000000e+00	40
405	1.000000000000000e+00	80
406	1.000000000000000e+00	60
407	1.000000000000000e+00	40
408	1.000000000000000e+00	20
409	1.000000000000000e+00	40
410	1.000000000000000e+00	20
411	1.000000000000000e+00	20
412	1.000000000000000e+00	60
413	1.000000000000000e+00	20
414	1.000000000000000e+00	40
415	1.000000000000000e+00	20
416	1.000000000000000e+00	20
417	1.000000000000000e+00	20
418	1.000000000000000e+00	20
419	1.000000000000000e+00	60
420	1.000000000000000e+00	20
421	1.000000000000000e+00	20
422	1.000000000000000e+00	20
423	1.000000000000000e+00	20
424	1.000000000000000e+00	20
425	1.000000000000000e+00	80
426	1.000000000000000e+00	40
427	1.000000000000000e+00	60
428	1.000000000000000e+00	20
429	1.000000000000000e+00	20
430	1.000000000000000e+00	20
431	1.000000000000000e+00	40
432	1.000000000000000e+00	60
433	1.000000000000000e+00	20
434	1.000000000000000e+00	20
435	1.000000000000000e+00	20
436	1.000000000000000e+00	100
437	1.000000000000000e+00	180
438	1.000000000000000e+00	20
439	1.000000000000000e+00	60
440	1.000000000000000e+00	20
441	1.000000000000000e+00	20
442	1.000000000000000e+00	100
443	1.000000000000000e+00	20
444	1.000000000000000e+00	20
445	1.000000000000000e+00	60
446	1.000000000000000e+00	20
447	1.000000000000000e+00	20
448	1.000000000000000e+00	20
449	1.000000000000000e+00	20
450	1.000000000000000e+00	20
451	1.000000000000000e+00	20
452	1.000000000000000e+00	60
453	1.000000000000000e+00	80
454	1.000000000000000e+00	20
455	1.000000000000000e+00	20
456	1.000000000000000e+00	40
457	1.000000000000000e+00	60
458	1.000000000000000e+00	20
459	1.000000000000000e+00	20
460	1.000000000000000e+00	20
461	1.000000000000000e+00	20
462	1.000000000000000e+00	20
463	1.000000000000000e+00	20
464	1.000000000000000e+00	20
465	1.000000000000000e+00	140
466	1.000000000000000e+00	20
467	1.000000000000000e+00	40
468	1.000000000000000e+00	20
469	1.000000000000000e+00	20
470	1.000000000000000e+00	20
471	1.000000000000000e+00	20
472	1.000000000000000e+00	20
473	1.000000000000000e+00	40
474	1.000000000000000e+00	20
475	1.000000000000000e+00	20
476	1.000000000000000e+00	40
477	1.000000000000000e+00	20
478	1.000000000000000e+00	20
479	1.000000000000000e+00	60
480	1.000000000000000e+00	20
481	1.000000000000000e+00	20
482	1.000000000000000e+00	20
483	1.000000000000000e+00	80
484	1.000000000000000e+00	20
485	1.000000000000000e+00	20
486	1.000000000000000e+00	20
487	1.000000000000000e+00	60
488	1.000000000000000e+00	20
489	1.000000000000000e+00	20
490	1.000000000000000e+00	20
491	9.500000000000001e-01	40
492	9.000000000000000e-01	80
493	8.500000000000001e-01	60
494	8.000000000000000e-01	20
495	7.500000000000000e-01	60
496	7.000000000000001e-01	40
497	6.500000000000000e-01	20
498	6.000000000000001e-01	40
499	5.500000000000000e-01	40
500	5.000000000000000e-01	20
501	5.500000000000000e-01	40
502	6.000000000000001e-01	20
503	6.500000000000000e-01	20
504	7.000000000000001e-01	60
505	7.500000000000000e-01	40
506	8.000000000000000e-01	80
507	8.500000000000001e-01	20
508	9.000000000000000e-01	60
509	9.500000000000001e-01	40
510	9.000000000000000e-01	40
511	8.500000000000001e-01	40
512	8.000000000000000e-01	40
513	7.500000000000000e-01	20
514	8.000000000000000e-01	60
515	8.500000000000001e-01	20
516	9.000000000000000e-01	20
517	9.500000000000001e-01	60
518	1.000000000000000e+00	20
519	1.000000000000000e+00	20
520	1.000000000000000e+00	20
521	1.000000000000000e+00	20
522	1.000000000000000e+00	20
523	1.000000000000000e+00	20
524	1.000000000000000e+00	40
525	1.000000000000000e+00	20
526	1.000000000000000e+00	20
527	1.000000000000000e+00	20
528	1.000000000000000e+00	20
529	1.000000000000000e+00	20
530	1.000000000000000e+00	40
531	1.000000000000000e+00	20
532	1.000000000000000e+00	20
533	1.000000000000000e+00	20
534	1.000000000000000e+00	40
535	1.000000000000000e+00	20
536	1.000000000000000e+00	20
537	1.000000000000000e+00	20
538	1.000000000000000e+00	20
539	1.000000000000000e+00	40
540	1.000000000000000e+00	20
541	1.000000000000000e+00	40
542	1.000000000000000e+00	20
543	1.000000000000000e+00	40
544	1.000000000000000e+00	20
545	1.000000000000000e+00	20
546	1.000000000000000e+00	20
547	1.000000000000000e+00	40
548	1.000000000000000e+00	20
549	1.000000000000000e+00	20
550	1.000000000000000e+00	20
551	1.000000000000000e+00	20
552	1.000000000000000e+00	40
553	1.000000000000000e+00	60
554	1.000000000000000e+00	20
555	1.000000000000000e+00	20
556	1.000000000000000e+00	20
557	1.000000000000000e+00	60
558	1.000000000000000e+00	60
559	1.000000000000000e+00	20
560	1.000000000000000e+00	20
561	1.000000000000000e+00	100
562	1.000000000000000e+00	20
563	1.000000000000000e+00	20
564	1.000000000000000e+00	20
565	1.000000000000000e+00	20
566	1.000000000000000e+00	60
567	1.000000000000000e+00	20
568	1.000000000000000e+00	40
569	1.000000000000000e+00	20
570	1.000000000000000e+00	20
571	1.000000000000000e+00	20
572	1.000000000000000e+00	20
573	1.000000000000000e+00	20
574	1.000000000000000e+00	40
575	1.000000000000000e+00	100
576	1.000000000000000e+00	40
577	1.000000000000000e+00	80
578	1.000000000000000e+00	40
579	1.000000000000000e+00	20
580	1.000000000000000e+00	20
581	1.000000000000000e+00	20
582	1.000000000000000e+00	40
583	1.000000000000000e+00	20
584	1.000000000000000e+00	60
585	1.000000000000000e+00	20
586	1.000000000000000e+00	60
587	1.000000000000000e+00	40
588	1.000000000000000e+00	100
589	1.000000000000000e+00	40
590	1.000000000000000e+00	20
591	1.000000000000000e+00	20
592	1.000000000000000e+00	20
593	1.000000000000000e+00	20
594	1.000000000000000e+00	20
595	1.000000000000000e+00	20
596	1.000000000000000e+00	60
597	1.000000000000000e+00	20
598	1.000000000000000e+00	20
599	1.000000000000000e+00	20
600	1.000000000000000e+00	120
601	1.000000000000000e+00	20
602	1.000000000000000e+00	60
603	1.000000000000000e+00	20
604	1.000000000000000e+00	80
605	1.000000000000000e+00	20
606	1.000000000000000e+00	80
607	1.000000000000000e+00	20
608	1.000000000000000e+00	20
609	1.000000000000000e+00	20
610	1.000000000000000e+00	120
611	1.000000000000000e+00	20
612	1.000000000000000e+00	20
613	1.000000000000000e+00	20
614	1.000000000000000e+00	60
615	1.000000000000000e+00	20
616	1.000000000000000e+00	20
617	1.000000000000000e+00	40
618	1.000000000000000e+00	20
619	1.000000000000000e+00	20
620	1.000000000000000e+00	20
621	1.000000000000000e+00	140
622	1.000000000000000e+00	20
623	1.000000000000000e+00	40
624	1.000000000000000e+00	20
625	1.000000000000000e+00	20
626	1.000000000000000e+00	20
627	1.000000000000000e+00	20
628	1.000000000000000e+00	20
629	1.000000000000000e+00	20
630	1.000000000000000e+00	20
631	1.000000000000000e+00	20
632	1.000000000000000e+00	20
633	1.000000000000000e+00	40
634	1.000000000000000e+00	20
635	1.000000000000000e+00	80
636	1.000000000000000e+00	20
637	1.000000000000000e+00	20
638	1.000000000000000e+00	20
639	1.000000000000000e+00	20
640	1.000000000000000e+00	60
641	1.000000000000000e+00	20
642	1.000000000000000e+00	20
643	1.000000000000000e+00	40
644	1.000000000000000e+00	20
645	1.000000000000000e+00	40
646	1.000000000000000e+00	20
647	1.000000000000000e+00	20
648	1.000000000000000e+00	20
649	1.000000000000000e+00	260
650	1.000000000000000e+00	20
651	1.000000000000000e+00	140
652	1.000000000000000e+00	40
653	1.000000000000000e+00	20
654	1.000000000000000e+00	20
655	1.000000000000000e+00	60
656	1.000000000000000e+00	60
657	1.000000000000000e+00	20
658	1.000000000000000e+00	60
659	1.000000000000000e+00	40
660	1.000000000000000e+00	40
661	1.000000000000000e+00	40
662	1.000000000000000e+00	20
663	1.000000000000000e+00	40
664	1.000000000000000e+00	40
665	1.000000000000000e+00	20
666	1.000000000000000e+00	40
667	1.000000000000000e+00	60
668	1.000000000000000e+00	40
669	1.000000000000000e+00	120
670	1.000000000000000e+00	20
671	1.000000000000000e+00	20
672	1.000000000000000e+00	20
673	1.000000000000000e+00	100
674	1.000000000000000e+00	40
675	1.000000000000000e+00	60
676	1.000000000000000e+00	20
677	1.000000000000000e+00	20
678	1.000000000000000e+00	20
679	1.000000000000000e+00	20
680	1.000000000000000e+00	20
681	1.000000000000000e+00	20
682	1.000000000000000e+00	40
683	1.000000000000000e+00	20
684	1.000000000000000e+00	20
685	1.000000000000000e+00	20
686	1.000000000000000e+00	40
687	1.000000000000000e+00	120
688	1.000000000000000e+00	20
689	1.000000000000000e+00	60
690	1.000000000000000e+00	20
691	1.000000000000000e+00	20
692	1.000000000000000e+00	40
693	1.000000000000000e+00	20
694	1.000000000000000e+00	20
695	1.000000000000000e+00	80
696	1.000000000000000e+00	40
697	1.000000000000000e+00	20
698	1.000000000000000e+00	20
699	1.000000000000000e+00	20
700	1.000000000000000e+00	80
701	1.000000000000000e+00	140
702	1.000000000000000e+00	20
703	1.000000000000000e+00	40
704	1.000000000000000e+00	40
705	1.000000000000000e+00	20
706	1.000000000000000e+00	40
707	1.000000000000000e+00	20
708	1.000000000000000e+00	20
709	1.000000000000000e+00	20
710	1.000000000000000e+00	20
711	1.000000000000000e+00	40
712	1.000000000000000e+00	60
713	1.000000000000000e+00	20
714	1.000000000000000e+00	40
715	1.000000000000000e+00	20
716	1.000000000000000e+00	20
717	1.000000000000000e+00	20
718	1.000000000000000e+00	20
719	1.000000000000000e+00	20
720	1.000000000000000e+00	20
721	1.000000000000000e+00	140
722	1.000000000000000e+00	60
723	1.000000000000000e+00	20
724	1.000000000000000e+00	20
725	1.000000000000000e+00	40
726	1.000000000000000e+00	20
727	1.000000000000000e+00	20
728	1.000000000000000e+00	20
729	1.000000000000000e+00	20
730	1.000000000000000e+00	20
731	1.000000000000000e+00	80
732	1.000000000000000e+00	20
733	1.000000000000000e+00	20
734	1.000000000000000e+00	160
735	1.000000000000000e+00	20
736	1.000000000000000e+00	20
737	1.000000000000000e+00	80
738	1.000000000000000e+00	20
739	1.000000000000000e+00	20
740	1.000000000000000e+00	20
741	1.000000000000000e+00	20
742	1.000000000000000e+00	20
743	1.000000000000000e+00	20
744	1.000000000000000e+00	20
745	1.000000000000000e+00	20
746	1.000000000000000e+00	40
747	1.000000000000000e+00	20
748	1.000000000000000e+00	40
749	1.000000000000000e+00	20
750	1.000000000000000e+00	20
751	1.000000000000000e+00	20
752	1.000000000000000e+00	20
753	1.000000000000000e+00	40
754	1.000000000000000e+00	20
755	1.000000000000000e+00	80
756	1.000000000000000e+00	20
757	1.000000000000000e+00	20
758	1.000000000000000e+00	20
759	1.000000000000000e+00	60
760	1.000000000000000e+00	20
761	1.000000000000000e+00	20
762	1.000000000000000e+00	20
763	1.000000000000000e+00	40
764	1.000000000000000e+00	60
765	1.000000000000000e+00	20
766	1.000000000000000e+00	60
767	1.000000000000000e+00	20
768	1.000000000000000e+00	60
769	1.000000000000000e+00	20
770	1.000000000000000e+00	20
771	1.000000000000000e+00	20
772	1.000000000000000e+00	20
773	1.000000000000000e+00	20
774	1.000000000000000e+00	20
775	1.000000000000000e+00	40
776	1.000000000000000e+00	40
777	1.000000000000000e+00	20
778	1.000000000000000e+00	20
779	1.000000000000000e+00	20
780	1.000000000000000e+00	40
781	1.000000000000000e+00	80
782	1.000000000000000e+00	60
783	1.000000000000000e+00	20
784	1.000000000000000e+00	20
785	1.000000000000000e+00	40
786	1.000000000000000e+00	20
787	1.000000000000000e+00	20
788	1.000000000000000e+00	20
789	1.000000000000000e+00	40
790	1.000000000000000e+00	20
791	1.000000000000000e+00	20
792	1.000000000000000e+00	20
793	1.000000000000000e+00	20
794	1.000000000000000e+00	20
795	1.000000000000000e+00	20
796	1.000000000000000e+00	20
797	1.000000000000000e+00	20
798	1.000000000000000e+00	240
799	1.000000000000000e+00	40
800	1.000000000000000e+00	20
801	1.000000000000000e+00	60
802	1.000000000000000e+00	20
803	1.000000000000000e+00	20
804	1.000000000000000e+00	80
805	1.000000000000000e+00	20
806	1.000000000000000e+00	20
807	1.000000000000000e+00	20
808	1.000000000000000e+00	20
809	1.000000000000000e+00	120
810	1.000000000000000e+00	20
811	1.000000000000000e+00	20
812	1.000000000000000e+00	20
813	1.000000000000000e+00	20
814	1.000000000000000e+00	20
815	1.000000000000000e+00	20
816	1.000000000000000e+00	20
817	1.000000000000000e+00	20
818	1.000000000000000e+00	60
819	1.000000000000000e+00	20
820	1.000000000000000e+00	40
821	1.000000000000000e+00	40
822	1.000000000000000e+00	20
823	1.000000000000000e+00	20
824	1.000000000000000e+00	20
825	1.000000000000000e+00	20
826	1.000000000000000e+00	20
827	1.000000000000000e+00	40
828	1.000000000000000e+00	60
829	1.000000000000000e+00	20
830	1.000000000000000e+00	60
831	1.000000000000000e+00	20
832	1.000000000000000e+00	20
833	1.000000000000000e+00	80
834	1.000000000000000e+00	80
835	1.000000000000000e+00	20
836	1.000000000000000e+00	80
837	1.000000000000000e+00	20
838	1.000000000000000e+00	20
839	1.000000000000000e+00	40
840	1.000000000000000e+00	60
841	1.000000000000000e+00	20
842	1.000000000000000e+00	40
843	1.000000000000000e+00	100
844	1.000000000000000e+00	20
845	1.000000000000000e+00	20
846	1.000000000000000e+00	20
847	1.000000000000000e+00	20
848	1.000000000000000e+00	20
849	1.000000000000000e+00	40
850	1.000000000000000e+00	20
851	1.000000000000000e+00	20
852	1.000000000000000e+00	240
853	1.000000000000000e+00	20
854	1.000000000000000e+00	20
855	1.000000000000000e+00	80
856	1.000000000000000e+00	20
857	1.000000000000000e+00	20
858	1.000000000000000e+00	80
859	1.000000000000000e+00	20
860	1.000000000000000e+00	40
861	1.000000000000000e+00	20
862	1.000000000000000e+00	20
863	1.000000000000000e+00	80
864	1.000000000000000e+00	20
865	1.000000000000000e+00	60
866	1.000000000000000e+00	20
867	1.000000000000000e+00	20
868	1.000000000000000e+00	20
869	1.000000000000000e+00	100
870	1.000000000000000e+00	20
871	1.000000000000000e+00	100
872	1.000000000000000e+00	20
873	1.000000000000000e+00	20
874	1.000000000000000e+00	20
875	1.000000000000000e+00	40
876	1.000000000000000e+00	20
877	1.000000000000000e+00	20
878	1.000000000000000e+00	20
879	1.000000000000000e+00	40
880	1.000000000000000e+00	20
881	1.000000000000000e+00	40
882	1.000000000000000e+00	20
883	1.000000000000000e+00	40
884	1.000000000000000e+00	40
885	1.000000000000000e+00	60
886	1.000000000000000e+00	20
887	1.000000000000000e+00	20
888	1.000000000000000e+00	80
889	1.000000000000000e+00	60
890	1.000000000000000e+00	20
891	1.000000000000000e+00	20
892	1.000000000000000e+00	20
893	1.000000000000000e+00	20
894	1.000000000000000e+00	60
895	1.000000000000000e+00	20
896	1.000000000000000e+00	100
897	1.000000000000000e+00	40
898	1.000000000000000e+00	20
899	1.000000000000000e+00	20
900	1.000000000000000e+00	20
901	1.000000000000000e+00	20
902	1.000000000000000e+00	40
903	1.000000000000000e+00	20
904	1.000000000000000e+00	20
905	1.000000000000000e+00	60
906	1.000000000000000e+00	60
907	1.000000000000000e+00	20
908	1.000000000000000e+00	20
909	1.000000000000000e+00	20
910	1.000000000000000e+00	20
911	1.000000000000000e+00	20
912	1.000000000000000e+00	40
913	1.000000000000000e+00	20
914	1.000000000000000e+00	20
915	1.000000000000000e+00	20
916	1.000000000000000e+00	20
917	1.000000000000000e+00	20
918	1.000000000000000e+00	20
919	1.000000000000000e+00	20
920	1.000000000000000e+00	40
921	1.000000000000000e+00	20
922	1.000000000000000e+00	20
923	1.000000000000000e+00	120
924	1.000000000000000e+00	20
925	1.000000000000000e+00	20
926	1.000000000000000e+00	20
927	1.000000000000000e+00	20
928	1.000000000000000e+00	100
929	1.000000000000000e+00	20
930	1.000000000000000e+00	20
931	1.000000000000000e+00	20
932	1.000000000000000e+00	20
933	1.000000000000000e+00	20
934	1.000000000000000e+00	20
935	1.000000000000000e+00	60
936	1.000000000000000e+00	20
937	1.000000000000000e+00	20
938	1.000000000000000e+00	60
939	1.000000000000000e+00	20
940	1.000000000000000e+00	20
941	1.000000000000000e+00	80
942	1.000000000000000e+00	20
943	1.000000000000000e+00	20
944	1.000000000000000e+00	20
945	1.000000000000000e+00	20
946	1.000000000000000e+00	20
947	1.000000000000000e+00	40
948	1.000000000000000e+00	20
949	1.000000000000000e+00	20
950	1.000000000000000e+00	20
951	1.000000000000000e+00	40
952	1.000000000000000e+00	20
953	1.000000000000000e+00	20
954	1.000000000000000e+00	20
955	1.000000000000000e+00	20
956	1.000000000000000e+00	40
957	1.000000000000000e+00	20
958	1.000000000000000e+00	140
959	1.000000000000000e+00	20
960	1.000000000000000e+00	20
961	1.000000000000000e+00	20
962	1.000000000000000e+00	20
963	1.000000000000000e+00	20
964	1.000000000000000e+00	20
965	1.000000000000000e+00	20
966	1.000000000000000e+00	20
967	1.000000000000000e+00	20
968	1.000000000000000e+00	20
969	1.000000000000000e+00	20
970	1.000000000000000e+00	20
971	1.000000000000000e+00	100
972	1.000000000000000e+00	20
973	1.000000000000000e+00	20
974	1.000000000000000e+00	40
975	1.000000000000000e+00	60
976	1.000000000000000e+00	40
977	1.000000000000000e+00	20
978	1.000000000000000e+00	20
979	1.000000000000000e+00	20
980	1.000000000000000e+00	20
981	1.000000000000000e+00	20
982	1.000000000000000e+00	40
983	1.000000000000000e+00	40
984	1.000000000000000e+00	20
985	1.000000000000000e+00	80
986	1.000000000000000e+00	20
987	1.000000000000000e+00	20
988	1.000000000000000e+00	120
989	1.000000000000000e+00	20
990	1.000000000000000e+00	20
991	1.000000000000000e+00	20
992	1.000000000000000e+00	20
993	1.000000000000000e+00	60
994	1.000000000000000e+00	20
995	1.000000000000000e+00	20
996	1.000000000000000e+00	20
997	1.000000000000000e+00	40
998	1.000000000000000e+00	120
999	1.000000000000000e+00	40
1000	1.000000000000000e+00	20


Tempo gasto: 12.675334
