Método usado: LUUS JAAKOLA

POSIÇÃO	ÁREA(mm²)	CUSTO

1	1.000000000000000e+00	12
2	1.000000000000000e+00	6
3	1.000000000000000e+00	8
4	1.000000000000000e+00	2
5	1.000000000000000e+00	18
6	1.000000000000000e+00	10
7	1.000000000000000e+00	16
8	1.000000000000000e+00	20
9	1.000000000000000e+00	2
10	1.000000000000000e+00	2
11	1.000000000000000e+00	4
12	1.000000000000000e+00	48
13	1.000000000000000e+00	8
14	1.000000000000000e+00	6
15	1.000000000000000e+00	6
16	1.000000000000000e+00	22
17	1.000000000000000e+00	2
18	1.000000000000000e+00	6
19	1.000000000000000e+00	16
20	1.000000000000000e+00	4
21	1.000000000000000e+00	18
22	1.000000000000000e+00	8
23	1.000000000000000e+00	12
24	1.000000000000000e+00	6
25	1.000000000000000e+00	2
26	1.000000000000000e+00	6
27	1.000000000000000e+00	22
28	1.000000000000000e+00	6
29	1.000000000000000e+00	12
30	1.000000000000000e+00	6
31	1.000000000000000e+00	30
32	1.000000000000000e+00	6
33	1.000000000000000e+00	18
34	1.000000000000000e+00	4
35	1.000000000000000e+00	48
36	1.000000000000000e+00	18
37	1.000000000000000e+00	8
38	1.000000000000000e+00	2
39	1.000000000000000e+00	4
40	1.000000000000000e+00	4
41	1.000000000000000e+00	12
42	1.000000000000000e+00	20
43	1.000000000000000e+00	18
44	1.000000000000000e+00	4
45	1.000000000000000e+00	8
46	1.000000000000000e+00	8
47	1.000000000000000e+00	14
48	1.000000000000000e+00	8
49	1.000000000000000e+00	42
50	1.000000000000000e+00	20
51	1.000000000000000e+00	16
52	1.000000000000000e+00	14
53	1.000000000000000e+00	4
54	1.000000000000000e+00	6
55	1.000000000000000e+00	4
56	1.000000000000000e+00	14
57	1.000000000000000e+00	26
58	1.000000000000000e+00	4
59	1.000000000000000e+00	18
60	1.000000000000000e+00	8
61	1.000000000000000e+00	32
62	1.000000000000000e+00	16
63	1.000000000000000e+00	4
64	1.000000000000000e+00	18
65	1.000000000000000e+00	6
66	1.000000000000000e+00	4
67	1.000000000000000e+00	12
68	1.000000000000000e+00	14
69	1.000000000000000e+00	8
70	1.000000000000000e+00	20
71	1.000000000000000e+00	40
72	1.000000000000000e+00	16
73	1.000000000000000e+00	12
74	1.000000000000000e+00	12
75	1.000000000000000e+00	2
76	1.000000000000000e+00	6
77	1.000000000000000e+00	22
78	1.000000000000000e+00	14
79	1.000000000000000e+00	6
80	1.000000000000000e+00	8
81	1.000000000000000e+00	6
82	1.000000000000000e+00	8
83	1.000000000000000e+00	2
84	1.000000000000000e+00	16
85	1.000000000000000e+00	24
86	1.000000000000000e+00	16
87	1.000000000000000e+00	16
88	1.000000000000000e+00	2
89	1.000000000000000e+00	26
90	1.000000000000000e+00	16
91	1.000000000000000e+00	10
92	1.000000000000000e+00	10
93	1.000000000000000e+00	16
94	1.000000000000000e+00	10
95	1.000000000000000e+00	8
96	1.000000000000000e+00	16
97	1.000000000000000e+00	10
98	1.000000000000000e+00	8
99	1.000000000000000e+00	8
100	1.000000000000000e+00	20
101	1.000000000000000e+00	12
102	1.000000000000000e+00	4
103	1.000000000000000e+00	10
104	1.000000000000000e+00	18
105	1.000000000000000e+00	20
106	1.000000000000000e+00	2
107	1.000000000000000e+00	44
108	1.000000000000000e+00	2
109	1.000000000000000e+00	10
110	1.000000000000000e+00	20
111	1.000000000000000e+00	2
112	1.000000000000000e+00	2
113	1.000000000000000e+00	26
114	1.000000000000000e+00	18
115	1.000000000000000e+00	8
116	1.000000000000000e+00	6
117	1.000000000000000e+00	18
118	1.000000000000000e+00	6
119	1.000000000000000e+00	46
120	1.000000000000000e+00	22
121	1.000000000000000e+00	6
122	1.000000000000000e+00	2
123	1.000000000000000e+00	20
124	1.000000000000000e+00	98
125	1.000000000000000e+00	18
126	1.000000000000000e+00	14
127	1.000000000000000e+00	12
128	1.000000000000000e+00	4
129	1.000000000000000e+00	2
130	1.000000000000000e+00	2
131	1.000000000000000e+00	20
132	1.000000000000000e+00	6
133	1.000000000000000e+00	30
134	1.000000000000000e+00	24
135	1.000000000000000e+00	8
136	1.000000000000000e+00	8
137	1.000000000000000e+00	20
138	1.000000000000000e+00	4
139	1.000000000000000e+00	28
140	1.000000000000000e+00	36
141	1.000000000000000e+00	4
142	1.000000000000000e+00	12
143	1.000000000000000e+00	2
144	1.000000000000000e+00	8
145	1.000000000000000e+00	2
146	1.000000000000000e+00	18
147	1.000000000000000e+00	12
148	1.000000000000000e+00	2
149	1.000000000000000e+00	2
150	1.000000000000000e+00	4
151	1.000000000000000e+00	8
152	1.000000000000000e+00	2
153	1.000000000000000e+00	16
154	1.000000000000000e+00	8
155	1.000000000000000e+00	8
156	1.000000000000000e+00	14
157	1.000000000000000e+00	4
158	1.000000000000000e+00	4
159	1.000000000000000e+00	22
160	1.000000000000000e+00	10
161	1.000000000000000e+00	16
162	1.000000000000000e+00	32
163	1.000000000000000e+00	2
164	1.000000000000000e+00	14
165	1.000000000000000e+00	2
166	1.000000000000000e+00	42
167	1.000000000000000e+00	16
168	1.000000000000000e+00	4
169	1.000000000000000e+00	2
170	1.000000000000000e+00	18
171	1.000000000000000e+00	2
172	1.000000000000000e+00	14
173	1.000000000000000e+00	2
174	1.000000000000000e+00	6
175	1.000000000000000e+00	4
176	1.000000000000000e+00	20
177	1.000000000000000e+00	24
178	1.000000000000000e+00	4
179	1.000000000000000e+00	2
180	1.000000000000000e+00	8
181	1.000000000000000e+00	22
182	1.000000000000000e+00	16
183	1.000000000000000e+00	6
184	1.000000000000000e+00	6
185	1.000000000000000e+00	10
186	1.000000000000000e+00	22
187	1.000000000000000e+00	10
188	1.000000000000000e+00	4
189	1.000000000000000e+00	20
190	1.000000000000000e+00	8
191	1.000000000000000e+00	14
192	1.000000000000000e+00	6
193	1.000000000000000e+00	10
194	1.000000000000000e+00	12
195	1.000000000000000e+00	18
196	1.000000000000000e+00	8
197	1.000000000000000e+00	6
198	1.000000000000000e+00	8
199	1.000000000000000e+00	8
200	1.000000000000000e+00	2
201	1.000000000000000e+00	2
202	1.000000000000000e+00	26
203	1.000000000000000e+00	6
204	1.000000000000000e+00	22
205	1.000000000000000e+00	4
206	1.000000000000000e+00	12
207	1.000000000000000e+00	6
208	1.000000000000000e+00	10
209	1.000000000000000e+00	4
210	1.000000000000000e+00	36
211	1.000000000000000e+00	2
212	1.000000000000000e+00	6
213	1.000000000000000e+00	62
214	1.000000000000000e+00	12
215	1.000000000000000e+00	20
216	1.000000000000000e+00	14
217	1.000000000000000e+00	6
218	1.000000000000000e+00	48
219	1.000000000000000e+00	20
220	1.000000000000000e+00	8
221	1.000000000000000e+00	30
222	1.000000000000000e+00	12
223	1.000000000000000e+00	4
224	1.000000000000000e+00	10
225	1.000000000000000e+00	2
226	1.000000000000000e+00	12
227	1.000000000000000e+00	2
228	1.000000000000000e+00	24
229	1.000000000000000e+00	20
230	1.000000000000000e+00	2
231	1.000000000000000e+00	12
232	1.000000000000000e+00	4
233	1.000000000000000e+00	16
234	1.000000000000000e+00	12
235	1.000000000000000e+00	4
236	1.000000000000000e+00	18
237	1.000000000000000e+00	4
238	1.000000000000000e+00	10
239	1.000000000000000e+00	2
240	1.000000000000000e+00	16
241	1.000000000000000e+00	14
242	1.000000000000000e+00	2
243	1.000000000000000e+00	20
244	1.000000000000000e+00	10
245	1.000000000000000e+00	2
246	1.000000000000000e+00	4
247	1.000000000000000e+00	12
248	1.000000000000000e+00	12
249	1.000000000000000e+00	18
250	1.000000000000000e+00	2
251	1.000000000000000e+00	8
252	1.000000000000000e+00	2
253	1.000000000000000e+00	2
254	1.000000000000000e+00	4
255	1.000000000000000e+00	74
256	1.000000000000000e+00	4
257	1.000000000000000e+00	14
258	1.000000000000000e+00	28
259	1.000000000000000e+00	8
260	1.000000000000000e+00	6
261	1.000000000000000e+00	8
262	1.000000000000000e+00	10
263	1.000000000000000e+00	2
264	1.000000000000000e+00	12
265	1.000000000000000e+00	12
266	1.000000000000000e+00	14
267	1.000000000000000e+00	14
268	1.000000000000000e+00	22
269	1.000000000000000e+00	32
270	1.000000000000000e+00	6
271	1.000000000000000e+00	6
272	1.000000000000000e+00	4
273	1.000000000000000e+00	6
274	1.000000000000000e+00	14
275	1.000000000000000e+00	8
276	1.000000000000000e+00	2
277	1.000000000000000e+00	2
278	1.000000000000000e+00	4
279	1.000000000000000e+00	4
280	1.000000000000000e+00	16
281	1.000000000000000e+00	18
282	1.000000000000000e+00	26
283	1.000000000000000e+00	24
284	1.000000000000000e+00	32
285	1.000000000000000e+00	10
286	1.000000000000000e+00	34
287	1.000000000000000e+00	12
288	1.000000000000000e+00	34
289	1.000000000000000e+00	8
290	1.000000000000000e+00	10
291	1.000000000000000e+00	2
292	1.000000000000000e+00	2
293	1.000000000000000e+00	22
294	1.000000000000000e+00	8
295	1.000000000000000e+00	24
296	1.000000000000000e+00	4
297	1.000000000000000e+00	12
298	1.000000000000000e+00	16
299	1.000000000000000e+00	18
300	1.000000000000000e+00	4
301	1.000000000000000e+00	10
302	1.000000000000000e+00	4
303	1.000000000000000e+00	6
304	1.000000000000000e+00	16
305	1.000000000000000e+00	10
306	1.000000000000000e+00	10
307	1.000000000000000e+00	2
308	1.000000000000000e+00	14
309	1.000000000000000e+00	12
310	1.000000000000000e+00	2
311	1.000000000000000e+00	30
312	1.000000000000000e+00	32
313	1.000000000000000e+00	12
314	1.000000000000000e+00	34
315	1.000000000000000e+00	8
316	1.000000000000000e+00	6
317	1.000000000000000e+00	2
318	1.000000000000000e+00	6
319	1.000000000000000e+00	6
320	1.000000000000000e+00	18
321	1.000000000000000e+00	56
322	1.000000000000000e+00	16
323	1.000000000000000e+00	12
324	1.000000000000000e+00	6
325	1.000000000000000e+00	38
326	1.000000000000000e+00	8
327	1.000000000000000e+00	6
328	1.000000000000000e+00	28
329	1.000000000000000e+00	6
330	1.000000000000000e+00	6
331	1.000000000000000e+00	10
332	1.000000000000000e+00	2
333	1.000000000000000e+00	4
334	1.000000000000000e+00	26
335	1.000000000000000e+00	24
336	1.000000000000000e+00	10
337	1.000000000000000e+00	4
338	1.000000000000000e+00	8
339	1.000000000000000e+00	20
340	1.000000000000000e+00	6
341	1.000000000000000e+00	18
342	1.000000000000000e+00	26
343	1.000000000000000e+00	10
344	1.000000000000000e+00	12
345	1.000000000000000e+00	22
346	1.000000000000000e+00	24
347	1.000000000000000e+00	2
348	1.000000000000000e+00	18
349	1.000000000000000e+00	2
350	1.000000000000000e+00	14
351	1.000000000000000e+00	10
352	1.000000000000000e+00	16
353	1.000000000000000e+00	2
354	1.000000000000000e+00	8
355	1.000000000000000e+00	34
356	1.000000000000000e+00	2
357	1.000000000000000e+00	10
358	1.000000000000000e+00	34
359	1.000000000000000e+00	22
360	1.000000000000000e+00	56
361	1.000000000000000e+00	6
362	1.000000000000000e+00	36
363	1.000000000000000e+00	8
364	1.000000000000000e+00	2
365	1.000000000000000e+00	4
366	1.000000000000000e+00	8
367	1.000000000000000e+00	16
368	1.000000000000000e+00	16
369	1.000000000000000e+00	2
370	1.000000000000000e+00	2
371	1.000000000000000e+00	20
372	1.000000000000000e+00	6
373	1.000000000000000e+00	16
374	1.000000000000000e+00	4
375	1.000000000000000e+00	6
376	1.000000000000000e+00	8
377	1.000000000000000e+00	14
378	1.000000000000000e+00	4
379	1.000000000000000e+00	14
380	1.000000000000000e+00	10
381	1.000000000000000e+00	22
382	1.000000000000000e+00	20
383	1.000000000000000e+00	22
384	1.000000000000000e+00	4
385	1.000000000000000e+00	30
386	1.000000000000000e+00	6
387	1.000000000000000e+00	6
388	1.000000000000000e+00	8
389	1.000000000000000e+00	6
390	1.000000000000000e+00	16
391	1.000000000000000e+00	10
392	1.000000000000000e+00	6
393	1.000000000000000e+00	10
394	1.000000000000000e+00	8
395	1.000000000000000e+00	8
396	1.000000000000000e+00	4
397	1.000000000000000e+00	10
398	1.000000000000000e+00	14
399	1.000000000000000e+00	20
400	1.000000000000000e+00	8
401	1.000000000000000e+00	4
402	1.000000000000000e+00	2
403	1.000000000000000e+00	20
404	1.000000000000000e+00	16
405	1.000000000000000e+00	2
406	1.000000000000000e+00	4
407	1.000000000000000e+00	6
408	1.000000000000000e+00	8
409	1.000000000000000e+00	22
410	1.000000000000000e+00	24
411	1.000000000000000e+00	2
412	1.000000000000000e+00	10
413	1.000000000000000e+00	34
414	1.000000000000000e+00	16
415	1.000000000000000e+00	2
416	1.000000000000000e+00	20
417	1.000000000000000e+00	4
418	1.000000000000000e+00	24
419	1.000000000000000e+00	26
420	1.000000000000000e+00	4
421	1.000000000000000e+00	2
422	1.000000000000000e+00	56
423	1.000000000000000e+00	20
424	9.999958457518237e-01	28
425	1.000000000000000e+00	2
426	1.000000000000000e+00	4
427	1.000000000000000e+00	4
428	1.000000000000000e+00	26
429	1.000000000000000e+00	18
430	1.000000000000000e+00	24
431	1.000000000000000e+00	8
432	1.000000000000000e+00	4
433	1.000000000000000e+00	26
434	1.000000000000000e+00	16
435	1.000000000000000e+00	8
436	1.000000000000000e+00	4
437	1.000000000000000e+00	6
438	1.000000000000000e+00	12
439	1.000000000000000e+00	16
440	1.000000000000000e+00	12
441	1.000000000000000e+00	4
442	1.000000000000000e+00	30
443	1.000000000000000e+00	10
444	1.000000000000000e+00	22
445	1.000000000000000e+00	4
446	1.000000000000000e+00	6
447	1.000000000000000e+00	14
448	1.000000000000000e+00	6
449	1.000000000000000e+00	6
450	1.000000000000000e+00	2
451	1.000000000000000e+00	4
452	1.000000000000000e+00	22
453	1.000000000000000e+00	6
454	1.000000000000000e+00	2
455	1.000000000000000e+00	16
456	1.000000000000000e+00	20
457	1.000000000000000e+00	14
458	1.000000000000000e+00	16
459	1.000000000000000e+00	12
460	1.000000000000000e+00	6
461	1.000000000000000e+00	6
462	1.000000000000000e+00	12
463	1.000000000000000e+00	6
464	1.000000000000000e+00	24
465	1.000000000000000e+00	4
466	1.000000000000000e+00	12
467	1.000000000000000e+00	62
468	1.000000000000000e+00	14
469	1.000000000000000e+00	10
470	1.000000000000000e+00	40
471	1.000000000000000e+00	10
472	1.000000000000000e+00	10
473	1.000000000000000e+00	24
474	1.000000000000000e+00	10
475	1.000000000000000e+00	2
476	1.000000000000000e+00	26
477	1.000000000000000e+00	12
478	1.000000000000000e+00	20
479	1.000000000000000e+00	2
480	1.000000000000000e+00	12
481	1.000000000000000e+00	4
482	1.000000000000000e+00	8
483	1.000000000000000e+00	8
484	1.000000000000000e+00	18
485	1.000000000000000e+00	2
486	1.000000000000000e+00	32
487	1.000000000000000e+00	14
488	1.000000000000000e+00	4
489	1.000000000000000e+00	4
490	1.000000000000000e+00	16
491	9.500114670911675e-01	258
492	9.000276616403280e-01	242
493	8.500175346440210e-01	236
494	8.000088782651209e-01	292
495	7.500027787625017e-01	206
496	7.000052056762767e-01	286
497	6.500172635860554e-01	268
498	6.000086390949230e-01	324
499	5.500069313009872e-01	338
500	4.999995410994592e-01	228
501	5.499991563107892e-01	312
502	6.000018742425821e-01	290
503	6.500099407323655e-01	294
504	7.000216370901314e-01	278
505	7.500145648740590e-01	298
506	8.000069174262769e-01	180
507	8.500142494731849e-01	276
508	9.000265823866258e-01	268
509	9.500360691291736e-01	250
510	9.000395190323519e-01	284
511	8.500239874855557e-01	282
512	8.000099380646452e-01	278
513	7.499949572249293e-01	330
514	7.999813455302062e-01	196
515	8.499824078208845e-01	282
516	8.999693097032030e-01	290
517	9.499682461113880e-01	314
518	9.999508850785358e-01	316
519	9.999626744279265e-01	264
520	9.999659847755969e-01	272
521	9.999829306101825e-01	238
522	1.000000000000000e+00	52
523	1.000000000000000e+00	6
524	1.000000000000000e+00	30
525	1.000000000000000e+00	12
526	1.000000000000000e+00	14
527	1.000000000000000e+00	8
528	1.000000000000000e+00	34
529	1.000000000000000e+00	6
530	1.000000000000000e+00	6
531	1.000000000000000e+00	4
532	1.000000000000000e+00	4
533	1.000000000000000e+00	2
534	1.000000000000000e+00	24
535	1.000000000000000e+00	14
536	1.000000000000000e+00	2
537	1.000000000000000e+00	8
538	1.000000000000000e+00	6
539	1.000000000000000e+00	18
540	1.000000000000000e+00	4
541	1.000000000000000e+00	24
542	1.000000000000000e+00	2
543	1.000000000000000e+00	14
544	1.000000000000000e+00	6
545	1.000000000000000e+00	26
546	1.000000000000000e+00	12
547	1.000000000000000e+00	16
548	1.000000000000000e+00	14
549	1.000000000000000e+00	4
550	1.000000000000000e+00	14
551	1.000000000000000e+00	30
552	1.000000000000000e+00	6
553	1.000000000000000e+00	8
554	1.000000000000000e+00	4
555	1.000000000000000e+00	14
556	1.000000000000000e+00	2
557	1.000000000000000e+00	18
558	1.000000000000000e+00	2
559	1.000000000000000e+00	10
560	1.000000000000000e+00	26
561	1.000000000000000e+00	12
562	1.000000000000000e+00	6
563	1.000000000000000e+00	12
564	1.000000000000000e+00	16
565	1.000000000000000e+00	26
566	1.000000000000000e+00	8
567	1.000000000000000e+00	32
568	1.000000000000000e+00	14
569	1.000000000000000e+00	34
570	1.000000000000000e+00	26
571	1.000000000000000e+00	8
572	1.000000000000000e+00	6
573	1.000000000000000e+00	16
574	1.000000000000000e+00	14
575	1.000000000000000e+00	10
576	1.000000000000000e+00	10
577	1.000000000000000e+00	4
578	1.000000000000000e+00	4
579	1.000000000000000e+00	8
580	1.000000000000000e+00	10
581	1.000000000000000e+00	22
582	1.000000000000000e+00	2
583	1.000000000000000e+00	30
584	1.000000000000000e+00	6
585	1.000000000000000e+00	36
586	1.000000000000000e+00	2
587	1.000000000000000e+00	8
588	1.000000000000000e+00	18
589	1.000000000000000e+00	16
590	1.000000000000000e+00	8
591	1.000000000000000e+00	28
592	1.000000000000000e+00	4
593	1.000000000000000e+00	16
594	1.000000000000000e+00	6
595	1.000000000000000e+00	6
596	1.000000000000000e+00	2
597	1.000000000000000e+00	10
598	1.000000000000000e+00	4
599	1.000000000000000e+00	4
600	1.000000000000000e+00	4
601	1.000000000000000e+00	10
602	1.000000000000000e+00	10
603	1.000000000000000e+00	6
604	1.000000000000000e+00	10
605	1.000000000000000e+00	8
606	1.000000000000000e+00	12
607	1.000000000000000e+00	22
608	1.000000000000000e+00	2
609	1.000000000000000e+00	10
610	1.000000000000000e+00	20
611	1.000000000000000e+00	6
612	1.000000000000000e+00	2
613	1.000000000000000e+00	20
614	1.000000000000000e+00	4
615	1.000000000000000e+00	20
616	1.000000000000000e+00	18
617	1.000000000000000e+00	22
618	1.000000000000000e+00	12
619	1.000000000000000e+00	10
620	1.000000000000000e+00	6
621	1.000000000000000e+00	12
622	1.000000000000000e+00	2
623	1.000000000000000e+00	20
624	1.000000000000000e+00	8
625	1.000000000000000e+00	2
626	1.000000000000000e+00	6
627	1.000000000000000e+00	14
628	1.000000000000000e+00	36
629	1.000000000000000e+00	12
630	1.000000000000000e+00	52
631	1.000000000000000e+00	12
632	1.000000000000000e+00	8
633	1.000000000000000e+00	8
634	1.000000000000000e+00	2
635	1.000000000000000e+00	6
636	1.000000000000000e+00	18
637	1.000000000000000e+00	2
638	1.000000000000000e+00	2
639	1.000000000000000e+00	8
640	1.000000000000000e+00	14
641	1.000000000000000e+00	6
642	1.000000000000000e+00	4
643	1.000000000000000e+00	2
644	1.000000000000000e+00	16
645	1.000000000000000e+00	8
646	1.000000000000000e+00	26
647	1.000000000000000e+00	40
648	1.000000000000000e+00	24
649	1.000000000000000e+00	12
650	1.000000000000000e+00	8
651	1.000000000000000e+00	16
652	1.000000000000000e+00	26
653	1.000000000000000e+00	46
654	1.000000000000000e+00	18
655	1.000000000000000e+00	8
656	1.000000000000000e+00	8
657	1.000000000000000e+00	2
658	1.000000000000000e+00	18
659	1.000000000000000e+00	6
660	1.000000000000000e+00	14
661	1.000000000000000e+00	12
662	1.000000000000000e+00	22
663	1.000000000000000e+00	12
664	1.000000000000000e+00	16
665	1.000000000000000e+00	4
666	1.000000000000000e+00	8
667	1.000000000000000e+00	8
668	1.000000000000000e+00	10
669	1.000000000000000e+00	16
670	1.000000000000000e+00	8
671	1.000000000000000e+00	4
672	1.000000000000000e+00	8
673	1.000000000000000e+00	22
674	1.000000000000000e+00	2
675	1.000000000000000e+00	6
676	1.000000000000000e+00	16
677	1.000000000000000e+00	8
678	1.000000000000000e+00	8
679	1.000000000000000e+00	6
680	1.000000000000000e+00	4
681	1.000000000000000e+00	38
682	1.000000000000000e+00	10
683	1.000000000000000e+00	10
684	1.000000000000000e+00	42
685	1.000000000000000e+00	2
686	1.000000000000000e+00	10
687	1.000000000000000e+00	4
688	1.000000000000000e+00	2
689	1.000000000000000e+00	2
690	1.000000000000000e+00	14
691	1.000000000000000e+00	6
692	1.000000000000000e+00	38
693	1.000000000000000e+00	6
694	1.000000000000000e+00	2
695	1.000000000000000e+00	6
696	1.000000000000000e+00	14
697	1.000000000000000e+00	18
698	1.000000000000000e+00	4
699	1.000000000000000e+00	16
700	1.000000000000000e+00	2
701	1.000000000000000e+00	20
702	1.000000000000000e+00	10
703	1.000000000000000e+00	20
704	1.000000000000000e+00	28
705	1.000000000000000e+00	12
706	1.000000000000000e+00	10
707	1.000000000000000e+00	12
708	1.000000000000000e+00	14
709	1.000000000000000e+00	12
710	1.000000000000000e+00	22
711	1.000000000000000e+00	6
712	1.000000000000000e+00	6
713	1.000000000000000e+00	4
714	1.000000000000000e+00	22
715	1.000000000000000e+00	16
716	1.000000000000000e+00	2
717	1.000000000000000e+00	2
718	1.000000000000000e+00	30
719	1.000000000000000e+00	4
720	1.000000000000000e+00	2
721	1.000000000000000e+00	30
722	1.000000000000000e+00	10
723	1.000000000000000e+00	12
724	1.000000000000000e+00	12
725	1.000000000000000e+00	12
726	1.000000000000000e+00	4
727	1.000000000000000e+00	10
728	1.000000000000000e+00	10
729	1.000000000000000e+00	16
730	1.000000000000000e+00	6
731	1.000000000000000e+00	2
732	1.000000000000000e+00	8
733	1.000000000000000e+00	2
734	1.000000000000000e+00	10
735	1.000000000000000e+00	4
736	1.000000000000000e+00	12
737	1.000000000000000e+00	12
738	1.000000000000000e+00	28
739	1.000000000000000e+00	10
740	1.000000000000000e+00	4
741	1.000000000000000e+00	22
742	1.000000000000000e+00	10
743	1.000000000000000e+00	22
744	1.000000000000000e+00	4
745	1.000000000000000e+00	24
746	1.000000000000000e+00	8
747	1.000000000000000e+00	8
748	1.000000000000000e+00	10
749	1.000000000000000e+00	22
750	1.000000000000000e+00	6
751	1.000000000000000e+00	2
752	1.000000000000000e+00	4
753	1.000000000000000e+00	14
754	1.000000000000000e+00	4
755	1.000000000000000e+00	2
756	1.000000000000000e+00	4
757	1.000000000000000e+00	4
758	1.000000000000000e+00	22
759	1.000000000000000e+00	20
760	1.000000000000000e+00	8
761	1.000000000000000e+00	2
762	1.000000000000000e+00	8
763	1.000000000000000e+00	18
764	1.000000000000000e+00	10
765	1.000000000000000e+00	16
766	1.000000000000000e+00	2
767	1.000000000000000e+00	18
768	1.000000000000000e+00	10
769	1.000000000000000e+00	14
770	1.000000000000000e+00	16
771	1.000000000000000e+00	8
772	1.000000000000000e+00	10
773	1.000000000000000e+00	14
774	1.000000000000000e+00	14
775	1.000000000000000e+00	38
776	1.000000000000000e+00	4
777	1.000000000000000e+00	6
778	1.000000000000000e+00	42
779	1.000000000000000e+00	22
780	1.000000000000000e+00	2
781	1.000000000000000e+00	6
782	1.000000000000000e+00	2
783	1.000000000000000e+00	12
784	1.000000000000000e+00	2
785	1.000000000000000e+00	16
786	1.000000000000000e+00	2
787	1.000000000000000e+00	32
788	1.000000000000000e+00	4
789	1.000000000000000e+00	6
790	1.000000000000000e+00	2
791	1.000000000000000e+00	4
792	1.000000000000000e+00	4
793	1.000000000000000e+00	18
794	1.000000000000000e+00	18
795	1.000000000000000e+00	4
796	1.000000000000000e+00	20
797	1.000000000000000e+00	12
798	1.000000000000000e+00	20
799	1.000000000000000e+00	6
800	1.000000000000000e+00	2
801	1.000000000000000e+00	18
802	1.000000000000000e+00	46
803	1.000000000000000e+00	14
804	1.000000000000000e+00	2
805	1.000000000000000e+00	6
806	1.000000000000000e+00	10
807	1.000000000000000e+00	6
808	1.000000000000000e+00	24
809	1.000000000000000e+00	4
810	1.000000000000000e+00	26
811	1.000000000000000e+00	6
812	1.000000000000000e+00	16
813	1.000000000000000e+00	4
814	1.000000000000000e+00	6
815	1.000000000000000e+00	2
816	1.000000000000000e+00	2
817	1.000000000000000e+00	8
818	1.000000000000000e+00	16
819	1.000000000000000e+00	8
820	1.000000000000000e+00	14
821	1.000000000000000e+00	4
822	1.000000000000000e+00	12
823	1.000000000000000e+00	2
824	1.000000000000000e+00	8
825	1.000000000000000e+00	8
826	1.000000000000000e+00	44
827	1.000000000000000e+00	4
828	1.000000000000000e+00	14
829	1.000000000000000e+00	10
830	1.000000000000000e+00	2
831	1.000000000000000e+00	2
832	1.000000000000000e+00	24
833	1.000000000000000e+00	4
834	1.000000000000000e+00	2
835	1.000000000000000e+00	4
836	1.000000000000000e+00	14
837	1.000000000000000e+00	12
838	1.000000000000000e+00	30
839	1.000000000000000e+00	2
840	1.000000000000000e+00	4
841	1.000000000000000e+00	8
842	1.000000000000000e+00	20
843	1.000000000000000e+00	44
844	1.000000000000000e+00	12
845	1.000000000000000e+00	4
846	1.000000000000000e+00	10
847	1.000000000000000e+00	16
848	1.000000000000000e+00	8
849	1.000000000000000e+00	26
850	1.000000000000000e+00	6
851	1.000000000000000e+00	6
852	1.000000000000000e+00	4
853	1.000000000000000e+00	4
854	1.000000000000000e+00	6
855	1.000000000000000e+00	8
856	1.000000000000000e+00	16
857	1.000000000000000e+00	2
858	1.000000000000000e+00	24
859	1.000000000000000e+00	10
860	1.000000000000000e+00	4
861	1.000000000000000e+00	28
862	1.000000000000000e+00	10
863	1.000000000000000e+00	14
864	1.000000000000000e+00	20
865	1.000000000000000e+00	10
866	1.000000000000000e+00	30
867	1.000000000000000e+00	6
868	1.000000000000000e+00	8
869	1.000000000000000e+00	16
870	1.000000000000000e+00	4
871	1.000000000000000e+00	8
872	1.000000000000000e+00	10
873	1.000000000000000e+00	6
874	1.000000000000000e+00	2
875	1.000000000000000e+00	32
876	1.000000000000000e+00	10
877	1.000000000000000e+00	12
878	1.000000000000000e+00	18
879	1.000000000000000e+00	16
880	1.000000000000000e+00	4
881	1.000000000000000e+00	8
882	1.000000000000000e+00	18
883	1.000000000000000e+00	8
884	1.000000000000000e+00	14
885	1.000000000000000e+00	4
886	1.000000000000000e+00	16
887	1.000000000000000e+00	2
888	1.000000000000000e+00	4
889	1.000000000000000e+00	16
890	1.000000000000000e+00	14
891	1.000000000000000e+00	16
892	1.000000000000000e+00	14
893	1.000000000000000e+00	118
894	1.000000000000000e+00	2
895	1.000000000000000e+00	10
896	1.000000000000000e+00	16
897	1.000000000000000e+00	18
898	1.000000000000000e+00	6
899	1.000000000000000e+00	16
900	1.000000000000000e+00	24
901	1.000000000000000e+00	14
902	1.000000000000000e+00	14
903	1.000000000000000e+00	6
904	1.000000000000000e+00	6
905	1.000000000000000e+00	2
906	1.000000000000000e+00	4
907	1.000000000000000e+00	24
908	1.000000000000000e+00	2
909	1.000000000000000e+00	4
910	1.000000000000000e+00	12
911	1.000000000000000e+00	4
912	1.000000000000000e+00	6
913	1.000000000000000e+00	16
914	1.000000000000000e+00	8
915	1.000000000000000e+00	2
916	1.000000000000000e+00	8
917	1.000000000000000e+00	22
918	1.000000000000000e+00	14
919	1.000000000000000e+00	22
920	1.000000000000000e+00	8
921	1.000000000000000e+00	4
922	1.000000000000000e+00	6
923	1.000000000000000e+00	4
924	1.000000000000000e+00	16
925	1.000000000000000e+00	10
926	1.000000000000000e+00	10
927	1.000000000000000e+00	12
928	1.000000000000000e+00	6
929	1.000000000000000e+00	8
930	1.000000000000000e+00	10
931	1.000000000000000e+00	4
932	1.000000000000000e+00	14
933	1.000000000000000e+00	20
934	1.000000000000000e+00	4
935	1.000000000000000e+00	6
936	1.000000000000000e+00	14
937	1.000000000000000e+00	8
938	1.000000000000000e+00	2
939	1.000000000000000e+00	28
940	1.000000000000000e+00	8
941	1.000000000000000e+00	18
942	1.000000000000000e+00	10
943	1.000000000000000e+00	14
944	1.000000000000000e+00	26
945	1.000000000000000e+00	16
946	1.000000000000000e+00	24
947	1.000000000000000e+00	6
948	1.000000000000000e+00	24
949	1.000000000000000e+00	8
950	1.000000000000000e+00	6
951	1.000000000000000e+00	2
952	1.000000000000000e+00	10
953	1.000000000000000e+00	2
954	1.000000000000000e+00	14
955	1.000000000000000e+00	8
956	1.000000000000000e+00	2
957	1.000000000000000e+00	16
958	1.000000000000000e+00	10
959	1.000000000000000e+00	16
960	1.000000000000000e+00	18
961	1.000000000000000e+00	8
962	1.000000000000000e+00	22
963	1.000000000000000e+00	36
964	1.000000000000000e+00	44
965	1.000000000000000e+00	4
966	1.000000000000000e+00	14
967	1.000000000000000e+00	2
968	1.000000000000000e+00	6
969	1.000000000000000e+00	8
970	1.000000000000000e+00	8
971	1.000000000000000e+00	24
972	1.000000000000000e+00	10
973	1.000000000000000e+00	38
974	1.000000000000000e+00	12
975	1.000000000000000e+00	4
976	1.000000000000000e+00	12
977	1.000000000000000e+00	8
978	1.000000000000000e+00	4
979	1.000000000000000e+00	38
980	1.000000000000000e+00	2
981	1.000000000000000e+00	26
982	1.000000000000000e+00	4
983	1.000000000000000e+00	6
984	1.000000000000000e+00	6
985	1.000000000000000e+00	6
986	1.000000000000000e+00	6
987	1.000000000000000e+00	2
988	1.000000000000000e+00	18
989	1.000000000000000e+00	8
990	1.000000000000000e+00	16
991	1.000000000000000e+00	22
992	1.000000000000000e+00	12
993	1.000000000000000e+00	4
994	1.000000000000000e+00	12
995	1.000000000000000e+00	12
996	1.000000000000000e+00	2
997	1.000000000000000e+00	18
998	1.000000000000000e+00	16
999	1.000000000000000e+00	10
1000	1.000000000000000e+00	2


Tempo gasto: 6.850760
