Método usado: ANTCOLONY OPTIMIZATION

POSIÇÃO	ÁREA(mm²)	CUSTO

1	1.000000000000000e+00	40
2	1.000000000000000e+00	100
3	1.000000000000000e+00	20
4	1.000000000000000e+00	100
5	1.000000000000000e+00	20
6	1.000000000000000e+00	20
7	1.000000000000000e+00	80
8	1.000000000000000e+00	20
9	1.000000000000000e+00	100
10	1.000000000000000e+00	20
11	1.000000000000000e+00	20
12	1.000000000000000e+00	20
13	1.000000000000000e+00	40
14	1.000000000000000e+00	80
15	1.000000000000000e+00	20
16	1.000000000000000e+00	20
17	1.000000000000000e+00	120
18	1.000000000000000e+00	20
19	1.000000000000000e+00	20
20	1.000000000000000e+00	60
21	1.000000000000000e+00	80
22	1.000000000000000e+00	120
23	1.000000000000000e+00	40
24	1.000000000000000e+00	40
25	1.000000000000000e+00	60
26	1.000000000000000e+00	160
27	1.000000000000000e+00	20
28	1.000000000000000e+00	20
29	1.000000000000000e+00	40
30	1.000000000000000e+00	20
31	1.000000000000000e+00	20
32	1.000000000000000e+00	20
33	1.000000000000000e+00	100
34	1.000000000000000e+00	20
35	1.000000000000000e+00	20
36	1.000000000000000e+00	20
37	1.000000000000000e+00	20
38	1.000000000000000e+00	20
39	1.000000000000000e+00	80
40	1.000000000000000e+00	20
41	1.000000000000000e+00	20
42	1.000000000000000e+00	100
43	1.000000000000000e+00	40
44	1.000000000000000e+00	20
45	1.000000000000000e+00	20
46	1.000000000000000e+00	20
47	1.000000000000000e+00	20
48	1.000000000000000e+00	60
49	1.000000000000000e+00	20
50	1.000000000000000e+00	20
51	1.000000000000000e+00	20
52	1.000000000000000e+00	20
53	1.000000000000000e+00	20
54	1.000000000000000e+00	20
55	1.000000000000000e+00	40
56	1.000000000000000e+00	80
57	1.000000000000000e+00	20
58	1.000000000000000e+00	40
59	1.000000000000000e+00	20
60	1.000000000000000e+00	20
61	1.000000000000000e+00	20
62	1.000000000000000e+00	20
63	1.000000000000000e+00	40
64	1.000000000000000e+00	40
65	1.000000000000000e+00	20
66	1.000000000000000e+00	60
67	1.000000000000000e+00	20
68	1.000000000000000e+00	20
69	1.000000000000000e+00	20
70	1.000000000000000e+00	20
71	1.000000000000000e+00	20
72	1.000000000000000e+00	20
73	1.000000000000000e+00	40
74	1.000000000000000e+00	20
75	1.000000000000000e+00	20
76	1.000000000000000e+00	20
77	1.000000000000000e+00	40
78	1.000000000000000e+00	20
79	1.000000000000000e+00	20
80	1.000000000000000e+00	20
81	1.000000000000000e+00	20
82	1.000000000000000e+00	20
83	1.000000000000000e+00	20
84	1.000000000000000e+00	80
85	1.000000000000000e+00	40
86	1.000000000000000e+00	40
87	1.000000000000000e+00	20
88	1.000000000000000e+00	60
89	1.000000000000000e+00	20
90	1.000000000000000e+00	40
91	1.000000000000000e+00	20
92	1.000000000000000e+00	40
93	1.000000000000000e+00	20
94	1.000000000000000e+00	20
95	1.000000000000000e+00	20
96	1.000000000000000e+00	20
97	1.000000000000000e+00	40
98	1.000000000000000e+00	20
99	1.000000000000000e+00	60
100	1.000000000000000e+00	40
101	1.000000000000000e+00	20
102	1.000000000000000e+00	20
103	1.000000000000000e+00	40
104	1.000000000000000e+00	20
105	1.000000000000000e+00	20
106	1.000000000000000e+00	20
107	1.000000000000000e+00	20
108	1.000000000000000e+00	20
109	1.000000000000000e+00	20
110	1.000000000000000e+00	40
111	1.000000000000000e+00	40
112	1.000000000000000e+00	20
113	1.000000000000000e+00	100
114	1.000000000000000e+00	40
115	1.000000000000000e+00	20
116	1.000000000000000e+00	40
117	1.000000000000000e+00	100
118	1.000000000000000e+00	20
119	1.000000000000000e+00	20
120	1.000000000000000e+00	20
121	1.000000000000000e+00	20
122	1.000000000000000e+00	20
123	1.000000000000000e+00	80
124	1.000000000000000e+00	200
125	1.000000000000000e+00	20
126	1.000000000000000e+00	20
127	1.000000000000000e+00	20
128	1.000000000000000e+00	20
129	1.000000000000000e+00	60
130	1.000000000000000e+00	20
131	1.000000000000000e+00	20
132	1.000000000000000e+00	20
133	1.000000000000000e+00	20
134	1.000000000000000e+00	20
135	1.000000000000000e+00	20
136	1.000000000000000e+00	20
137	1.000000000000000e+00	80
138	1.000000000000000e+00	40
139	1.000000000000000e+00	20
140	1.000000000000000e+00	60
141	1.000000000000000e+00	60
142	1.000000000000000e+00	20
143	1.000000000000000e+00	80
144	1.000000000000000e+00	20
145	1.000000000000000e+00	20
146	1.000000000000000e+00	20
147	1.000000000000000e+00	60
148	1.000000000000000e+00	20
149	1.000000000000000e+00	20
150	1.000000000000000e+00	40
151	1.000000000000000e+00	60
152	1.000000000000000e+00	20
153	1.000000000000000e+00	60
154	1.000000000000000e+00	20
155	1.000000000000000e+00	20
156	1.000000000000000e+00	20
157	1.000000000000000e+00	40
158	1.000000000000000e+00	20
159	1.000000000000000e+00	20
160	1.000000000000000e+00	20
161	1.000000000000000e+00	20
162	1.000000000000000e+00	20
163	1.000000000000000e+00	140
164	1.000000000000000e+00	20
165	1.000000000000000e+00	40
166	1.000000000000000e+00	20
167	1.000000000000000e+00	60
168	1.000000000000000e+00	20
169	1.000000000000000e+00	20
170	1.000000000000000e+00	20
171	1.000000000000000e+00	20
172	1.000000000000000e+00	20
173	1.000000000000000e+00	80
174	1.000000000000000e+00	20
175	1.000000000000000e+00	20
176	1.000000000000000e+00	20
177	1.000000000000000e+00	40
178	1.000000000000000e+00	20
179	1.000000000000000e+00	40
180	1.000000000000000e+00	20
181	1.000000000000000e+00	20
182	1.000000000000000e+00	60
183	1.000000000000000e+00	20
184	1.000000000000000e+00	40
185	1.000000000000000e+00	20
186	1.000000000000000e+00	60
187	1.000000000000000e+00	20
188	1.000000000000000e+00	20
189	1.000000000000000e+00	20
190	1.000000000000000e+00	40
191	1.000000000000000e+00	20
192	1.000000000000000e+00	20
193	1.000000000000000e+00	40
194	1.000000000000000e+00	40
195	1.000000000000000e+00	20
196	1.000000000000000e+00	40
197	1.000000000000000e+00	120
198	1.000000000000000e+00	20
199	1.000000000000000e+00	20
200	1.000000000000000e+00	60
201	1.000000000000000e+00	100
202	1.000000000000000e+00	40
203	1.000000000000000e+00	20
204	1.000000000000000e+00	20
205	1.000000000000000e+00	20
206	1.000000000000000e+00	20
207	1.000000000000000e+00	40
208	1.000000000000000e+00	20
209	1.000000000000000e+00	40
210	1.000000000000000e+00	60
211	1.000000000000000e+00	80
212	1.000000000000000e+00	20
213	1.000000000000000e+00	120
214	1.000000000000000e+00	80
215	1.000000000000000e+00	20
216	1.000000000000000e+00	20
217	1.000000000000000e+00	20
218	1.000000000000000e+00	40
219	1.000000000000000e+00	60
220	1.000000000000000e+00	40
221	1.000000000000000e+00	60
222	1.000000000000000e+00	20
223	1.000000000000000e+00	20
224	1.000000000000000e+00	20
225	1.000000000000000e+00	20
226	1.000000000000000e+00	20
227	1.000000000000000e+00	20
228	1.000000000000000e+00	60
229	1.000000000000000e+00	20
230	1.000000000000000e+00	20
231	1.000000000000000e+00	20
232	1.000000000000000e+00	20
233	1.000000000000000e+00	20
234	1.000000000000000e+00	20
235	1.000000000000000e+00	20
236	1.000000000000000e+00	20
237	1.000000000000000e+00	20
238	1.000000000000000e+00	20
239	1.000000000000000e+00	80
240	1.000000000000000e+00	20
241	1.000000000000000e+00	80
242	1.000000000000000e+00	20
243	1.000000000000000e+00	20
244	1.000000000000000e+00	40
245	1.000000000000000e+00	40
246	1.000000000000000e+00	20
247	1.000000000000000e+00	20
248	1.000000000000000e+00	40
249	1.000000000000000e+00	40
250	1.000000000000000e+00	20
251	1.000000000000000e+00	20
252	1.000000000000000e+00	40
253	1.000000000000000e+00	60
254	1.000000000000000e+00	40
255	1.000000000000000e+00	20
256	1.000000000000000e+00	20
257	1.000000000000000e+00	20
258	1.000000000000000e+00	20
259	1.000000000000000e+00	180
260	1.000000000000000e+00	80
261	1.000000000000000e+00	40
262	1.000000000000000e+00	20
263	1.000000000000000e+00	40
264	1.000000000000000e+00	160
265	1.000000000000000e+00	20
266	1.000000000000000e+00	100
267	1.000000000000000e+00	20
268	1.000000000000000e+00	20
269	1.000000000000000e+00	20
270	1.000000000000000e+00	20
271	1.000000000000000e+00	20
272	1.000000000000000e+00	40
273	1.000000000000000e+00	20
274	1.000000000000000e+00	20
275	1.000000000000000e+00	180
276	1.000000000000000e+00	80
277	1.000000000000000e+00	20
278	1.000000000000000e+00	20
279	1.000000000000000e+00	40
280	1.000000000000000e+00	20
281	1.000000000000000e+00	20
282	1.000000000000000e+00	20
283	1.000000000000000e+00	100
284	1.000000000000000e+00	40
285	1.000000000000000e+00	80
286	1.000000000000000e+00	60
287	1.000000000000000e+00	20
288	1.000000000000000e+00	100
289	1.000000000000000e+00	40
290	1.000000000000000e+00	20
291	1.000000000000000e+00	20
292	1.000000000000000e+00	20
293	1.000000000000000e+00	40
294	1.000000000000000e+00	20
295	1.000000000000000e+00	20
296	1.000000000000000e+00	20
297	1.000000000000000e+00	20
298	1.000000000000000e+00	40
299	1.000000000000000e+00	20
300	1.000000000000000e+00	40
301	1.000000000000000e+00	20
302	1.000000000000000e+00	20
303	1.000000000000000e+00	40
304	1.000000000000000e+00	220
305	1.000000000000000e+00	20
306	1.000000000000000e+00	20
307	1.000000000000000e+00	40
308	1.000000000000000e+00	40
309	1.000000000000000e+00	20
310	1.000000000000000e+00	80
311	1.000000000000000e+00	20
312	1.000000000000000e+00	20
313	1.000000000000000e+00	20
314	1.000000000000000e+00	20
315	1.000000000000000e+00	60
316	1.000000000000000e+00	40
317	1.000000000000000e+00	20
318	1.000000000000000e+00	20
319	1.000000000000000e+00	20
320	1.000000000000000e+00	20
321	1.000000000000000e+00	40
322	1.000000000000000e+00	40
323	1.000000000000000e+00	20
324	1.000000000000000e+00	40
325	1.000000000000000e+00	20
326	1.000000000000000e+00	20
327	1.000000000000000e+00	20
328	1.000000000000000e+00	100
329	1.000000000000000e+00	20
330	1.000000000000000e+00	60
331	1.000000000000000e+00	20
332	1.000000000000000e+00	220
333	1.000000000000000e+00	160
334	1.000000000000000e+00	40
335	1.000000000000000e+00	40
336	1.000000000000000e+00	20
337	1.000000000000000e+00	20
338	1.000000000000000e+00	20
339	1.000000000000000e+00	20
340	1.000000000000000e+00	20
341	1.000000000000000e+00	20
342	1.000000000000000e+00	60
343	1.000000000000000e+00	60
344	1.000000000000000e+00	20
345	1.000000000000000e+00	20
346	1.000000000000000e+00	20
347	1.000000000000000e+00	80
348	1.000000000000000e+00	20
349	1.000000000000000e+00	20
350	1.000000000000000e+00	120
351	1.000000000000000e+00	20
352	1.000000000000000e+00	120
353	1.000000000000000e+00	20
354	1.000000000000000e+00	20
355	1.000000000000000e+00	20
356	1.000000000000000e+00	20
357	1.000000000000000e+00	60
358	1.000000000000000e+00	20
359	1.000000000000000e+00	20
360	1.000000000000000e+00	20
361	1.000000000000000e+00	20
362	1.000000000000000e+00	20
363	1.000000000000000e+00	20
364	1.000000000000000e+00	20
365	1.000000000000000e+00	20
366	1.000000000000000e+00	60
367	1.000000000000000e+00	20
368	1.000000000000000e+00	20
369	1.000000000000000e+00	60
370	1.000000000000000e+00	20
371	1.000000000000000e+00	20
372	1.000000000000000e+00	60
373	1.000000000000000e+00	20
374	1.000000000000000e+00	20
375	1.000000000000000e+00	60
376	1.000000000000000e+00	20
377	1.000000000000000e+00	20
378	1.000000000000000e+00	60
379	1.000000000000000e+00	20
380	1.000000000000000e+00	20
381	1.000000000000000e+00	40
382	1.000000000000000e+00	40
383	1.000000000000000e+00	40
384	1.000000000000000e+00	40
385	1.000000000000000e+00	20
386	1.000000000000000e+00	40
387	1.000000000000000e+00	20
388	1.000000000000000e+00	20
389	1.000000000000000e+00	20
390	1.000000000000000e+00	20
391	1.000000000000000e+00	80
392	1.000000000000000e+00	20
393	1.000000000000000e+00	20
394	1.000000000000000e+00	20
395	1.000000000000000e+00	20
396	1.000000000000000e+00	20
397	1.000000000000000e+00	60
398	1.000000000000000e+00	20
399	1.000000000000000e+00	20
400	1.000000000000000e+00	20
401	1.000000000000000e+00	40
402	1.000000000000000e+00	20
403	1.000000000000000e+00	20
404	1.000000000000000e+00	40
405	1.000000000000000e+00	20
406	1.000000000000000e+00	60
407	1.000000000000000e+00	40
408	1.000000000000000e+00	20
409	1.000000000000000e+00	120
410	1.000000000000000e+00	20
411	1.000000000000000e+00	20
412	1.000000000000000e+00	20
413	1.000000000000000e+00	20
414	1.000000000000000e+00	60
415	1.000000000000000e+00	20
416	1.000000000000000e+00	20
417	1.000000000000000e+00	20
418	1.000000000000000e+00	40
419	1.000000000000000e+00	40
420	1.000000000000000e+00	20
421	1.000000000000000e+00	140
422	1.000000000000000e+00	100
423	1.000000000000000e+00	20
424	1.000000000000000e+00	20
425	1.000000000000000e+00	20
426	1.000000000000000e+00	20
427	1.000000000000000e+00	20
428	1.000000000000000e+00	20
429	1.000000000000000e+00	20
430	1.000000000000000e+00	140
431	1.000000000000000e+00	60
432	1.000000000000000e+00	20
433	1.000000000000000e+00	20
434	1.000000000000000e+00	20
435	1.000000000000000e+00	20
436	1.000000000000000e+00	20
437	1.000000000000000e+00	40
438	1.000000000000000e+00	40
439	1.000000000000000e+00	60
440	1.000000000000000e+00	20
441	1.000000000000000e+00	20
442	1.000000000000000e+00	20
443	1.000000000000000e+00	20
444	1.000000000000000e+00	20
445	1.000000000000000e+00	20
446	1.000000000000000e+00	20
447	1.000000000000000e+00	20
448	1.000000000000000e+00	20
449	1.000000000000000e+00	60
450	1.000000000000000e+00	20
451	1.000000000000000e+00	40
452	1.000000000000000e+00	20
453	1.000000000000000e+00	20
454	1.000000000000000e+00	20
455	1.000000000000000e+00	20
456	1.000000000000000e+00	100
457	1.000000000000000e+00	20
458	1.000000000000000e+00	20
459	1.000000000000000e+00	40
460	1.000000000000000e+00	60
461	1.000000000000000e+00	80
462	1.000000000000000e+00	20
463	1.000000000000000e+00	40
464	1.000000000000000e+00	40
465	1.000000000000000e+00	20
466	1.000000000000000e+00	80
467	1.000000000000000e+00	40
468	1.000000000000000e+00	20
469	1.000000000000000e+00	20
470	1.000000000000000e+00	40
471	1.000000000000000e+00	80
472	1.000000000000000e+00	20
473	1.000000000000000e+00	40
474	1.000000000000000e+00	20
475	1.000000000000000e+00	20
476	1.000000000000000e+00	80
477	1.000000000000000e+00	20
478	1.000000000000000e+00	40
479	1.000000000000000e+00	20
480	1.000000000000000e+00	20
481	1.000000000000000e+00	20
482	1.000000000000000e+00	20
483	1.000000000000000e+00	280
484	1.000000000000000e+00	40
485	1.000000000000000e+00	20
486	1.000000000000000e+00	100
487	1.000000000000000e+00	20
488	1.000000000000000e+00	20
489	1.000000000000000e+00	40
490	1.000000000000000e+00	60
491	9.500000000000001e-01	40
492	9.000000000000000e-01	20
493	8.500000000000001e-01	20
494	8.000000000000000e-01	20
495	7.500000000000000e-01	20
496	7.000000000000001e-01	100
497	6.500000000000000e-01	20
498	6.000000000000001e-01	60
499	5.500000000000000e-01	80
500	5.000000000000000e-01	40
501	5.500000000000000e-01	20
502	6.000000000000001e-01	20
503	6.500000000000000e-01	20
504	7.000000000000001e-01	80
505	7.500000000000000e-01	20
506	8.000000000000000e-01	20
507	8.500000000000001e-01	20
508	9.000000000000000e-01	20
509	9.500000000000001e-01	60
510	9.000000000000000e-01	20
511	8.500000000000001e-01	20
512	8.000000000000000e-01	20
513	7.500000000000000e-01	20
514	8.000000000000000e-01	100
515	8.500000000000001e-01	20
516	9.000000000000000e-01	20
517	9.500000000000001e-01	60
518	1.000000000000000e+00	40
519	1.000000000000000e+00	20
520	1.000000000000000e+00	20
521	1.000000000000000e+00	60
522	1.000000000000000e+00	20
523	1.000000000000000e+00	20
524	1.000000000000000e+00	20
525	1.000000000000000e+00	40
526	1.000000000000000e+00	20
527	1.000000000000000e+00	60
528	1.000000000000000e+00	60
529	1.000000000000000e+00	20
530	1.000000000000000e+00	40
531	1.000000000000000e+00	20
532	1.000000000000000e+00	20
533	1.000000000000000e+00	20
534	1.000000000000000e+00	20
535	1.000000000000000e+00	40
536	1.000000000000000e+00	120
537	1.000000000000000e+00	20
538	1.000000000000000e+00	20
539	1.000000000000000e+00	40
540	1.000000000000000e+00	20
541	1.000000000000000e+00	20
542	1.000000000000000e+00	40
543	1.000000000000000e+00	20
544	1.000000000000000e+00	20
545	1.000000000000000e+00	20
546	1.000000000000000e+00	40
547	1.000000000000000e+00	20
548	1.000000000000000e+00	40
549	1.000000000000000e+00	20
550	1.000000000000000e+00	20
551	1.000000000000000e+00	80
552	1.000000000000000e+00	20
553	1.000000000000000e+00	20
554	1.000000000000000e+00	20
555	1.000000000000000e+00	20
556	1.000000000000000e+00	20
557	1.000000000000000e+00	40
558	1.000000000000000e+00	40
559	1.000000000000000e+00	20
560	1.000000000000000e+00	20
561	1.000000000000000e+00	20
562	1.000000000000000e+00	20
563	1.000000000000000e+00	160
564	1.000000000000000e+00	20
565	1.000000000000000e+00	60
566	1.000000000000000e+00	20
567	1.000000000000000e+00	20
568	1.000000000000000e+00	20
569	1.000000000000000e+00	20
570	1.000000000000000e+00	20
571	1.000000000000000e+00	20
572	1.000000000000000e+00	100
573	1.000000000000000e+00	20
574	1.000000000000000e+00	40
575	1.000000000000000e+00	20
576	1.000000000000000e+00	20
577	1.000000000000000e+00	40
578	1.000000000000000e+00	20
579	1.000000000000000e+00	20
580	1.000000000000000e+00	20
581	1.000000000000000e+00	20
582	1.000000000000000e+00	20
583	1.000000000000000e+00	60
584	1.000000000000000e+00	20
585	1.000000000000000e+00	60
586	1.000000000000000e+00	20
587	1.000000000000000e+00	40
588	1.000000000000000e+00	60
589	1.000000000000000e+00	40
590	1.000000000000000e+00	200
591	1.000000000000000e+00	80
592	1.000000000000000e+00	20
593	1.000000000000000e+00	40
594	1.000000000000000e+00	20
595	1.000000000000000e+00	20
596	1.000000000000000e+00	20
597	1.000000000000000e+00	20
598	1.000000000000000e+00	20
599	1.000000000000000e+00	20
600	1.000000000000000e+00	20
601	1.000000000000000e+00	20
602	1.000000000000000e+00	20
603	1.000000000000000e+00	20
604	1.000000000000000e+00	20
605	1.000000000000000e+00	80
606	1.000000000000000e+00	40
607	1.000000000000000e+00	20
608	1.000000000000000e+00	20
609	1.000000000000000e+00	60
610	1.000000000000000e+00	20
611	1.000000000000000e+00	20
612	1.000000000000000e+00	20
613	1.000000000000000e+00	20
614	1.000000000000000e+00	20
615	1.000000000000000e+00	20
616	1.000000000000000e+00	20
617	1.000000000000000e+00	20
618	1.000000000000000e+00	20
619	1.000000000000000e+00	20
620	1.000000000000000e+00	40
621	1.000000000000000e+00	20
622	1.000000000000000e+00	20
623	1.000000000000000e+00	40
624	1.000000000000000e+00	20
625	1.000000000000000e+00	20
626	1.000000000000000e+00	40
627	1.000000000000000e+00	20
628	1.000000000000000e+00	20
629	1.000000000000000e+00	20
630	1.000000000000000e+00	20
631	1.000000000000000e+00	20
632	1.000000000000000e+00	40
633	1.000000000000000e+00	60
634	1.000000000000000e+00	20
635	1.000000000000000e+00	20
636	1.000000000000000e+00	20
637	1.000000000000000e+00	40
638	1.000000000000000e+00	40
639	1.000000000000000e+00	20
640	1.000000000000000e+00	20
641	1.000000000000000e+00	40
642	1.000000000000000e+00	40
643	1.000000000000000e+00	40
644	1.000000000000000e+00	40
645	1.000000000000000e+00	20
646	1.000000000000000e+00	20
647	1.000000000000000e+00	20
648	1.000000000000000e+00	20
649	1.000000000000000e+00	40
650	1.000000000000000e+00	20
651	1.000000000000000e+00	40
652	1.000000000000000e+00	20
653	1.000000000000000e+00	20
654	1.000000000000000e+00	20
655	1.000000000000000e+00	100
656	1.000000000000000e+00	20
657	1.000000000000000e+00	20
658	1.000000000000000e+00	20
659	1.000000000000000e+00	40
660	1.000000000000000e+00	20
661	1.000000000000000e+00	20
662	1.000000000000000e+00	20
663	1.000000000000000e+00	140
664	1.000000000000000e+00	20
665	1.000000000000000e+00	20
666	1.000000000000000e+00	40
667	1.000000000000000e+00	20
668	1.000000000000000e+00	40
669	1.000000000000000e+00	20
670	1.000000000000000e+00	40
671	1.000000000000000e+00	20
672	1.000000000000000e+00	20
673	1.000000000000000e+00	20
674	1.000000000000000e+00	20
675	1.000000000000000e+00	20
676	1.000000000000000e+00	80
677	1.000000000000000e+00	40
678	1.000000000000000e+00	20
679	1.000000000000000e+00	20
680	1.000000000000000e+00	20
681	1.000000000000000e+00	100
682	1.000000000000000e+00	80
683	1.000000000000000e+00	40
684	1.000000000000000e+00	40
685	1.000000000000000e+00	20
686	1.000000000000000e+00	20
687	1.000000000000000e+00	20
688	1.000000000000000e+00	40
689	1.000000000000000e+00	20
690	1.000000000000000e+00	60
691	1.000000000000000e+00	20
692	1.000000000000000e+00	80
693	1.000000000000000e+00	20
694	1.000000000000000e+00	20
695	1.000000000000000e+00	20
696	1.000000000000000e+00	20
697	1.000000000000000e+00	20
698	1.000000000000000e+00	20
699	1.000000000000000e+00	60
700	1.000000000000000e+00	20
701	1.000000000000000e+00	20
702	1.000000000000000e+00	20
703	1.000000000000000e+00	20
704	1.000000000000000e+00	60
705	1.000000000000000e+00	20
706	1.000000000000000e+00	40
707	1.000000000000000e+00	20
708	1.000000000000000e+00	20
709	1.000000000000000e+00	20
710	1.000000000000000e+00	20
711	1.000000000000000e+00	20
712	1.000000000000000e+00	180
713	1.000000000000000e+00	20
714	1.000000000000000e+00	40
715	1.000000000000000e+00	60
716	1.000000000000000e+00	20
717	1.000000000000000e+00	40
718	1.000000000000000e+00	20
719	1.000000000000000e+00	20
720	1.000000000000000e+00	60
721	1.000000000000000e+00	20
722	1.000000000000000e+00	20
723	1.000000000000000e+00	20
724	1.000000000000000e+00	20
725	1.000000000000000e+00	60
726	1.000000000000000e+00	40
727	1.000000000000000e+00	60
728	1.000000000000000e+00	20
729	1.000000000000000e+00	20
730	1.000000000000000e+00	20
731	1.000000000000000e+00	20
732	1.000000000000000e+00	20
733	1.000000000000000e+00	80
734	1.000000000000000e+00	20
735	1.000000000000000e+00	20
736	1.000000000000000e+00	20
737	1.000000000000000e+00	20
738	1.000000000000000e+00	120
739	1.000000000000000e+00	40
740	1.000000000000000e+00	100
741	1.000000000000000e+00	20
742	1.000000000000000e+00	20
743	1.000000000000000e+00	100
744	1.000000000000000e+00	160
745	1.000000000000000e+00	60
746	1.000000000000000e+00	20
747	1.000000000000000e+00	40
748	1.000000000000000e+00	20
749	1.000000000000000e+00	60
750	1.000000000000000e+00	20
751	1.000000000000000e+00	80
752	1.000000000000000e+00	60
753	1.000000000000000e+00	40
754	1.000000000000000e+00	20
755	1.000000000000000e+00	20
756	1.000000000000000e+00	20
757	1.000000000000000e+00	140
758	1.000000000000000e+00	20
759	1.000000000000000e+00	20
760	1.000000000000000e+00	20
761	1.000000000000000e+00	20
762	1.000000000000000e+00	40
763	1.000000000000000e+00	20
764	1.000000000000000e+00	40
765	1.000000000000000e+00	20
766	1.000000000000000e+00	20
767	1.000000000000000e+00	20
768	1.000000000000000e+00	20
769	1.000000000000000e+00	20
770	1.000000000000000e+00	80
771	1.000000000000000e+00	20
772	1.000000000000000e+00	20
773	1.000000000000000e+00	20
774	1.000000000000000e+00	160
775	1.000000000000000e+00	20
776	1.000000000000000e+00	60
777	1.000000000000000e+00	40
778	1.000000000000000e+00	20
779	1.000000000000000e+00	120
780	1.000000000000000e+00	20
781	1.000000000000000e+00	20
782	1.000000000000000e+00	60
783	1.000000000000000e+00	40
784	1.000000000000000e+00	20
785	1.000000000000000e+00	20
786	1.000000000000000e+00	40
787	1.000000000000000e+00	20
788	1.000000000000000e+00	20
789	1.000000000000000e+00	20
790	1.000000000000000e+00	20
791	1.000000000000000e+00	20
792	1.000000000000000e+00	20
793	1.000000000000000e+00	20
794	1.000000000000000e+00	20
795	1.000000000000000e+00	20
796	1.000000000000000e+00	20
797	1.000000000000000e+00	60
798	1.000000000000000e+00	80
799	1.000000000000000e+00	20
800	1.000000000000000e+00	20
801	1.000000000000000e+00	40
802	1.000000000000000e+00	20
803	1.000000000000000e+00	40
804	1.000000000000000e+00	20
805	1.000000000000000e+00	20
806	1.000000000000000e+00	20
807	1.000000000000000e+00	20
808	1.000000000000000e+00	40
809	1.000000000000000e+00	20
810	1.000000000000000e+00	60
811	1.000000000000000e+00	40
812	1.000000000000000e+00	20
813	1.000000000000000e+00	20
814	1.000000000000000e+00	20
815	1.000000000000000e+00	40
816	1.000000000000000e+00	20
817	1.000000000000000e+00	20
818	1.000000000000000e+00	20
819	1.000000000000000e+00	20
820	1.000000000000000e+00	20
821	1.000000000000000e+00	40
822	1.000000000000000e+00	20
823	1.000000000000000e+00	20
824	1.000000000000000e+00	20
825	1.000000000000000e+00	20
826	1.000000000000000e+00	60
827	1.000000000000000e+00	20
828	1.000000000000000e+00	20
829	1.000000000000000e+00	20
830	1.000000000000000e+00	40
831	1.000000000000000e+00	40
832	1.000000000000000e+00	40
833	1.000000000000000e+00	20
834	1.000000000000000e+00	40
835	1.000000000000000e+00	40
836	1.000000000000000e+00	80
837	1.000000000000000e+00	40
838	1.000000000000000e+00	20
839	1.000000000000000e+00	20
840	1.000000000000000e+00	80
841	1.000000000000000e+00	20
842	1.000000000000000e+00	20
843	1.000000000000000e+00	20
844	1.000000000000000e+00	20
845	1.000000000000000e+00	20
846	1.000000000000000e+00	20
847	1.000000000000000e+00	40
848	1.000000000000000e+00	20
849	1.000000000000000e+00	40
850	1.000000000000000e+00	20
851	1.000000000000000e+00	20
852	1.000000000000000e+00	20
853	1.000000000000000e+00	20
854	1.000000000000000e+00	20
855	1.000000000000000e+00	60
856	1.000000000000000e+00	20
857	1.000000000000000e+00	20
858	1.000000000000000e+00	20
859	1.000000000000000e+00	20
860	1.000000000000000e+00	20
861	1.000000000000000e+00	20
862	1.000000000000000e+00	80
863	1.000000000000000e+00	60
864	1.000000000000000e+00	20
865	1.000000000000000e+00	60
866	1.000000000000000e+00	20
867	1.000000000000000e+00	20
868	1.000000000000000e+00	20
869	1.000000000000000e+00	20
870	1.000000000000000e+00	20
871	1.000000000000000e+00	20
872	1.000000000000000e+00	20
873	1.000000000000000e+00	200
874	1.000000000000000e+00	100
875	1.000000000000000e+00	40
876	1.000000000000000e+00	40
877	1.000000000000000e+00	20
878	1.000000000000000e+00	20
879	1.000000000000000e+00	20
880	1.000000000000000e+00	20
881	1.000000000000000e+00	40
882	1.000000000000000e+00	20
883	1.000000000000000e+00	20
884	1.000000000000000e+00	20
885	1.000000000000000e+00	20
886	1.000000000000000e+00	60
887	1.000000000000000e+00	20
888	1.000000000000000e+00	20
889	1.000000000000000e+00	40
890	1.000000000000000e+00	20
891	1.000000000000000e+00	20
892	1.000000000000000e+00	100
893	1.000000000000000e+00	20
894	1.000000000000000e+00	20
895	1.000000000000000e+00	20
896	1.000000000000000e+00	60
897	1.000000000000000e+00	20
898	1.000000000000000e+00	40
899	1.000000000000000e+00	20
900	1.000000000000000e+00	40
901	1.000000000000000e+00	20
902	1.000000000000000e+00	40
903	1.000000000000000e+00	80
904	1.000000000000000e+00	20
905	1.000000000000000e+00	20
906	1.000000000000000e+00	40
907	1.000000000000000e+00	20
908	1.000000000000000e+00	120
909	1.000000000000000e+00	20
910	1.000000000000000e+00	40
911	1.000000000000000e+00	20
912	1.000000000000000e+00	40
913	1.000000000000000e+00	180
914	1.000000000000000e+00	60
915	1.000000000000000e+00	20
916	1.000000000000000e+00	20
917	1.000000000000000e+00	20
918	1.000000000000000e+00	20
919	1.000000000000000e+00	20
920	1.000000000000000e+00	80
921	1.000000000000000e+00	20
922	1.000000000000000e+00	20
923	1.000000000000000e+00	80
924	1.000000000000000e+00	40
925	1.000000000000000e+00	20
926	1.000000000000000e+00	60
927	1.000000000000000e+00	60
928	1.000000000000000e+00	40
929	1.000000000000000e+00	160
930	1.000000000000000e+00	20
931	1.000000000000000e+00	60
932	1.000000000000000e+00	20
933	1.000000000000000e+00	20
934	1.000000000000000e+00	40
935	1.000000000000000e+00	20
936	1.000000000000000e+00	40
937	1.000000000000000e+00	80
938	1.000000000000000e+00	40
939	1.000000000000000e+00	60
940	1.000000000000000e+00	60
941	1.000000000000000e+00	20
942	1.000000000000000e+00	80
943	1.000000000000000e+00	20
944	1.000000000000000e+00	20
945	1.000000000000000e+00	20
946	1.000000000000000e+00	20
947	1.000000000000000e+00	20
948	1.000000000000000e+00	20
949	1.000000000000000e+00	20
950	1.000000000000000e+00	20
951	1.000000000000000e+00	100
952	1.000000000000000e+00	20
953	1.000000000000000e+00	40
954	1.000000000000000e+00	40
955	1.000000000000000e+00	20
956	1.000000000000000e+00	20
957	1.000000000000000e+00	40
958	1.000000000000000e+00	20
959	1.000000000000000e+00	20
960	1.000000000000000e+00	20
961	1.000000000000000e+00	20
962	1.000000000000000e+00	100
963	1.000000000000000e+00	20
964	1.000000000000000e+00	20
965	1.000000000000000e+00	20
966	1.000000000000000e+00	20
967	1.000000000000000e+00	40
968	1.000000000000000e+00	20
969	1.000000000000000e+00	40
970	1.000000000000000e+00	40
971	1.000000000000000e+00	20
972	1.000000000000000e+00	20
973	1.000000000000000e+00	40
974	1.000000000000000e+00	40
975	1.000000000000000e+00	40
976	1.000000000000000e+00	20
977	1.000000000000000e+00	20
978	1.000000000000000e+00	40
979	1.000000000000000e+00	40
980	1.000000000000000e+00	120
981	1.000000000000000e+00	60
982	1.000000000000000e+00	20
983	1.000000000000000e+00	20
984	1.000000000000000e+00	20
985	1.000000000000000e+00	20
986	1.000000000000000e+00	40
987	1.000000000000000e+00	20
988	1.000000000000000e+00	100
989	1.000000000000000e+00	60
990	1.000000000000000e+00	20
991	1.000000000000000e+00	20
992	1.000000000000000e+00	100
993	1.000000000000000e+00	20
994	1.000000000000000e+00	60
995	1.000000000000000e+00	20
996	1.000000000000000e+00	20
997	1.000000000000000e+00	40
998	1.000000000000000e+00	20
999	1.000000000000000e+00	20
1000	1.000000000000000e+00	20


Tempo gasto: 21.130018
