Método usado: ANTCOLONY OPTIMIZATION

POSIÇÃO	ÁREA(mm²)	CUSTO

1	1.000000000000000e+00	40
2	1.000000000000000e+00	20
3	1.000000000000000e+00	20
4	1.000000000000000e+00	20
5	1.000000000000000e+00	20
6	1.000000000000000e+00	40
7	1.000000000000000e+00	20
8	1.000000000000000e+00	180
9	1.000000000000000e+00	20
10	1.000000000000000e+00	20
11	1.000000000000000e+00	20
12	1.000000000000000e+00	20
13	1.000000000000000e+00	20
14	1.000000000000000e+00	40
15	1.000000000000000e+00	20
16	1.000000000000000e+00	20
17	1.000000000000000e+00	40
18	1.000000000000000e+00	40
19	1.000000000000000e+00	100
20	1.000000000000000e+00	20
21	1.000000000000000e+00	40
22	1.000000000000000e+00	20
23	1.000000000000000e+00	20
24	1.000000000000000e+00	200
25	1.000000000000000e+00	40
26	1.000000000000000e+00	20
27	1.000000000000000e+00	40
28	1.000000000000000e+00	20
29	1.000000000000000e+00	40
30	1.000000000000000e+00	20
31	1.000000000000000e+00	60
32	1.000000000000000e+00	40
33	1.000000000000000e+00	20
34	1.000000000000000e+00	140
35	1.000000000000000e+00	20
36	1.000000000000000e+00	40
37	1.000000000000000e+00	20
38	1.000000000000000e+00	20
39	1.000000000000000e+00	40
40	1.000000000000000e+00	80
41	1.000000000000000e+00	20
42	1.000000000000000e+00	20
43	1.000000000000000e+00	20
44	1.000000000000000e+00	40
45	1.000000000000000e+00	20
46	1.000000000000000e+00	40
47	1.000000000000000e+00	20
48	1.000000000000000e+00	20
49	1.000000000000000e+00	20
50	1.000000000000000e+00	20
51	1.000000000000000e+00	60
52	1.000000000000000e+00	20
53	1.000000000000000e+00	40
54	1.000000000000000e+00	20
55	1.000000000000000e+00	20
56	1.000000000000000e+00	100
57	1.000000000000000e+00	20
58	1.000000000000000e+00	20
59	1.000000000000000e+00	20
60	1.000000000000000e+00	20
61	1.000000000000000e+00	40
62	1.000000000000000e+00	140
63	1.000000000000000e+00	60
64	1.000000000000000e+00	20
65	1.000000000000000e+00	20
66	1.000000000000000e+00	20
67	1.000000000000000e+00	100
68	1.000000000000000e+00	20
69	1.000000000000000e+00	20
70	1.000000000000000e+00	20
71	1.000000000000000e+00	40
72	1.000000000000000e+00	20
73	1.000000000000000e+00	40
74	1.000000000000000e+00	20
75	1.000000000000000e+00	60
76	1.000000000000000e+00	20
77	1.000000000000000e+00	20
78	1.000000000000000e+00	60
79	1.000000000000000e+00	20
80	1.000000000000000e+00	20
81	1.000000000000000e+00	20
82	1.000000000000000e+00	20
83	1.000000000000000e+00	20
84	1.000000000000000e+00	20
85	1.000000000000000e+00	20
86	1.000000000000000e+00	40
87	1.000000000000000e+00	20
88	1.000000000000000e+00	20
89	1.000000000000000e+00	40
90	1.000000000000000e+00	20
91	1.000000000000000e+00	60
92	1.000000000000000e+00	20
93	1.000000000000000e+00	60
94	1.000000000000000e+00	60
95	1.000000000000000e+00	40
96	1.000000000000000e+00	80
97	1.000000000000000e+00	100
98	1.000000000000000e+00	20
99	1.000000000000000e+00	40
100	1.000000000000000e+00	20
101	1.000000000000000e+00	20
102	1.000000000000000e+00	20
103	1.000000000000000e+00	20
104	1.000000000000000e+00	60
105	1.000000000000000e+00	120
106	1.000000000000000e+00	20
107	1.000000000000000e+00	60
108	1.000000000000000e+00	20
109	1.000000000000000e+00	20
110	1.000000000000000e+00	40
111	1.000000000000000e+00	20
112	1.000000000000000e+00	40
113	1.000000000000000e+00	20
114	1.000000000000000e+00	20
115	1.000000000000000e+00	20
116	1.000000000000000e+00	40
117	1.000000000000000e+00	60
118	1.000000000000000e+00	20
119	1.000000000000000e+00	20
120	1.000000000000000e+00	20
121	1.000000000000000e+00	80
122	1.000000000000000e+00	20
123	1.000000000000000e+00	40
124	1.000000000000000e+00	100
125	1.000000000000000e+00	20
126	1.000000000000000e+00	80
127	1.000000000000000e+00	80
128	1.000000000000000e+00	20
129	1.000000000000000e+00	20
130	1.000000000000000e+00	20
131	1.000000000000000e+00	40
132	1.000000000000000e+00	20
133	1.000000000000000e+00	80
134	1.000000000000000e+00	60
135	1.000000000000000e+00	20
136	1.000000000000000e+00	20
137	1.000000000000000e+00	40
138	1.000000000000000e+00	20
139	1.000000000000000e+00	20
140	1.000000000000000e+00	80
141	1.000000000000000e+00	20
142	1.000000000000000e+00	20
143	1.000000000000000e+00	20
144	1.000000000000000e+00	40
145	1.000000000000000e+00	20
146	1.000000000000000e+00	20
147	1.000000000000000e+00	20
148	1.000000000000000e+00	20
149	1.000000000000000e+00	20
150	1.000000000000000e+00	40
151	1.000000000000000e+00	60
152	1.000000000000000e+00	40
153	1.000000000000000e+00	20
154	1.000000000000000e+00	60
155	1.000000000000000e+00	20
156	1.000000000000000e+00	20
157	1.000000000000000e+00	100
158	1.000000000000000e+00	40
159	1.000000000000000e+00	20
160	1.000000000000000e+00	20
161	1.000000000000000e+00	20
162	1.000000000000000e+00	20
163	1.000000000000000e+00	80
164	1.000000000000000e+00	20
165	1.000000000000000e+00	20
166	1.000000000000000e+00	20
167	1.000000000000000e+00	40
168	1.000000000000000e+00	20
169	1.000000000000000e+00	40
170	1.000000000000000e+00	40
171	1.000000000000000e+00	40
172	1.000000000000000e+00	20
173	1.000000000000000e+00	20
174	1.000000000000000e+00	20
175	1.000000000000000e+00	20
176	1.000000000000000e+00	20
177	1.000000000000000e+00	20
178	1.000000000000000e+00	20
179	1.000000000000000e+00	40
180	1.000000000000000e+00	40
181	1.000000000000000e+00	20
182	1.000000000000000e+00	60
183	1.000000000000000e+00	20
184	1.000000000000000e+00	20
185	1.000000000000000e+00	20
186	1.000000000000000e+00	60
187	1.000000000000000e+00	80
188	1.000000000000000e+00	20
189	1.000000000000000e+00	60
190	1.000000000000000e+00	60
191	1.000000000000000e+00	20
192	1.000000000000000e+00	20
193	1.000000000000000e+00	20
194	1.000000000000000e+00	100
195	1.000000000000000e+00	20
196	1.000000000000000e+00	20
197	1.000000000000000e+00	20
198	1.000000000000000e+00	60
199	1.000000000000000e+00	20
200	1.000000000000000e+00	20
201	1.000000000000000e+00	20
202	1.000000000000000e+00	20
203	1.000000000000000e+00	20
204	1.000000000000000e+00	60
205	1.000000000000000e+00	20
206	1.000000000000000e+00	40
207	1.000000000000000e+00	80
208	1.000000000000000e+00	40
209	1.000000000000000e+00	20
210	1.000000000000000e+00	60
211	1.000000000000000e+00	20
212	1.000000000000000e+00	20
213	1.000000000000000e+00	60
214	1.000000000000000e+00	20
215	1.000000000000000e+00	20
216	1.000000000000000e+00	60
217	1.000000000000000e+00	20
218	1.000000000000000e+00	60
219	1.000000000000000e+00	20
220	1.000000000000000e+00	40
221	1.000000000000000e+00	20
222	1.000000000000000e+00	20
223	1.000000000000000e+00	20
224	1.000000000000000e+00	40
225	1.000000000000000e+00	40
226	1.000000000000000e+00	80
227	1.000000000000000e+00	20
228	1.000000000000000e+00	100
229	1.000000000000000e+00	100
230	1.000000000000000e+00	40
231	1.000000000000000e+00	20
232	1.000000000000000e+00	40
233	1.000000000000000e+00	20
234	1.000000000000000e+00	20
235	1.000000000000000e+00	80
236	1.000000000000000e+00	100
237	1.000000000000000e+00	40
238	1.000000000000000e+00	20
239	1.000000000000000e+00	40
240	1.000000000000000e+00	100
241	1.000000000000000e+00	40
242	1.000000000000000e+00	20
243	1.000000000000000e+00	140
244	1.000000000000000e+00	20
245	1.000000000000000e+00	40
246	1.000000000000000e+00	20
247	1.000000000000000e+00	20
248	1.000000000000000e+00	20
249	1.000000000000000e+00	60
250	1.000000000000000e+00	20
251	1.000000000000000e+00	100
252	1.000000000000000e+00	20
253	1.000000000000000e+00	60
254	1.000000000000000e+00	40
255	1.000000000000000e+00	20
256	1.000000000000000e+00	20
257	1.000000000000000e+00	20
258	1.000000000000000e+00	20
259	1.000000000000000e+00	40
260	1.000000000000000e+00	20
261	1.000000000000000e+00	20
262	1.000000000000000e+00	40
263	1.000000000000000e+00	20
264	1.000000000000000e+00	20
265	1.000000000000000e+00	20
266	1.000000000000000e+00	300
267	1.000000000000000e+00	40
268	1.000000000000000e+00	20
269	1.000000000000000e+00	140
270	1.000000000000000e+00	80
271	1.000000000000000e+00	20
272	1.000000000000000e+00	20
273	1.000000000000000e+00	20
274	1.000000000000000e+00	40
275	1.000000000000000e+00	100
276	1.000000000000000e+00	20
277	1.000000000000000e+00	20
278	1.000000000000000e+00	20
279	1.000000000000000e+00	40
280	1.000000000000000e+00	20
281	1.000000000000000e+00	20
282	1.000000000000000e+00	20
283	1.000000000000000e+00	20
284	1.000000000000000e+00	20
285	1.000000000000000e+00	20
286	1.000000000000000e+00	40
287	1.000000000000000e+00	20
288	1.000000000000000e+00	20
289	1.000000000000000e+00	80
290	1.000000000000000e+00	20
291	1.000000000000000e+00	20
292	1.000000000000000e+00	20
293	1.000000000000000e+00	20
294	1.000000000000000e+00	20
295	1.000000000000000e+00	40
296	1.000000000000000e+00	20
297	1.000000000000000e+00	40
298	1.000000000000000e+00	20
299	1.000000000000000e+00	20
300	1.000000000000000e+00	20
301	1.000000000000000e+00	60
302	1.000000000000000e+00	40
303	1.000000000000000e+00	20
304	1.000000000000000e+00	60
305	1.000000000000000e+00	40
306	1.000000000000000e+00	20
307	1.000000000000000e+00	80
308	1.000000000000000e+00	20
309	1.000000000000000e+00	20
310	1.000000000000000e+00	20
311	1.000000000000000e+00	20
312	1.000000000000000e+00	20
313	1.000000000000000e+00	20
314	1.000000000000000e+00	20
315	1.000000000000000e+00	40
316	1.000000000000000e+00	20
317	1.000000000000000e+00	60
318	1.000000000000000e+00	20
319	1.000000000000000e+00	20
320	1.000000000000000e+00	20
321	1.000000000000000e+00	40
322	1.000000000000000e+00	40
323	1.000000000000000e+00	60
324	1.000000000000000e+00	20
325	1.000000000000000e+00	20
326	1.000000000000000e+00	40
327	1.000000000000000e+00	40
328	1.000000000000000e+00	60
329	1.000000000000000e+00	180
330	1.000000000000000e+00	60
331	1.000000000000000e+00	20
332	1.000000000000000e+00	20
333	1.000000000000000e+00	20
334	1.000000000000000e+00	20
335	1.000000000000000e+00	20
336	1.000000000000000e+00	20
337	1.000000000000000e+00	20
338	1.000000000000000e+00	20
339	1.000000000000000e+00	20
340	1.000000000000000e+00	20
341	1.000000000000000e+00	40
342	1.000000000000000e+00	20
343	1.000000000000000e+00	20
344	1.000000000000000e+00	80
345	1.000000000000000e+00	20
346	1.000000000000000e+00	20
347	1.000000000000000e+00	40
348	1.000000000000000e+00	20
349	1.000000000000000e+00	60
350	1.000000000000000e+00	20
351	1.000000000000000e+00	20
352	1.000000000000000e+00	60
353	1.000000000000000e+00	20
354	1.000000000000000e+00	120
355	1.000000000000000e+00	120
356	1.000000000000000e+00	20
357	1.000000000000000e+00	20
358	1.000000000000000e+00	20
359	1.000000000000000e+00	20
360	1.000000000000000e+00	60
361	1.000000000000000e+00	40
362	1.000000000000000e+00	20
363	1.000000000000000e+00	100
364	1.000000000000000e+00	20
365	1.000000000000000e+00	40
366	1.000000000000000e+00	120
367	1.000000000000000e+00	40
368	1.000000000000000e+00	20
369	1.000000000000000e+00	20
370	1.000000000000000e+00	140
371	1.000000000000000e+00	20
372	1.000000000000000e+00	20
373	1.000000000000000e+00	20
374	1.000000000000000e+00	40
375	1.000000000000000e+00	300
376	1.000000000000000e+00	20
377	1.000000000000000e+00	20
378	1.000000000000000e+00	20
379	1.000000000000000e+00	20
380	1.000000000000000e+00	20
381	1.000000000000000e+00	20
382	1.000000000000000e+00	20
383	1.000000000000000e+00	20
384	1.000000000000000e+00	20
385	1.000000000000000e+00	80
386	1.000000000000000e+00	100
387	1.000000000000000e+00	40
388	1.000000000000000e+00	20
389	1.000000000000000e+00	20
390	1.000000000000000e+00	60
391	1.000000000000000e+00	20
392	1.000000000000000e+00	20
393	1.000000000000000e+00	20
394	1.000000000000000e+00	20
395	1.000000000000000e+00	60
396	1.000000000000000e+00	20
397	1.000000000000000e+00	20
398	1.000000000000000e+00	20
399	1.000000000000000e+00	160
400	1.000000000000000e+00	60
401	1.000000000000000e+00	20
402	1.000000000000000e+00	20
403	1.000000000000000e+00	20
404	1.000000000000000e+00	20
405	1.000000000000000e+00	40
406	1.000000000000000e+00	20
407	1.000000000000000e+00	20
408	1.000000000000000e+00	20
409	1.000000000000000e+00	20
410	1.000000000000000e+00	20
411	1.000000000000000e+00	100
412	1.000000000000000e+00	20
413	1.000000000000000e+00	20
414	1.000000000000000e+00	80
415	1.000000000000000e+00	20
416	1.000000000000000e+00	60
417	1.000000000000000e+00	20
418	1.000000000000000e+00	80
419	1.000000000000000e+00	20
420	1.000000000000000e+00	40
421	1.000000000000000e+00	20
422	1.000000000000000e+00	20
423	1.000000000000000e+00	20
424	1.000000000000000e+00	20
425	1.000000000000000e+00	20
426	1.000000000000000e+00	20
427	1.000000000000000e+00	40
428	1.000000000000000e+00	40
429	1.000000000000000e+00	140
430	1.000000000000000e+00	20
431	1.000000000000000e+00	40
432	1.000000000000000e+00	20
433	1.000000000000000e+00	20
434	1.000000000000000e+00	20
435	1.000000000000000e+00	80
436	1.000000000000000e+00	160
437	1.000000000000000e+00	80
438	1.000000000000000e+00	20
439	1.000000000000000e+00	20
440	1.000000000000000e+00	20
441	1.000000000000000e+00	20
442	1.000000000000000e+00	40
443	1.000000000000000e+00	20
444	1.000000000000000e+00	60
445	1.000000000000000e+00	40
446	1.000000000000000e+00	20
447	1.000000000000000e+00	20
448	1.000000000000000e+00	20
449	1.000000000000000e+00	20
450	1.000000000000000e+00	20
451	1.000000000000000e+00	20
452	1.000000000000000e+00	20
453	1.000000000000000e+00	20
454	1.000000000000000e+00	100
455	1.000000000000000e+00	40
456	1.000000000000000e+00	20
457	1.000000000000000e+00	40
458	1.000000000000000e+00	20
459	1.000000000000000e+00	20
460	1.000000000000000e+00	20
461	1.000000000000000e+00	20
462	1.000000000000000e+00	20
463	1.000000000000000e+00	20
464	1.000000000000000e+00	20
465	1.000000000000000e+00	20
466	1.000000000000000e+00	20
467	1.000000000000000e+00	120
468	1.000000000000000e+00	40
469	1.000000000000000e+00	20
470	1.000000000000000e+00	20
471	1.000000000000000e+00	20
472	1.000000000000000e+00	40
473	1.000000000000000e+00	140
474	1.000000000000000e+00	40
475	1.000000000000000e+00	40
476	1.000000000000000e+00	80
477	1.000000000000000e+00	20
478	1.000000000000000e+00	20
479	1.000000000000000e+00	40
480	1.000000000000000e+00	20
481	1.000000000000000e+00	20
482	1.000000000000000e+00	20
483	1.000000000000000e+00	100
484	1.000000000000000e+00	20
485	1.000000000000000e+00	80
486	1.000000000000000e+00	20
487	1.000000000000000e+00	180
488	1.000000000000000e+00	80
489	1.000000000000000e+00	20
490	1.000000000000000e+00	20
491	9.500000000000001e-01	40
492	9.000000000000000e-01	20
493	8.500000000000001e-01	20
494	8.000000000000000e-01	40
495	7.500000000000000e-01	80
496	7.000000000000001e-01	60
497	6.500000000000000e-01	120
498	6.000000000000001e-01	20
499	5.500000000000000e-01	20
500	5.000000000000000e-01	60
501	5.500000000000000e-01	20
502	6.000000000000001e-01	20
503	6.500000000000000e-01	20
504	7.000000000000001e-01	20
505	7.500000000000000e-01	20
506	8.000000000000000e-01	40
507	8.500000000000001e-01	20
508	9.000000000000000e-01	20
509	9.500000000000001e-01	20
510	9.000000000000000e-01	20
511	8.500000000000001e-01	20
512	8.000000000000000e-01	60
513	7.500000000000000e-01	20
514	8.000000000000000e-01	40
515	8.500000000000001e-01	40
516	9.000000000000000e-01	40
517	9.500000000000001e-01	200
518	1.000000000000000e+00	20
519	1.000000000000000e+00	20
520	1.000000000000000e+00	20
521	1.000000000000000e+00	60
522	1.000000000000000e+00	20
523	1.000000000000000e+00	20
524	1.000000000000000e+00	20
525	1.000000000000000e+00	20
526	1.000000000000000e+00	40
527	1.000000000000000e+00	20
528	1.000000000000000e+00	20
529	1.000000000000000e+00	40
530	1.000000000000000e+00	40
531	1.000000000000000e+00	20
532	1.000000000000000e+00	20
533	1.000000000000000e+00	80
534	1.000000000000000e+00	20
535	1.000000000000000e+00	20
536	1.000000000000000e+00	20
537	1.000000000000000e+00	20
538	1.000000000000000e+00	40
539	1.000000000000000e+00	20
540	1.000000000000000e+00	20
541	1.000000000000000e+00	20
542	1.000000000000000e+00	20
543	1.000000000000000e+00	80
544	1.000000000000000e+00	40
545	1.000000000000000e+00	20
546	1.000000000000000e+00	80
547	1.000000000000000e+00	20
548	1.000000000000000e+00	20
549	1.000000000000000e+00	100
550	1.000000000000000e+00	100
551	1.000000000000000e+00	20
552	1.000000000000000e+00	20
553	1.000000000000000e+00	20
554	1.000000000000000e+00	20
555	1.000000000000000e+00	40
556	1.000000000000000e+00	20
557	1.000000000000000e+00	40
558	1.000000000000000e+00	20
559	1.000000000000000e+00	40
560	1.000000000000000e+00	20
561	1.000000000000000e+00	20
562	1.000000000000000e+00	40
563	1.000000000000000e+00	20
564	1.000000000000000e+00	40
565	1.000000000000000e+00	80
566	1.000000000000000e+00	100
567	1.000000000000000e+00	20
568	1.000000000000000e+00	40
569	1.000000000000000e+00	40
570	1.000000000000000e+00	60
571	1.000000000000000e+00	20
572	1.000000000000000e+00	20
573	1.000000000000000e+00	20
574	1.000000000000000e+00	20
575	1.000000000000000e+00	20
576	1.000000000000000e+00	120
577	1.000000000000000e+00	20
578	1.000000000000000e+00	20
579	1.000000000000000e+00	60
580	1.000000000000000e+00	80
581	1.000000000000000e+00	20
582	1.000000000000000e+00	20
583	1.000000000000000e+00	40
584	1.000000000000000e+00	20
585	1.000000000000000e+00	160
586	1.000000000000000e+00	20
587	1.000000000000000e+00	20
588	1.000000000000000e+00	20
589	1.000000000000000e+00	20
590	1.000000000000000e+00	20
591	1.000000000000000e+00	20
592	1.000000000000000e+00	20
593	1.000000000000000e+00	60
594	1.000000000000000e+00	120
595	1.000000000000000e+00	20
596	1.000000000000000e+00	20
597	1.000000000000000e+00	100
598	1.000000000000000e+00	60
599	1.000000000000000e+00	20
600	1.000000000000000e+00	20
601	1.000000000000000e+00	40
602	1.000000000000000e+00	20
603	1.000000000000000e+00	20
604	1.000000000000000e+00	20
605	1.000000000000000e+00	40
606	1.000000000000000e+00	40
607	1.000000000000000e+00	20
608	1.000000000000000e+00	140
609	1.000000000000000e+00	60
610	1.000000000000000e+00	120
611	1.000000000000000e+00	60
612	1.000000000000000e+00	20
613	1.000000000000000e+00	20
614	1.000000000000000e+00	20
615	1.000000000000000e+00	20
616	1.000000000000000e+00	20
617	1.000000000000000e+00	20
618	1.000000000000000e+00	40
619	1.000000000000000e+00	60
620	1.000000000000000e+00	20
621	1.000000000000000e+00	40
622	1.000000000000000e+00	80
623	1.000000000000000e+00	60
624	1.000000000000000e+00	20
625	1.000000000000000e+00	40
626	1.000000000000000e+00	20
627	1.000000000000000e+00	20
628	1.000000000000000e+00	20
629	1.000000000000000e+00	20
630	1.000000000000000e+00	40
631	1.000000000000000e+00	40
632	1.000000000000000e+00	20
633	1.000000000000000e+00	20
634	1.000000000000000e+00	20
635	1.000000000000000e+00	20
636	1.000000000000000e+00	20
637	1.000000000000000e+00	20
638	1.000000000000000e+00	20
639	1.000000000000000e+00	20
640	1.000000000000000e+00	20
641	1.000000000000000e+00	20
642	1.000000000000000e+00	20
643	1.000000000000000e+00	100
644	1.000000000000000e+00	20
645	1.000000000000000e+00	40
646	1.000000000000000e+00	20
647	1.000000000000000e+00	20
648	1.000000000000000e+00	40
649	1.000000000000000e+00	20
650	1.000000000000000e+00	80
651	1.000000000000000e+00	20
652	1.000000000000000e+00	20
653	1.000000000000000e+00	20
654	1.000000000000000e+00	20
655	1.000000000000000e+00	20
656	1.000000000000000e+00	20
657	1.000000000000000e+00	20
658	1.000000000000000e+00	60
659	1.000000000000000e+00	40
660	1.000000000000000e+00	20
661	1.000000000000000e+00	80
662	1.000000000000000e+00	60
663	1.000000000000000e+00	60
664	1.000000000000000e+00	20
665	1.000000000000000e+00	40
666	1.000000000000000e+00	20
667	1.000000000000000e+00	100
668	1.000000000000000e+00	20
669	1.000000000000000e+00	40
670	1.000000000000000e+00	20
671	1.000000000000000e+00	40
672	1.000000000000000e+00	20
673	1.000000000000000e+00	40
674	1.000000000000000e+00	20
675	1.000000000000000e+00	20
676	1.000000000000000e+00	40
677	1.000000000000000e+00	100
678	1.000000000000000e+00	40
679	1.000000000000000e+00	20
680	1.000000000000000e+00	20
681	1.000000000000000e+00	120
682	1.000000000000000e+00	20
683	1.000000000000000e+00	80
684	1.000000000000000e+00	20
685	1.000000000000000e+00	20
686	1.000000000000000e+00	40
687	1.000000000000000e+00	20
688	1.000000000000000e+00	20
689	1.000000000000000e+00	60
690	1.000000000000000e+00	20
691	1.000000000000000e+00	20
692	1.000000000000000e+00	80
693	1.000000000000000e+00	20
694	1.000000000000000e+00	40
695	1.000000000000000e+00	20
696	1.000000000000000e+00	60
697	1.000000000000000e+00	20
698	1.000000000000000e+00	20
699	1.000000000000000e+00	60
700	1.000000000000000e+00	20
701	1.000000000000000e+00	20
702	1.000000000000000e+00	20
703	1.000000000000000e+00	60
704	1.000000000000000e+00	20
705	1.000000000000000e+00	40
706	1.000000000000000e+00	20
707	1.000000000000000e+00	20
708	1.000000000000000e+00	20
709	1.000000000000000e+00	40
710	1.000000000000000e+00	40
711	1.000000000000000e+00	80
712	1.000000000000000e+00	40
713	1.000000000000000e+00	20
714	1.000000000000000e+00	20
715	1.000000000000000e+00	40
716	1.000000000000000e+00	40
717	1.000000000000000e+00	40
718	1.000000000000000e+00	20
719	1.000000000000000e+00	20
720	1.000000000000000e+00	40
721	1.000000000000000e+00	60
722	1.000000000000000e+00	60
723	1.000000000000000e+00	40
724	1.000000000000000e+00	20
725	1.000000000000000e+00	20
726	1.000000000000000e+00	120
727	1.000000000000000e+00	60
728	1.000000000000000e+00	20
729	1.000000000000000e+00	20
730	1.000000000000000e+00	40
731	1.000000000000000e+00	20
732	1.000000000000000e+00	20
733	1.000000000000000e+00	40
734	1.000000000000000e+00	20
735	1.000000000000000e+00	80
736	1.000000000000000e+00	40
737	1.000000000000000e+00	120
738	1.000000000000000e+00	20
739	1.000000000000000e+00	40
740	1.000000000000000e+00	20
741	1.000000000000000e+00	100
742	1.000000000000000e+00	80
743	1.000000000000000e+00	40
744	1.000000000000000e+00	20
745	1.000000000000000e+00	40
746	1.000000000000000e+00	20
747	1.000000000000000e+00	20
748	1.000000000000000e+00	20
749	1.000000000000000e+00	20
750	1.000000000000000e+00	20
751	1.000000000000000e+00	40
752	1.000000000000000e+00	20
753	1.000000000000000e+00	20
754	1.000000000000000e+00	40
755	1.000000000000000e+00	20
756	1.000000000000000e+00	40
757	1.000000000000000e+00	20
758	1.000000000000000e+00	20
759	1.000000000000000e+00	20
760	1.000000000000000e+00	20
761	1.000000000000000e+00	60
762	1.000000000000000e+00	40
763	1.000000000000000e+00	20
764	1.000000000000000e+00	20
765	1.000000000000000e+00	40
766	1.000000000000000e+00	20
767	1.000000000000000e+00	20
768	1.000000000000000e+00	20
769	1.000000000000000e+00	20
770	1.000000000000000e+00	20
771	1.000000000000000e+00	20
772	1.000000000000000e+00	60
773	1.000000000000000e+00	20
774	1.000000000000000e+00	20
775	1.000000000000000e+00	40
776	1.000000000000000e+00	20
777	1.000000000000000e+00	20
778	1.000000000000000e+00	20
779	1.000000000000000e+00	20
780	1.000000000000000e+00	60
781	1.000000000000000e+00	60
782	1.000000000000000e+00	60
783	1.000000000000000e+00	20
784	1.000000000000000e+00	40
785	1.000000000000000e+00	20
786	1.000000000000000e+00	40
787	1.000000000000000e+00	20
788	1.000000000000000e+00	20
789	1.000000000000000e+00	20
790	1.000000000000000e+00	20
791	1.000000000000000e+00	20
792	1.000000000000000e+00	40
793	1.000000000000000e+00	100
794	1.000000000000000e+00	20
795	1.000000000000000e+00	20
796	1.000000000000000e+00	80
797	1.000000000000000e+00	40
798	1.000000000000000e+00	60
799	1.000000000000000e+00	20
800	1.000000000000000e+00	20
801	1.000000000000000e+00	20
802	1.000000000000000e+00	20
803	1.000000000000000e+00	40
804	1.000000000000000e+00	60
805	1.000000000000000e+00	20
806	1.000000000000000e+00	20
807	1.000000000000000e+00	100
808	1.000000000000000e+00	20
809	1.000000000000000e+00	20
810	1.000000000000000e+00	20
811	1.000000000000000e+00	120
812	1.000000000000000e+00	60
813	1.000000000000000e+00	80
814	1.000000000000000e+00	20
815	1.000000000000000e+00	20
816	1.000000000000000e+00	80
817	1.000000000000000e+00	20
818	1.000000000000000e+00	20
819	1.000000000000000e+00	60
820	1.000000000000000e+00	20
821	1.000000000000000e+00	20
822	1.000000000000000e+00	140
823	1.000000000000000e+00	60
824	1.000000000000000e+00	20
825	1.000000000000000e+00	20
826	1.000000000000000e+00	20
827	1.000000000000000e+00	60
828	1.000000000000000e+00	20
829	1.000000000000000e+00	40
830	1.000000000000000e+00	60
831	1.000000000000000e+00	20
832	1.000000000000000e+00	60
833	1.000000000000000e+00	20
834	1.000000000000000e+00	20
835	1.000000000000000e+00	40
836	1.000000000000000e+00	40
837	1.000000000000000e+00	20
838	1.000000000000000e+00	100
839	1.000000000000000e+00	80
840	1.000000000000000e+00	20
841	1.000000000000000e+00	20
842	1.000000000000000e+00	20
843	1.000000000000000e+00	20
844	1.000000000000000e+00	20
845	1.000000000000000e+00	20
846	1.000000000000000e+00	80
847	1.000000000000000e+00	20
848	1.000000000000000e+00	40
849	1.000000000000000e+00	60
850	1.000000000000000e+00	60
851	1.000000000000000e+00	60
852	1.000000000000000e+00	20
853	1.000000000000000e+00	20
854	1.000000000000000e+00	20
855	1.000000000000000e+00	20
856	1.000000000000000e+00	20
857	1.000000000000000e+00	20
858	1.000000000000000e+00	20
859	1.000000000000000e+00	20
860	1.000000000000000e+00	20
861	1.000000000000000e+00	60
862	1.000000000000000e+00	20
863	1.000000000000000e+00	20
864	1.000000000000000e+00	40
865	1.000000000000000e+00	20
866	1.000000000000000e+00	20
867	1.000000000000000e+00	60
868	1.000000000000000e+00	20
869	1.000000000000000e+00	80
870	1.000000000000000e+00	20
871	1.000000000000000e+00	20
872	1.000000000000000e+00	40
873	1.000000000000000e+00	40
874	1.000000000000000e+00	20
875	1.000000000000000e+00	60
876	1.000000000000000e+00	80
877	1.000000000000000e+00	40
878	1.000000000000000e+00	20
879	1.000000000000000e+00	20
880	1.000000000000000e+00	40
881	1.000000000000000e+00	20
882	1.000000000000000e+00	20
883	1.000000000000000e+00	20
884	1.000000000000000e+00	20
885	1.000000000000000e+00	20
886	1.000000000000000e+00	20
887	1.000000000000000e+00	20
888	1.000000000000000e+00	40
889	1.000000000000000e+00	40
890	1.000000000000000e+00	20
891	1.000000000000000e+00	20
892	1.000000000000000e+00	40
893	1.000000000000000e+00	20
894	1.000000000000000e+00	40
895	1.000000000000000e+00	20
896	1.000000000000000e+00	120
897	1.000000000000000e+00	20
898	1.000000000000000e+00	20
899	1.000000000000000e+00	40
900	1.000000000000000e+00	20
901	1.000000000000000e+00	20
902	1.000000000000000e+00	20
903	1.000000000000000e+00	20
904	1.000000000000000e+00	20
905	1.000000000000000e+00	20
906	1.000000000000000e+00	40
907	1.000000000000000e+00	20
908	1.000000000000000e+00	20
909	1.000000000000000e+00	40
910	1.000000000000000e+00	40
911	1.000000000000000e+00	20
912	1.000000000000000e+00	20
913	1.000000000000000e+00	20
914	1.000000000000000e+00	20
915	1.000000000000000e+00	120
916	1.000000000000000e+00	100
917	1.000000000000000e+00	20
918	1.000000000000000e+00	100
919	1.000000000000000e+00	20
920	1.000000000000000e+00	20
921	1.000000000000000e+00	20
922	1.000000000000000e+00	20
923	1.000000000000000e+00	120
924	1.000000000000000e+00	20
925	1.000000000000000e+00	20
926	1.000000000000000e+00	20
927	1.000000000000000e+00	20
928	1.000000000000000e+00	20
929	1.000000000000000e+00	80
930	1.000000000000000e+00	20
931	1.000000000000000e+00	60
932	1.000000000000000e+00	20
933	1.000000000000000e+00	40
934	1.000000000000000e+00	20
935	1.000000000000000e+00	40
936	1.000000000000000e+00	20
937	1.000000000000000e+00	20
938	1.000000000000000e+00	60
939	1.000000000000000e+00	20
940	1.000000000000000e+00	20
941	1.000000000000000e+00	20
942	1.000000000000000e+00	20
943	1.000000000000000e+00	40
944	1.000000000000000e+00	80
945	1.000000000000000e+00	20
946	1.000000000000000e+00	40
947	1.000000000000000e+00	40
948	1.000000000000000e+00	220
949	1.000000000000000e+00	20
950	1.000000000000000e+00	60
951	1.000000000000000e+00	20
952	1.000000000000000e+00	120
953	1.000000000000000e+00	20
954	1.000000000000000e+00	20
955	1.000000000000000e+00	40
956	1.000000000000000e+00	20
957	1.000000000000000e+00	60
958	1.000000000000000e+00	20
959	1.000000000000000e+00	60
960	1.000000000000000e+00	20
961	1.000000000000000e+00	80
962	1.000000000000000e+00	20
963	1.000000000000000e+00	120
964	1.000000000000000e+00	20
965	1.000000000000000e+00	20
966	1.000000000000000e+00	60
967	1.000000000000000e+00	20
968	1.000000000000000e+00	20
969	1.000000000000000e+00	20
970	1.000000000000000e+00	20
971	1.000000000000000e+00	20
972	1.000000000000000e+00	20
973	1.000000000000000e+00	40
974	1.000000000000000e+00	20
975	1.000000000000000e+00	20
976	1.000000000000000e+00	20
977	1.000000000000000e+00	40
978	1.000000000000000e+00	20
979	1.000000000000000e+00	20
980	1.000000000000000e+00	80
981	1.000000000000000e+00	80
982	1.000000000000000e+00	40
983	1.000000000000000e+00	20
984	1.000000000000000e+00	20
985	1.000000000000000e+00	20
986	1.000000000000000e+00	20
987	1.000000000000000e+00	20
988	1.000000000000000e+00	20
989	1.000000000000000e+00	20
990	1.000000000000000e+00	20
991	1.000000000000000e+00	40
992	1.000000000000000e+00	100
993	1.000000000000000e+00	40
994	1.000000000000000e+00	20
995	1.000000000000000e+00	20
996	1.000000000000000e+00	40
997	1.000000000000000e+00	120
998	1.000000000000000e+00	80
999	1.000000000000000e+00	20
1000	1.000000000000000e+00	20


Tempo gasto: 16.050992
