Método usado: ANTCOLONY OPTIMIZATION

POSIÇÃO	ÁREA(mm²)	CUSTO

1	1.000000000000000e+00	100
2	1.000000000000000e+00	20
3	1.000000000000000e+00	20
4	1.000000000000000e+00	20
5	1.000000000000000e+00	20
6	1.000000000000000e+00	40
7	1.000000000000000e+00	60
8	1.000000000000000e+00	20
9	1.000000000000000e+00	20
10	1.000000000000000e+00	20
11	1.000000000000000e+00	20
12	1.000000000000000e+00	20
13	1.000000000000000e+00	40
14	1.000000000000000e+00	20
15	1.000000000000000e+00	40
16	1.000000000000000e+00	20
17	1.000000000000000e+00	40
18	1.000000000000000e+00	20
19	1.000000000000000e+00	20
20	1.000000000000000e+00	20
21	1.000000000000000e+00	40
22	1.000000000000000e+00	40
23	1.000000000000000e+00	100
24	1.000000000000000e+00	180
25	1.000000000000000e+00	20
26	1.000000000000000e+00	20
27	1.000000000000000e+00	60
28	1.000000000000000e+00	20
29	1.000000000000000e+00	20
30	1.000000000000000e+00	20
31	1.000000000000000e+00	100
32	1.000000000000000e+00	80
33	1.000000000000000e+00	20
34	1.000000000000000e+00	40
35	1.000000000000000e+00	20
36	1.000000000000000e+00	40
37	1.000000000000000e+00	160
38	1.000000000000000e+00	40
39	1.000000000000000e+00	20
40	1.000000000000000e+00	20
41	1.000000000000000e+00	100
42	1.000000000000000e+00	120
43	1.000000000000000e+00	20
44	1.000000000000000e+00	20
45	1.000000000000000e+00	100
46	1.000000000000000e+00	40
47	1.000000000000000e+00	20
48	1.000000000000000e+00	20
49	1.000000000000000e+00	20
50	1.000000000000000e+00	20
51	1.000000000000000e+00	20
52	1.000000000000000e+00	20
53	1.000000000000000e+00	20
54	1.000000000000000e+00	20
55	1.000000000000000e+00	40
56	1.000000000000000e+00	20
57	1.000000000000000e+00	40
58	1.000000000000000e+00	20
59	1.000000000000000e+00	40
60	1.000000000000000e+00	20
61	1.000000000000000e+00	40
62	1.000000000000000e+00	20
63	1.000000000000000e+00	40
64	1.000000000000000e+00	100
65	1.000000000000000e+00	20
66	1.000000000000000e+00	20
67	1.000000000000000e+00	20
68	1.000000000000000e+00	20
69	1.000000000000000e+00	20
70	1.000000000000000e+00	20
71	1.000000000000000e+00	20
72	1.000000000000000e+00	20
73	1.000000000000000e+00	120
74	1.000000000000000e+00	20
75	1.000000000000000e+00	20
76	1.000000000000000e+00	40
77	1.000000000000000e+00	20
78	1.000000000000000e+00	160
79	1.000000000000000e+00	20
80	1.000000000000000e+00	40
81	1.000000000000000e+00	20
82	1.000000000000000e+00	60
83	1.000000000000000e+00	20
84	1.000000000000000e+00	20
85	1.000000000000000e+00	60
86	1.000000000000000e+00	20
87	1.000000000000000e+00	40
88	1.000000000000000e+00	20
89	1.000000000000000e+00	20
90	1.000000000000000e+00	20
91	1.000000000000000e+00	20
92	1.000000000000000e+00	60
93	1.000000000000000e+00	40
94	1.000000000000000e+00	60
95	1.000000000000000e+00	20
96	1.000000000000000e+00	60
97	1.000000000000000e+00	20
98	1.000000000000000e+00	80
99	1.000000000000000e+00	20
100	1.000000000000000e+00	20
101	1.000000000000000e+00	20
102	1.000000000000000e+00	20
103	1.000000000000000e+00	20
104	1.000000000000000e+00	20
105	1.000000000000000e+00	20
106	1.000000000000000e+00	20
107	1.000000000000000e+00	20
108	1.000000000000000e+00	20
109	1.000000000000000e+00	20
110	1.000000000000000e+00	20
111	1.000000000000000e+00	40
112	1.000000000000000e+00	20
113	1.000000000000000e+00	20
114	1.000000000000000e+00	20
115	1.000000000000000e+00	40
116	1.000000000000000e+00	140
117	1.000000000000000e+00	60
118	1.000000000000000e+00	120
119	1.000000000000000e+00	20
120	1.000000000000000e+00	20
121	1.000000000000000e+00	20
122	1.000000000000000e+00	60
123	1.000000000000000e+00	40
124	1.000000000000000e+00	20
125	1.000000000000000e+00	20
126	1.000000000000000e+00	60
127	1.000000000000000e+00	20
128	1.000000000000000e+00	20
129	1.000000000000000e+00	60
130	1.000000000000000e+00	100
131	1.000000000000000e+00	20
132	1.000000000000000e+00	20
133	1.000000000000000e+00	20
134	1.000000000000000e+00	160
135	1.000000000000000e+00	40
136	1.000000000000000e+00	40
137	1.000000000000000e+00	40
138	1.000000000000000e+00	20
139	1.000000000000000e+00	20
140	1.000000000000000e+00	20
141	1.000000000000000e+00	20
142	1.000000000000000e+00	20
143	1.000000000000000e+00	20
144	1.000000000000000e+00	20
145	1.000000000000000e+00	20
146	1.000000000000000e+00	20
147	1.000000000000000e+00	40
148	1.000000000000000e+00	20
149	1.000000000000000e+00	40
150	1.000000000000000e+00	60
151	1.000000000000000e+00	20
152	1.000000000000000e+00	40
153	1.000000000000000e+00	20
154	1.000000000000000e+00	20
155	1.000000000000000e+00	20
156	1.000000000000000e+00	20
157	1.000000000000000e+00	60
158	1.000000000000000e+00	20
159	1.000000000000000e+00	20
160	1.000000000000000e+00	20
161	1.000000000000000e+00	40
162	1.000000000000000e+00	40
163	1.000000000000000e+00	20
164	1.000000000000000e+00	20
165	1.000000000000000e+00	20
166	1.000000000000000e+00	20
167	1.000000000000000e+00	40
168	1.000000000000000e+00	60
169	1.000000000000000e+00	20
170	1.000000000000000e+00	120
171	1.000000000000000e+00	20
172	1.000000000000000e+00	20
173	1.000000000000000e+00	20
174	1.000000000000000e+00	20
175	1.000000000000000e+00	60
176	1.000000000000000e+00	20
177	1.000000000000000e+00	20
178	1.000000000000000e+00	100
179	1.000000000000000e+00	20
180	1.000000000000000e+00	20
181	1.000000000000000e+00	20
182	1.000000000000000e+00	20
183	1.000000000000000e+00	20
184	1.000000000000000e+00	40
185	1.000000000000000e+00	20
186	1.000000000000000e+00	20
187	1.000000000000000e+00	20
188	1.000000000000000e+00	20
189	1.000000000000000e+00	40
190	1.000000000000000e+00	20
191	1.000000000000000e+00	40
192	1.000000000000000e+00	80
193	1.000000000000000e+00	20
194	1.000000000000000e+00	20
195	1.000000000000000e+00	20
196	1.000000000000000e+00	20
197	1.000000000000000e+00	20
198	1.000000000000000e+00	20
199	1.000000000000000e+00	20
200	1.000000000000000e+00	20
201	1.000000000000000e+00	20
202	1.000000000000000e+00	20
203	1.000000000000000e+00	20
204	1.000000000000000e+00	20
205	1.000000000000000e+00	20
206	1.000000000000000e+00	20
207	1.000000000000000e+00	20
208	1.000000000000000e+00	20
209	1.000000000000000e+00	20
210	1.000000000000000e+00	20
211	1.000000000000000e+00	20
212	1.000000000000000e+00	100
213	1.000000000000000e+00	80
214	1.000000000000000e+00	20
215	1.000000000000000e+00	20
216	1.000000000000000e+00	100
217	1.000000000000000e+00	40
218	1.000000000000000e+00	100
219	1.000000000000000e+00	40
220	1.000000000000000e+00	20
221	1.000000000000000e+00	20
222	1.000000000000000e+00	20
223	1.000000000000000e+00	20
224	1.000000000000000e+00	20
225	1.000000000000000e+00	20
226	1.000000000000000e+00	160
227	1.000000000000000e+00	20
228	1.000000000000000e+00	20
229	1.000000000000000e+00	20
230	1.000000000000000e+00	40
231	1.000000000000000e+00	60
232	1.000000000000000e+00	20
233	1.000000000000000e+00	200
234	1.000000000000000e+00	20
235	1.000000000000000e+00	20
236	1.000000000000000e+00	20
237	1.000000000000000e+00	20
238	1.000000000000000e+00	20
239	1.000000000000000e+00	20
240	1.000000000000000e+00	40
241	1.000000000000000e+00	40
242	1.000000000000000e+00	20
243	1.000000000000000e+00	20
244	1.000000000000000e+00	40
245	1.000000000000000e+00	40
246	1.000000000000000e+00	20
247	1.000000000000000e+00	60
248	1.000000000000000e+00	20
249	1.000000000000000e+00	20
250	1.000000000000000e+00	20
251	1.000000000000000e+00	60
252	1.000000000000000e+00	40
253	1.000000000000000e+00	20
254	1.000000000000000e+00	20
255	1.000000000000000e+00	20
256	1.000000000000000e+00	20
257	1.000000000000000e+00	80
258	1.000000000000000e+00	20
259	1.000000000000000e+00	60
260	1.000000000000000e+00	20
261	1.000000000000000e+00	20
262	1.000000000000000e+00	20
263	1.000000000000000e+00	20
264	1.000000000000000e+00	120
265	1.000000000000000e+00	40
266	1.000000000000000e+00	20
267	1.000000000000000e+00	40
268	1.000000000000000e+00	60
269	1.000000000000000e+00	20
270	1.000000000000000e+00	20
271	1.000000000000000e+00	20
272	1.000000000000000e+00	20
273	1.000000000000000e+00	20
274	1.000000000000000e+00	20
275	1.000000000000000e+00	20
276	1.000000000000000e+00	20
277	1.000000000000000e+00	40
278	1.000000000000000e+00	20
279	1.000000000000000e+00	20
280	1.000000000000000e+00	20
281	1.000000000000000e+00	20
282	1.000000000000000e+00	40
283	1.000000000000000e+00	20
284	1.000000000000000e+00	220
285	1.000000000000000e+00	20
286	1.000000000000000e+00	20
287	1.000000000000000e+00	40
288	1.000000000000000e+00	20
289	1.000000000000000e+00	20
290	1.000000000000000e+00	40
291	1.000000000000000e+00	20
292	1.000000000000000e+00	20
293	1.000000000000000e+00	20
294	1.000000000000000e+00	20
295	1.000000000000000e+00	40
296	1.000000000000000e+00	20
297	1.000000000000000e+00	20
298	1.000000000000000e+00	20
299	1.000000000000000e+00	40
300	1.000000000000000e+00	20
301	1.000000000000000e+00	20
302	1.000000000000000e+00	20
303	1.000000000000000e+00	40
304	1.000000000000000e+00	40
305	1.000000000000000e+00	20
306	1.000000000000000e+00	20
307	1.000000000000000e+00	20
308	1.000000000000000e+00	60
309	1.000000000000000e+00	20
310	1.000000000000000e+00	40
311	1.000000000000000e+00	40
312	1.000000000000000e+00	20
313	1.000000000000000e+00	20
314	1.000000000000000e+00	120
315	1.000000000000000e+00	20
316	1.000000000000000e+00	20
317	1.000000000000000e+00	20
318	1.000000000000000e+00	40
319	1.000000000000000e+00	80
320	1.000000000000000e+00	80
321	1.000000000000000e+00	20
322	1.000000000000000e+00	20
323	1.000000000000000e+00	20
324	1.000000000000000e+00	60
325	1.000000000000000e+00	40
326	1.000000000000000e+00	20
327	1.000000000000000e+00	100
328	1.000000000000000e+00	20
329	1.000000000000000e+00	160
330	1.000000000000000e+00	40
331	1.000000000000000e+00	20
332	1.000000000000000e+00	180
333	1.000000000000000e+00	20
334	1.000000000000000e+00	20
335	1.000000000000000e+00	20
336	1.000000000000000e+00	100
337	1.000000000000000e+00	20
338	1.000000000000000e+00	60
339	1.000000000000000e+00	20
340	1.000000000000000e+00	20
341	1.000000000000000e+00	40
342	1.000000000000000e+00	40
343	1.000000000000000e+00	80
344	1.000000000000000e+00	20
345	1.000000000000000e+00	20
346	1.000000000000000e+00	40
347	1.000000000000000e+00	40
348	1.000000000000000e+00	20
349	1.000000000000000e+00	20
350	1.000000000000000e+00	140
351	1.000000000000000e+00	20
352	1.000000000000000e+00	20
353	1.000000000000000e+00	20
354	1.000000000000000e+00	160
355	1.000000000000000e+00	20
356	1.000000000000000e+00	20
357	1.000000000000000e+00	20
358	1.000000000000000e+00	40
359	1.000000000000000e+00	20
360	1.000000000000000e+00	20
361	1.000000000000000e+00	20
362	1.000000000000000e+00	20
363	1.000000000000000e+00	40
364	1.000000000000000e+00	40
365	1.000000000000000e+00	20
366	1.000000000000000e+00	40
367	1.000000000000000e+00	20
368	1.000000000000000e+00	20
369	1.000000000000000e+00	120
370	1.000000000000000e+00	20
371	1.000000000000000e+00	20
372	1.000000000000000e+00	80
373	1.000000000000000e+00	20
374	1.000000000000000e+00	100
375	1.000000000000000e+00	20
376	1.000000000000000e+00	20
377	1.000000000000000e+00	20
378	1.000000000000000e+00	40
379	1.000000000000000e+00	20
380	1.000000000000000e+00	20
381	1.000000000000000e+00	140
382	1.000000000000000e+00	40
383	1.000000000000000e+00	20
384	1.000000000000000e+00	20
385	1.000000000000000e+00	20
386	1.000000000000000e+00	20
387	1.000000000000000e+00	20
388	1.000000000000000e+00	40
389	1.000000000000000e+00	40
390	1.000000000000000e+00	20
391	1.000000000000000e+00	20
392	1.000000000000000e+00	20
393	1.000000000000000e+00	20
394	1.000000000000000e+00	20
395	1.000000000000000e+00	20
396	1.000000000000000e+00	60
397	1.000000000000000e+00	20
398	1.000000000000000e+00	40
399	1.000000000000000e+00	20
400	1.000000000000000e+00	40
401	1.000000000000000e+00	20
402	1.000000000000000e+00	20
403	1.000000000000000e+00	40
404	1.000000000000000e+00	80
405	1.000000000000000e+00	20
406	1.000000000000000e+00	20
407	1.000000000000000e+00	40
408	1.000000000000000e+00	40
409	1.000000000000000e+00	20
410	1.000000000000000e+00	20
411	1.000000000000000e+00	20
412	1.000000000000000e+00	20
413	1.000000000000000e+00	40
414	1.000000000000000e+00	20
415	1.000000000000000e+00	20
416	1.000000000000000e+00	40
417	1.000000000000000e+00	40
418	1.000000000000000e+00	60
419	1.000000000000000e+00	20
420	1.000000000000000e+00	80
421	1.000000000000000e+00	120
422	1.000000000000000e+00	20
423	1.000000000000000e+00	20
424	1.000000000000000e+00	20
425	1.000000000000000e+00	40
426	1.000000000000000e+00	20
427	1.000000000000000e+00	20
428	1.000000000000000e+00	40
429	1.000000000000000e+00	20
430	1.000000000000000e+00	20
431	1.000000000000000e+00	40
432	1.000000000000000e+00	20
433	1.000000000000000e+00	80
434	1.000000000000000e+00	60
435	1.000000000000000e+00	20
436	1.000000000000000e+00	40
437	1.000000000000000e+00	40
438	1.000000000000000e+00	20
439	1.000000000000000e+00	20
440	1.000000000000000e+00	20
441	1.000000000000000e+00	40
442	1.000000000000000e+00	20
443	1.000000000000000e+00	40
444	1.000000000000000e+00	20
445	1.000000000000000e+00	20
446	1.000000000000000e+00	20
447	1.000000000000000e+00	20
448	1.000000000000000e+00	120
449	1.000000000000000e+00	20
450	1.000000000000000e+00	20
451	1.000000000000000e+00	20
452	1.000000000000000e+00	40
453	1.000000000000000e+00	80
454	1.000000000000000e+00	20
455	1.000000000000000e+00	40
456	1.000000000000000e+00	20
457	1.000000000000000e+00	20
458	1.000000000000000e+00	20
459	1.000000000000000e+00	20
460	1.000000000000000e+00	20
461	1.000000000000000e+00	20
462	1.000000000000000e+00	20
463	1.000000000000000e+00	20
464	1.000000000000000e+00	20
465	1.000000000000000e+00	40
466	1.000000000000000e+00	20
467	1.000000000000000e+00	20
468	1.000000000000000e+00	20
469	1.000000000000000e+00	20
470	1.000000000000000e+00	20
471	1.000000000000000e+00	20
472	1.000000000000000e+00	60
473	1.000000000000000e+00	140
474	1.000000000000000e+00	180
475	1.000000000000000e+00	20
476	1.000000000000000e+00	20
477	1.000000000000000e+00	20
478	1.000000000000000e+00	20
479	1.000000000000000e+00	20
480	1.000000000000000e+00	40
481	1.000000000000000e+00	60
482	1.000000000000000e+00	80
483	1.000000000000000e+00	20
484	1.000000000000000e+00	20
485	1.000000000000000e+00	20
486	1.000000000000000e+00	20
487	1.000000000000000e+00	20
488	1.000000000000000e+00	20
489	1.000000000000000e+00	20
490	1.000000000000000e+00	20
491	9.500000000000001e-01	20
492	9.000000000000000e-01	40
493	8.500000000000001e-01	140
494	8.000000000000000e-01	20
495	7.500000000000000e-01	20
496	7.000000000000001e-01	40
497	6.500000000000000e-01	20
498	6.000000000000001e-01	60
499	5.500000000000000e-01	20
500	5.000000000000000e-01	40
501	5.500000000000000e-01	20
502	6.000000000000001e-01	20
503	6.500000000000000e-01	80
504	7.000000000000001e-01	20
505	7.500000000000000e-01	60
506	8.000000000000000e-01	80
507	8.500000000000001e-01	20
508	9.000000000000000e-01	60
509	9.500000000000001e-01	20
510	9.000000000000000e-01	20
511	8.500000000000001e-01	20
512	8.000000000000000e-01	20
513	7.500000000000000e-01	20
514	8.000000000000000e-01	20
515	8.500000000000001e-01	60
516	9.000000000000000e-01	100
517	9.500000000000001e-01	100
518	1.000000000000000e+00	20
519	1.000000000000000e+00	20
520	1.000000000000000e+00	20
521	1.000000000000000e+00	20
522	1.000000000000000e+00	20
523	1.000000000000000e+00	20
524	1.000000000000000e+00	60
525	1.000000000000000e+00	20
526	1.000000000000000e+00	20
527	1.000000000000000e+00	20
528	1.000000000000000e+00	20
529	1.000000000000000e+00	20
530	1.000000000000000e+00	20
531	1.000000000000000e+00	20
532	1.000000000000000e+00	40
533	1.000000000000000e+00	20
534	1.000000000000000e+00	20
535	1.000000000000000e+00	60
536	1.000000000000000e+00	20
537	1.000000000000000e+00	140
538	1.000000000000000e+00	20
539	1.000000000000000e+00	100
540	1.000000000000000e+00	20
541	1.000000000000000e+00	40
542	1.000000000000000e+00	120
543	1.000000000000000e+00	40
544	1.000000000000000e+00	40
545	1.000000000000000e+00	20
546	1.000000000000000e+00	20
547	1.000000000000000e+00	20
548	1.000000000000000e+00	20
549	1.000000000000000e+00	20
550	1.000000000000000e+00	20
551	1.000000000000000e+00	20
552	1.000000000000000e+00	20
553	1.000000000000000e+00	20
554	1.000000000000000e+00	20
555	1.000000000000000e+00	20
556	1.000000000000000e+00	20
557	1.000000000000000e+00	180
558	1.000000000000000e+00	20
559	1.000000000000000e+00	80
560	1.000000000000000e+00	40
561	1.000000000000000e+00	80
562	1.000000000000000e+00	20
563	1.000000000000000e+00	20
564	1.000000000000000e+00	20
565	1.000000000000000e+00	20
566	1.000000000000000e+00	60
567	1.000000000000000e+00	100
568	1.000000000000000e+00	40
569	1.000000000000000e+00	20
570	1.000000000000000e+00	40
571	1.000000000000000e+00	20
572	1.000000000000000e+00	20
573	1.000000000000000e+00	20
574	1.000000000000000e+00	20
575	1.000000000000000e+00	20
576	1.000000000000000e+00	20
577	1.000000000000000e+00	20
578	1.000000000000000e+00	40
579	1.000000000000000e+00	160
580	1.000000000000000e+00	20
581	1.000000000000000e+00	60
582	1.000000000000000e+00	20
583	1.000000000000000e+00	20
584	1.000000000000000e+00	20
585	1.000000000000000e+00	20
586	1.000000000000000e+00	20
587	1.000000000000000e+00	20
588	1.000000000000000e+00	80
589	1.000000000000000e+00	20
590	1.000000000000000e+00	20
591	1.000000000000000e+00	20
592	1.000000000000000e+00	60
593	1.000000000000000e+00	20
594	1.000000000000000e+00	140
595	1.000000000000000e+00	20
596	1.000000000000000e+00	100
597	1.000000000000000e+00	180
598	1.000000000000000e+00	40
599	1.000000000000000e+00	20
600	1.000000000000000e+00	20
601	1.000000000000000e+00	20
602	1.000000000000000e+00	20
603	1.000000000000000e+00	20
604	1.000000000000000e+00	20
605	1.000000000000000e+00	20
606	1.000000000000000e+00	20
607	1.000000000000000e+00	40
608	1.000000000000000e+00	20
609	1.000000000000000e+00	20
610	1.000000000000000e+00	20
611	1.000000000000000e+00	20
612	1.000000000000000e+00	20
613	1.000000000000000e+00	20
614	1.000000000000000e+00	60
615	1.000000000000000e+00	120
616	1.000000000000000e+00	100
617	1.000000000000000e+00	20
618	1.000000000000000e+00	20
619	1.000000000000000e+00	80
620	1.000000000000000e+00	20
621	1.000000000000000e+00	60
622	1.000000000000000e+00	20
623	1.000000000000000e+00	20
624	1.000000000000000e+00	20
625	1.000000000000000e+00	40
626	1.000000000000000e+00	40
627	1.000000000000000e+00	20
628	1.000000000000000e+00	60
629	1.000000000000000e+00	20
630	1.000000000000000e+00	60
631	1.000000000000000e+00	20
632	1.000000000000000e+00	140
633	1.000000000000000e+00	20
634	1.000000000000000e+00	20
635	1.000000000000000e+00	20
636	1.000000000000000e+00	20
637	1.000000000000000e+00	20
638	1.000000000000000e+00	80
639	1.000000000000000e+00	60
640	1.000000000000000e+00	40
641	1.000000000000000e+00	20
642	1.000000000000000e+00	100
643	1.000000000000000e+00	80
644	1.000000000000000e+00	280
645	1.000000000000000e+00	60
646	1.000000000000000e+00	60
647	1.000000000000000e+00	20
648	1.000000000000000e+00	20
649	1.000000000000000e+00	20
650	1.000000000000000e+00	100
651	1.000000000000000e+00	100
652	1.000000000000000e+00	20
653	1.000000000000000e+00	20
654	1.000000000000000e+00	20
655	1.000000000000000e+00	80
656	1.000000000000000e+00	20
657	1.000000000000000e+00	20
658	1.000000000000000e+00	20
659	1.000000000000000e+00	20
660	1.000000000000000e+00	20
661	1.000000000000000e+00	20
662	1.000000000000000e+00	20
663	1.000000000000000e+00	60
664	1.000000000000000e+00	20
665	1.000000000000000e+00	20
666	1.000000000000000e+00	20
667	1.000000000000000e+00	20
668	1.000000000000000e+00	20
669	1.000000000000000e+00	20
670	1.000000000000000e+00	20
671	1.000000000000000e+00	40
672	1.000000000000000e+00	40
673	1.000000000000000e+00	20
674	1.000000000000000e+00	80
675	1.000000000000000e+00	20
676	1.000000000000000e+00	20
677	1.000000000000000e+00	60
678	1.000000000000000e+00	20
679	1.000000000000000e+00	20
680	1.000000000000000e+00	20
681	1.000000000000000e+00	40
682	1.000000000000000e+00	40
683	1.000000000000000e+00	20
684	1.000000000000000e+00	20
685	1.000000000000000e+00	20
686	1.000000000000000e+00	60
687	1.000000000000000e+00	40
688	1.000000000000000e+00	40
689	1.000000000000000e+00	40
690	1.000000000000000e+00	20
691	1.000000000000000e+00	20
692	1.000000000000000e+00	20
693	1.000000000000000e+00	120
694	1.000000000000000e+00	40
695	1.000000000000000e+00	20
696	1.000000000000000e+00	40
697	1.000000000000000e+00	20
698	1.000000000000000e+00	20
699	1.000000000000000e+00	60
700	1.000000000000000e+00	20
701	1.000000000000000e+00	20
702	1.000000000000000e+00	20
703	1.000000000000000e+00	20
704	1.000000000000000e+00	140
705	1.000000000000000e+00	20
706	1.000000000000000e+00	20
707	1.000000000000000e+00	60
708	1.000000000000000e+00	20
709	1.000000000000000e+00	40
710	1.000000000000000e+00	20
711	1.000000000000000e+00	80
712	1.000000000000000e+00	20
713	1.000000000000000e+00	20
714	1.000000000000000e+00	60
715	1.000000000000000e+00	20
716	1.000000000000000e+00	40
717	1.000000000000000e+00	40
718	1.000000000000000e+00	20
719	1.000000000000000e+00	40
720	1.000000000000000e+00	60
721	1.000000000000000e+00	60
722	1.000000000000000e+00	20
723	1.000000000000000e+00	40
724	1.000000000000000e+00	40
725	1.000000000000000e+00	20
726	1.000000000000000e+00	40
727	1.000000000000000e+00	20
728	1.000000000000000e+00	40
729	1.000000000000000e+00	20
730	1.000000000000000e+00	40
731	1.000000000000000e+00	40
732	1.000000000000000e+00	20
733	1.000000000000000e+00	20
734	1.000000000000000e+00	20
735	1.000000000000000e+00	40
736	1.000000000000000e+00	20
737	1.000000000000000e+00	20
738	1.000000000000000e+00	20
739	1.000000000000000e+00	60
740	1.000000000000000e+00	40
741	1.000000000000000e+00	100
742	1.000000000000000e+00	40
743	1.000000000000000e+00	20
744	1.000000000000000e+00	20
745	1.000000000000000e+00	20
746	1.000000000000000e+00	80
747	1.000000000000000e+00	20
748	1.000000000000000e+00	20
749	1.000000000000000e+00	20
750	1.000000000000000e+00	80
751	1.000000000000000e+00	20
752	1.000000000000000e+00	40
753	1.000000000000000e+00	60
754	1.000000000000000e+00	40
755	1.000000000000000e+00	60
756	1.000000000000000e+00	60
757	1.000000000000000e+00	20
758	1.000000000000000e+00	20
759	1.000000000000000e+00	20
760	1.000000000000000e+00	20
761	1.000000000000000e+00	40
762	1.000000000000000e+00	40
763	1.000000000000000e+00	20
764	1.000000000000000e+00	40
765	1.000000000000000e+00	20
766	1.000000000000000e+00	20
767	1.000000000000000e+00	40
768	1.000000000000000e+00	20
769	1.000000000000000e+00	20
770	1.000000000000000e+00	60
771	1.000000000000000e+00	20
772	1.000000000000000e+00	20
773	1.000000000000000e+00	20
774	1.000000000000000e+00	20
775	1.000000000000000e+00	20
776	1.000000000000000e+00	40
777	1.000000000000000e+00	20
778	1.000000000000000e+00	20
779	1.000000000000000e+00	40
780	1.000000000000000e+00	20
781	1.000000000000000e+00	20
782	1.000000000000000e+00	40
783	1.000000000000000e+00	20
784	1.000000000000000e+00	20
785	1.000000000000000e+00	20
786	1.000000000000000e+00	20
787	1.000000000000000e+00	20
788	1.000000000000000e+00	40
789	1.000000000000000e+00	40
790	1.000000000000000e+00	20
791	1.000000000000000e+00	40
792	1.000000000000000e+00	20
793	1.000000000000000e+00	60
794	1.000000000000000e+00	20
795	1.000000000000000e+00	20
796	1.000000000000000e+00	40
797	1.000000000000000e+00	20
798	1.000000000000000e+00	20
799	1.000000000000000e+00	20
800	1.000000000000000e+00	20
801	1.000000000000000e+00	20
802	1.000000000000000e+00	20
803	1.000000000000000e+00	20
804	1.000000000000000e+00	20
805	1.000000000000000e+00	20
806	1.000000000000000e+00	20
807	1.000000000000000e+00	200
808	1.000000000000000e+00	20
809	1.000000000000000e+00	20
810	1.000000000000000e+00	40
811	1.000000000000000e+00	20
812	1.000000000000000e+00	40
813	1.000000000000000e+00	20
814	1.000000000000000e+00	60
815	1.000000000000000e+00	20
816	1.000000000000000e+00	20
817	1.000000000000000e+00	20
818	1.000000000000000e+00	20
819	1.000000000000000e+00	20
820	1.000000000000000e+00	20
821	1.000000000000000e+00	20
822	1.000000000000000e+00	40
823	1.000000000000000e+00	20
824	1.000000000000000e+00	20
825	1.000000000000000e+00	20
826	1.000000000000000e+00	20
827	1.000000000000000e+00	20
828	1.000000000000000e+00	80
829	1.000000000000000e+00	60
830	1.000000000000000e+00	20
831	1.000000000000000e+00	100
832	1.000000000000000e+00	20
833	1.000000000000000e+00	20
834	1.000000000000000e+00	20
835	1.000000000000000e+00	20
836	1.000000000000000e+00	20
837	1.000000000000000e+00	20
838	1.000000000000000e+00	20
839	1.000000000000000e+00	20
840	1.000000000000000e+00	20
841	1.000000000000000e+00	80
842	1.000000000000000e+00	40
843	1.000000000000000e+00	20
844	1.000000000000000e+00	20
845	1.000000000000000e+00	20
846	1.000000000000000e+00	20
847	1.000000000000000e+00	80
848	1.000000000000000e+00	40
849	1.000000000000000e+00	20
850	1.000000000000000e+00	40
851	1.000000000000000e+00	60
852	1.000000000000000e+00	40
853	1.000000000000000e+00	20
854	1.000000000000000e+00	20
855	1.000000000000000e+00	20
856	1.000000000000000e+00	20
857	1.000000000000000e+00	20
858	1.000000000000000e+00	20
859	1.000000000000000e+00	20
860	1.000000000000000e+00	20
861	1.000000000000000e+00	20
862	1.000000000000000e+00	160
863	1.000000000000000e+00	20
864	1.000000000000000e+00	40
865	1.000000000000000e+00	20
866	1.000000000000000e+00	20
867	1.000000000000000e+00	20
868	1.000000000000000e+00	20
869	1.000000000000000e+00	20
870	1.000000000000000e+00	20
871	1.000000000000000e+00	20
872	1.000000000000000e+00	20
873	1.000000000000000e+00	40
874	1.000000000000000e+00	20
875	1.000000000000000e+00	20
876	1.000000000000000e+00	20
877	1.000000000000000e+00	20
878	1.000000000000000e+00	20
879	1.000000000000000e+00	20
880	1.000000000000000e+00	20
881	1.000000000000000e+00	20
882	1.000000000000000e+00	60
883	1.000000000000000e+00	40
884	1.000000000000000e+00	40
885	1.000000000000000e+00	40
886	1.000000000000000e+00	40
887	1.000000000000000e+00	40
888	1.000000000000000e+00	200
889	1.000000000000000e+00	20
890	1.000000000000000e+00	20
891	1.000000000000000e+00	160
892	1.000000000000000e+00	40
893	1.000000000000000e+00	60
894	1.000000000000000e+00	20
895	1.000000000000000e+00	20
896	1.000000000000000e+00	20
897	1.000000000000000e+00	100
898	1.000000000000000e+00	80
899	1.000000000000000e+00	20
900	1.000000000000000e+00	160
901	1.000000000000000e+00	20
902	1.000000000000000e+00	40
903	1.000000000000000e+00	40
904	1.000000000000000e+00	20
905	1.000000000000000e+00	20
906	1.000000000000000e+00	20
907	1.000000000000000e+00	20
908	1.000000000000000e+00	20
909	1.000000000000000e+00	40
910	1.000000000000000e+00	40
911	1.000000000000000e+00	20
912	1.000000000000000e+00	20
913	1.000000000000000e+00	80
914	1.000000000000000e+00	20
915	1.000000000000000e+00	60
916	1.000000000000000e+00	20
917	1.000000000000000e+00	20
918	1.000000000000000e+00	60
919	1.000000000000000e+00	20
920	1.000000000000000e+00	100
921	1.000000000000000e+00	20
922	1.000000000000000e+00	20
923	1.000000000000000e+00	60
924	1.000000000000000e+00	60
925	1.000000000000000e+00	20
926	1.000000000000000e+00	20
927	1.000000000000000e+00	20
928	1.000000000000000e+00	20
929	1.000000000000000e+00	140
930	1.000000000000000e+00	40
931	1.000000000000000e+00	80
932	1.000000000000000e+00	20
933	1.000000000000000e+00	20
934	1.000000000000000e+00	20
935	1.000000000000000e+00	20
936	1.000000000000000e+00	160
937	1.000000000000000e+00	40
938	1.000000000000000e+00	20
939	1.000000000000000e+00	20
940	1.000000000000000e+00	20
941	1.000000000000000e+00	20
942	1.000000000000000e+00	40
943	1.000000000000000e+00	220
944	1.000000000000000e+00	40
945	1.000000000000000e+00	60
946	1.000000000000000e+00	20
947	1.000000000000000e+00	80
948	1.000000000000000e+00	20
949	1.000000000000000e+00	20
950	1.000000000000000e+00	20
951	1.000000000000000e+00	20
952	1.000000000000000e+00	20
953	1.000000000000000e+00	20
954	1.000000000000000e+00	20
955	1.000000000000000e+00	20
956	1.000000000000000e+00	20
957	1.000000000000000e+00	20
958	1.000000000000000e+00	20
959	1.000000000000000e+00	20
960	1.000000000000000e+00	140
961	1.000000000000000e+00	20
962	1.000000000000000e+00	20
963	1.000000000000000e+00	20
964	1.000000000000000e+00	40
965	1.000000000000000e+00	20
966	1.000000000000000e+00	120
967	1.000000000000000e+00	60
968	1.000000000000000e+00	20
969	1.000000000000000e+00	140
970	1.000000000000000e+00	20
971	1.000000000000000e+00	20
972	1.000000000000000e+00	40
973	1.000000000000000e+00	80
974	1.000000000000000e+00	20
975	1.000000000000000e+00	20
976	1.000000000000000e+00	20
977	1.000000000000000e+00	20
978	1.000000000000000e+00	20
979	1.000000000000000e+00	100
980	1.000000000000000e+00	40
981	1.000000000000000e+00	60
982	1.000000000000000e+00	60
983	1.000000000000000e+00	20
984	1.000000000000000e+00	20
985	1.000000000000000e+00	20
986	1.000000000000000e+00	20
987	1.000000000000000e+00	40
988	1.000000000000000e+00	40
989	1.000000000000000e+00	140
990	1.000000000000000e+00	40
991	1.000000000000000e+00	20
992	1.000000000000000e+00	20
993	1.000000000000000e+00	20
994	1.000000000000000e+00	80
995	1.000000000000000e+00	40
996	1.000000000000000e+00	20
997	1.000000000000000e+00	240
998	1.000000000000000e+00	20
999	1.000000000000000e+00	20
1000	1.000000000000000e+00	20


Tempo gasto: 18.999468
