Método usado: LUUS JAAKOLA

POSIÇÃO	ÁREA(mm²)	CUSTO

1	1.000000000000000e+00	8
2	1.000000000000000e+00	20
3	1.000000000000000e+00	6
4	1.000000000000000e+00	18
5	1.000000000000000e+00	22
6	1.000000000000000e+00	4
7	1.000000000000000e+00	6
8	1.000000000000000e+00	16
9	1.000000000000000e+00	8
10	1.000000000000000e+00	4
11	1.000000000000000e+00	22
12	1.000000000000000e+00	4
13	1.000000000000000e+00	8
14	1.000000000000000e+00	12
15	1.000000000000000e+00	4
16	1.000000000000000e+00	4
17	1.000000000000000e+00	12
18	1.000000000000000e+00	12
19	1.000000000000000e+00	6
20	1.000000000000000e+00	28
21	1.000000000000000e+00	18
22	1.000000000000000e+00	18
23	1.000000000000000e+00	20
24	1.000000000000000e+00	24
25	1.000000000000000e+00	4
26	1.000000000000000e+00	28
27	1.000000000000000e+00	8
28	1.000000000000000e+00	10
29	1.000000000000000e+00	2
30	1.000000000000000e+00	6
31	1.000000000000000e+00	16
32	1.000000000000000e+00	4
33	1.000000000000000e+00	12
34	1.000000000000000e+00	24
35	1.000000000000000e+00	4
36	1.000000000000000e+00	12
37	1.000000000000000e+00	2
38	1.000000000000000e+00	6
39	1.000000000000000e+00	14
40	1.000000000000000e+00	10
41	1.000000000000000e+00	10
42	1.000000000000000e+00	2
43	1.000000000000000e+00	4
44	1.000000000000000e+00	22
45	1.000000000000000e+00	2
46	1.000000000000000e+00	10
47	1.000000000000000e+00	10
48	1.000000000000000e+00	10
49	1.000000000000000e+00	8
50	1.000000000000000e+00	6
51	1.000000000000000e+00	2
52	1.000000000000000e+00	16
53	1.000000000000000e+00	14
54	1.000000000000000e+00	16
55	1.000000000000000e+00	4
56	1.000000000000000e+00	8
57	1.000000000000000e+00	20
58	1.000000000000000e+00	2
59	1.000000000000000e+00	2
60	1.000000000000000e+00	4
61	1.000000000000000e+00	4
62	1.000000000000000e+00	32
63	1.000000000000000e+00	32
64	1.000000000000000e+00	14
65	1.000000000000000e+00	6
66	1.000000000000000e+00	6
67	1.000000000000000e+00	18
68	1.000000000000000e+00	10
69	1.000000000000000e+00	12
70	1.000000000000000e+00	34
71	1.000000000000000e+00	16
72	1.000000000000000e+00	6
73	1.000000000000000e+00	14
74	1.000000000000000e+00	10
75	1.000000000000000e+00	22
76	1.000000000000000e+00	16
77	1.000000000000000e+00	24
78	1.000000000000000e+00	8
79	1.000000000000000e+00	2
80	1.000000000000000e+00	12
81	1.000000000000000e+00	4
82	1.000000000000000e+00	4
83	1.000000000000000e+00	30
84	1.000000000000000e+00	16
85	1.000000000000000e+00	10
86	1.000000000000000e+00	6
87	1.000000000000000e+00	12
88	1.000000000000000e+00	36
89	1.000000000000000e+00	16
90	1.000000000000000e+00	10
91	1.000000000000000e+00	4
92	1.000000000000000e+00	6
93	1.000000000000000e+00	4
94	1.000000000000000e+00	2
95	1.000000000000000e+00	16
96	1.000000000000000e+00	20
97	1.000000000000000e+00	4
98	1.000000000000000e+00	2
99	1.000000000000000e+00	16
100	1.000000000000000e+00	6
101	1.000000000000000e+00	6
102	1.000000000000000e+00	10
103	1.000000000000000e+00	16
104	1.000000000000000e+00	4
105	1.000000000000000e+00	12
106	1.000000000000000e+00	20
107	1.000000000000000e+00	4
108	1.000000000000000e+00	6
109	1.000000000000000e+00	8
110	1.000000000000000e+00	10
111	1.000000000000000e+00	24
112	1.000000000000000e+00	10
113	1.000000000000000e+00	14
114	1.000000000000000e+00	6
115	1.000000000000000e+00	6
116	1.000000000000000e+00	8
117	1.000000000000000e+00	2
118	1.000000000000000e+00	4
119	1.000000000000000e+00	12
120	1.000000000000000e+00	8
121	1.000000000000000e+00	28
122	1.000000000000000e+00	14
123	1.000000000000000e+00	20
124	1.000000000000000e+00	6
125	1.000000000000000e+00	50
126	1.000000000000000e+00	26
127	1.000000000000000e+00	2
128	1.000000000000000e+00	16
129	1.000000000000000e+00	6
130	1.000000000000000e+00	12
131	1.000000000000000e+00	8
132	1.000000000000000e+00	16
133	1.000000000000000e+00	10
134	1.000000000000000e+00	6
135	1.000000000000000e+00	2
136	1.000000000000000e+00	4
137	1.000000000000000e+00	14
138	1.000000000000000e+00	22
139	1.000000000000000e+00	12
140	1.000000000000000e+00	8
141	1.000000000000000e+00	12
142	1.000000000000000e+00	2
143	1.000000000000000e+00	8
144	1.000000000000000e+00	12
145	1.000000000000000e+00	14
146	1.000000000000000e+00	2
147	1.000000000000000e+00	16
148	1.000000000000000e+00	16
149	1.000000000000000e+00	6
150	1.000000000000000e+00	14
151	1.000000000000000e+00	12
152	1.000000000000000e+00	26
153	1.000000000000000e+00	6
154	1.000000000000000e+00	26
155	1.000000000000000e+00	8
156	1.000000000000000e+00	8
157	1.000000000000000e+00	24
158	1.000000000000000e+00	44
159	1.000000000000000e+00	6
160	1.000000000000000e+00	22
161	1.000000000000000e+00	20
162	1.000000000000000e+00	12
163	1.000000000000000e+00	14
164	1.000000000000000e+00	16
165	1.000000000000000e+00	16
166	1.000000000000000e+00	22
167	1.000000000000000e+00	2
168	1.000000000000000e+00	18
169	1.000000000000000e+00	36
170	1.000000000000000e+00	16
171	1.000000000000000e+00	12
172	1.000000000000000e+00	10
173	1.000000000000000e+00	30
174	1.000000000000000e+00	42
175	1.000000000000000e+00	20
176	1.000000000000000e+00	4
177	1.000000000000000e+00	6
178	1.000000000000000e+00	4
179	1.000000000000000e+00	8
180	1.000000000000000e+00	12
181	1.000000000000000e+00	6
182	1.000000000000000e+00	22
183	1.000000000000000e+00	6
184	1.000000000000000e+00	10
185	1.000000000000000e+00	12
186	1.000000000000000e+00	2
187	1.000000000000000e+00	22
188	1.000000000000000e+00	30
189	1.000000000000000e+00	14
190	1.000000000000000e+00	6
191	1.000000000000000e+00	2
192	1.000000000000000e+00	2
193	1.000000000000000e+00	16
194	1.000000000000000e+00	12
195	1.000000000000000e+00	4
196	1.000000000000000e+00	14
197	1.000000000000000e+00	8
198	1.000000000000000e+00	22
199	1.000000000000000e+00	6
200	1.000000000000000e+00	4
201	1.000000000000000e+00	4
202	1.000000000000000e+00	12
203	1.000000000000000e+00	8
204	1.000000000000000e+00	10
205	1.000000000000000e+00	20
206	1.000000000000000e+00	10
207	1.000000000000000e+00	10
208	1.000000000000000e+00	4
209	1.000000000000000e+00	20
210	1.000000000000000e+00	20
211	1.000000000000000e+00	46
212	1.000000000000000e+00	18
213	1.000000000000000e+00	14
214	1.000000000000000e+00	2
215	1.000000000000000e+00	10
216	1.000000000000000e+00	2
217	1.000000000000000e+00	18
218	1.000000000000000e+00	22
219	1.000000000000000e+00	2
220	1.000000000000000e+00	16
221	1.000000000000000e+00	28
222	1.000000000000000e+00	38
223	1.000000000000000e+00	20
224	1.000000000000000e+00	2
225	1.000000000000000e+00	16
226	1.000000000000000e+00	22
227	1.000000000000000e+00	18
228	1.000000000000000e+00	6
229	1.000000000000000e+00	4
230	1.000000000000000e+00	6
231	1.000000000000000e+00	12
232	1.000000000000000e+00	2
233	1.000000000000000e+00	4
234	1.000000000000000e+00	26
235	1.000000000000000e+00	8
236	1.000000000000000e+00	6
237	1.000000000000000e+00	4
238	1.000000000000000e+00	6
239	1.000000000000000e+00	6
240	1.000000000000000e+00	8
241	1.000000000000000e+00	6
242	1.000000000000000e+00	4
243	1.000000000000000e+00	10
244	1.000000000000000e+00	2
245	1.000000000000000e+00	22
246	1.000000000000000e+00	26
247	1.000000000000000e+00	12
248	1.000000000000000e+00	16
249	1.000000000000000e+00	6
250	1.000000000000000e+00	2
251	1.000000000000000e+00	20
252	1.000000000000000e+00	2
253	1.000000000000000e+00	8
254	1.000000000000000e+00	10
255	1.000000000000000e+00	18
256	1.000000000000000e+00	2
257	1.000000000000000e+00	44
258	1.000000000000000e+00	14
259	1.000000000000000e+00	16
260	1.000000000000000e+00	8
261	1.000000000000000e+00	14
262	1.000000000000000e+00	2
263	1.000000000000000e+00	6
264	1.000000000000000e+00	2
265	1.000000000000000e+00	8
266	1.000000000000000e+00	2
267	1.000000000000000e+00	22
268	1.000000000000000e+00	8
269	1.000000000000000e+00	22
270	1.000000000000000e+00	4
271	1.000000000000000e+00	8
272	1.000000000000000e+00	8
273	1.000000000000000e+00	30
274	1.000000000000000e+00	4
275	1.000000000000000e+00	20
276	1.000000000000000e+00	4
277	1.000000000000000e+00	6
278	1.000000000000000e+00	30
279	1.000000000000000e+00	4
280	1.000000000000000e+00	22
281	1.000000000000000e+00	14
282	1.000000000000000e+00	4
283	1.000000000000000e+00	2
284	1.000000000000000e+00	20
285	1.000000000000000e+00	2
286	1.000000000000000e+00	2
287	1.000000000000000e+00	16
288	1.000000000000000e+00	2
289	1.000000000000000e+00	14
290	1.000000000000000e+00	24
291	1.000000000000000e+00	24
292	1.000000000000000e+00	18
293	1.000000000000000e+00	22
294	1.000000000000000e+00	8
295	1.000000000000000e+00	22
296	1.000000000000000e+00	8
297	1.000000000000000e+00	8
298	1.000000000000000e+00	12
299	1.000000000000000e+00	14
300	1.000000000000000e+00	10
301	1.000000000000000e+00	12
302	1.000000000000000e+00	14
303	1.000000000000000e+00	2
304	1.000000000000000e+00	2
305	1.000000000000000e+00	6
306	1.000000000000000e+00	24
307	1.000000000000000e+00	8
308	1.000000000000000e+00	2
309	1.000000000000000e+00	12
310	1.000000000000000e+00	6
311	1.000000000000000e+00	10
312	1.000000000000000e+00	4
313	1.000000000000000e+00	16
314	1.000000000000000e+00	12
315	1.000000000000000e+00	8
316	1.000000000000000e+00	4
317	1.000000000000000e+00	12
318	1.000000000000000e+00	30
319	1.000000000000000e+00	2
320	1.000000000000000e+00	24
321	1.000000000000000e+00	4
322	1.000000000000000e+00	16
323	1.000000000000000e+00	28
324	1.000000000000000e+00	8
325	1.000000000000000e+00	6
326	1.000000000000000e+00	18
327	1.000000000000000e+00	18
328	1.000000000000000e+00	32
329	1.000000000000000e+00	18
330	1.000000000000000e+00	10
331	1.000000000000000e+00	2
332	1.000000000000000e+00	2
333	1.000000000000000e+00	18
334	1.000000000000000e+00	12
335	1.000000000000000e+00	22
336	1.000000000000000e+00	20
337	1.000000000000000e+00	26
338	1.000000000000000e+00	20
339	1.000000000000000e+00	2
340	1.000000000000000e+00	4
341	1.000000000000000e+00	26
342	1.000000000000000e+00	10
343	1.000000000000000e+00	20
344	1.000000000000000e+00	22
345	1.000000000000000e+00	8
346	1.000000000000000e+00	2
347	1.000000000000000e+00	8
348	1.000000000000000e+00	22
349	1.000000000000000e+00	2
350	1.000000000000000e+00	10
351	1.000000000000000e+00	4
352	1.000000000000000e+00	2
353	1.000000000000000e+00	4
354	1.000000000000000e+00	8
355	1.000000000000000e+00	38
356	1.000000000000000e+00	18
357	1.000000000000000e+00	12
358	1.000000000000000e+00	14
359	1.000000000000000e+00	4
360	1.000000000000000e+00	52
361	1.000000000000000e+00	16
362	1.000000000000000e+00	26
363	1.000000000000000e+00	4
364	1.000000000000000e+00	4
365	1.000000000000000e+00	14
366	1.000000000000000e+00	24
367	1.000000000000000e+00	6
368	1.000000000000000e+00	2
369	1.000000000000000e+00	20
370	1.000000000000000e+00	54
371	1.000000000000000e+00	4
372	1.000000000000000e+00	16
373	1.000000000000000e+00	8
374	1.000000000000000e+00	6
375	1.000000000000000e+00	6
376	1.000000000000000e+00	8
377	1.000000000000000e+00	16
378	1.000000000000000e+00	12
379	1.000000000000000e+00	10
380	1.000000000000000e+00	12
381	1.000000000000000e+00	10
382	1.000000000000000e+00	4
383	1.000000000000000e+00	8
384	1.000000000000000e+00	2
385	1.000000000000000e+00	4
386	1.000000000000000e+00	10
387	1.000000000000000e+00	4
388	1.000000000000000e+00	6
389	1.000000000000000e+00	6
390	1.000000000000000e+00	6
391	1.000000000000000e+00	8
392	1.000000000000000e+00	16
393	1.000000000000000e+00	14
394	1.000000000000000e+00	36
395	1.000000000000000e+00	4
396	1.000000000000000e+00	6
397	1.000000000000000e+00	18
398	1.000000000000000e+00	10
399	1.000000000000000e+00	10
400	1.000000000000000e+00	4
401	1.000000000000000e+00	26
402	1.000000000000000e+00	12
403	1.000000000000000e+00	16
404	1.000000000000000e+00	32
405	1.000000000000000e+00	6
406	1.000000000000000e+00	2
407	1.000000000000000e+00	6
408	1.000000000000000e+00	6
409	1.000000000000000e+00	4
410	1.000000000000000e+00	34
411	1.000000000000000e+00	12
412	1.000000000000000e+00	2
413	1.000000000000000e+00	6
414	1.000000000000000e+00	14
415	1.000000000000000e+00	20
416	1.000000000000000e+00	16
417	1.000000000000000e+00	8
418	1.000000000000000e+00	6
419	1.000000000000000e+00	2
420	1.000000000000000e+00	2
421	1.000000000000000e+00	10
422	1.000000000000000e+00	10
423	1.000000000000000e+00	4
424	1.000000000000000e+00	16
425	1.000000000000000e+00	4
426	1.000000000000000e+00	4
427	1.000000000000000e+00	2
428	1.000000000000000e+00	46
429	1.000000000000000e+00	28
430	1.000000000000000e+00	14
431	1.000000000000000e+00	20
432	1.000000000000000e+00	8
433	1.000000000000000e+00	12
434	1.000000000000000e+00	2
435	1.000000000000000e+00	6
436	1.000000000000000e+00	2
437	1.000000000000000e+00	6
438	1.000000000000000e+00	22
439	1.000000000000000e+00	36
440	1.000000000000000e+00	2
441	1.000000000000000e+00	4
442	1.000000000000000e+00	4
443	1.000000000000000e+00	6
444	1.000000000000000e+00	10
445	1.000000000000000e+00	22
446	1.000000000000000e+00	6
447	1.000000000000000e+00	20
448	1.000000000000000e+00	18
449	1.000000000000000e+00	16
450	1.000000000000000e+00	24
451	1.000000000000000e+00	4
452	1.000000000000000e+00	8
453	1.000000000000000e+00	32
454	1.000000000000000e+00	10
455	1.000000000000000e+00	2
456	1.000000000000000e+00	2
457	1.000000000000000e+00	4
458	1.000000000000000e+00	6
459	1.000000000000000e+00	10
460	1.000000000000000e+00	16
461	1.000000000000000e+00	8
462	1.000000000000000e+00	2
463	1.000000000000000e+00	2
464	1.000000000000000e+00	2
465	1.000000000000000e+00	12
466	1.000000000000000e+00	4
467	1.000000000000000e+00	10
468	1.000000000000000e+00	32
469	1.000000000000000e+00	20
470	1.000000000000000e+00	6
471	1.000000000000000e+00	16
472	1.000000000000000e+00	16
473	1.000000000000000e+00	26
474	1.000000000000000e+00	8
475	1.000000000000000e+00	2
476	1.000000000000000e+00	14
477	1.000000000000000e+00	8
478	1.000000000000000e+00	2
479	1.000000000000000e+00	24
480	1.000000000000000e+00	8
481	1.000000000000000e+00	8
482	1.000000000000000e+00	6
483	1.000000000000000e+00	8
484	1.000000000000000e+00	18
485	1.000000000000000e+00	4
486	1.000000000000000e+00	20
487	1.000000000000000e+00	6
488	1.000000000000000e+00	2
489	1.000000000000000e+00	20
490	1.000000000000000e+00	12
491	9.500062319360892e-01	248
492	9.000055202159746e-01	278
493	8.500209583701244e-01	312
494	8.000326852241222e-01	238
495	7.500218757215787e-01	262
496	7.000253416331372e-01	268
497	6.500258027443335e-01	242
498	6.000223025315718e-01	300
499	5.500108132970624e-01	350
500	5.000104093297104e-01	226
501	5.500188283645878e-01	170
502	6.000287175922107e-01	192
503	6.500326857180679e-01	340
504	7.000278678242156e-01	318
505	7.500181662337907e-01	270
506	8.000308857107535e-01	290
507	8.500165280361039e-01	288
508	9.000212452900916e-01	272
509	9.500134391482282e-01	292
510	9.000250543739401e-01	180
511	8.500225614176368e-01	310
512	8.000158173095497e-01	324
513	7.500107923081909e-01	310
514	8.000178385771207e-01	290
515	8.500173322468169e-01	294
516	9.000122654620215e-01	186
517	9.500218384003821e-01	242
518	1.000000000000000e+00	1000
519	1.000000000000000e+00	24
520	1.000000000000000e+00	12
521	1.000000000000000e+00	16
522	1.000000000000000e+00	4
523	1.000000000000000e+00	14
524	1.000000000000000e+00	6
525	1.000000000000000e+00	16
526	1.000000000000000e+00	12
527	1.000000000000000e+00	2
528	1.000000000000000e+00	8
529	1.000000000000000e+00	2
530	1.000000000000000e+00	2
531	1.000000000000000e+00	10
532	1.000000000000000e+00	4
533	1.000000000000000e+00	18
534	1.000000000000000e+00	26
535	1.000000000000000e+00	12
536	1.000000000000000e+00	20
537	1.000000000000000e+00	14
538	1.000000000000000e+00	4
539	1.000000000000000e+00	12
540	1.000000000000000e+00	4
541	1.000000000000000e+00	6
542	1.000000000000000e+00	8
543	1.000000000000000e+00	22
544	1.000000000000000e+00	6
545	1.000000000000000e+00	2
546	1.000000000000000e+00	8
547	1.000000000000000e+00	4
548	1.000000000000000e+00	10
549	1.000000000000000e+00	6
550	1.000000000000000e+00	6
551	1.000000000000000e+00	4
552	1.000000000000000e+00	8
553	1.000000000000000e+00	26
554	1.000000000000000e+00	10
555	1.000000000000000e+00	8
556	1.000000000000000e+00	6
557	1.000000000000000e+00	20
558	1.000000000000000e+00	2
559	1.000000000000000e+00	26
560	1.000000000000000e+00	12
561	1.000000000000000e+00	14
562	1.000000000000000e+00	4
563	1.000000000000000e+00	34
564	1.000000000000000e+00	42
565	1.000000000000000e+00	32
566	1.000000000000000e+00	10
567	1.000000000000000e+00	6
568	1.000000000000000e+00	16
569	1.000000000000000e+00	12
570	1.000000000000000e+00	6
571	1.000000000000000e+00	24
572	1.000000000000000e+00	22
573	1.000000000000000e+00	12
574	1.000000000000000e+00	2
575	1.000000000000000e+00	18
576	1.000000000000000e+00	6
577	1.000000000000000e+00	12
578	1.000000000000000e+00	2
579	1.000000000000000e+00	14
580	1.000000000000000e+00	14
581	1.000000000000000e+00	12
582	1.000000000000000e+00	2
583	1.000000000000000e+00	18
584	1.000000000000000e+00	2
585	1.000000000000000e+00	2
586	1.000000000000000e+00	36
587	1.000000000000000e+00	16
588	1.000000000000000e+00	22
589	1.000000000000000e+00	8
590	1.000000000000000e+00	2
591	1.000000000000000e+00	30
592	1.000000000000000e+00	8
593	1.000000000000000e+00	20
594	1.000000000000000e+00	16
595	1.000000000000000e+00	30
596	1.000000000000000e+00	2
597	1.000000000000000e+00	16
598	1.000000000000000e+00	26
599	1.000000000000000e+00	2
600	1.000000000000000e+00	38
601	1.000000000000000e+00	4
602	1.000000000000000e+00	28
603	1.000000000000000e+00	24
604	1.000000000000000e+00	6
605	1.000000000000000e+00	10
606	1.000000000000000e+00	6
607	1.000000000000000e+00	18
608	1.000000000000000e+00	10
609	1.000000000000000e+00	16
610	1.000000000000000e+00	2
611	1.000000000000000e+00	12
612	1.000000000000000e+00	4
613	1.000000000000000e+00	14
614	1.000000000000000e+00	2
615	1.000000000000000e+00	18
616	1.000000000000000e+00	52
617	1.000000000000000e+00	6
618	1.000000000000000e+00	18
619	1.000000000000000e+00	12
620	1.000000000000000e+00	20
621	1.000000000000000e+00	2
622	1.000000000000000e+00	4
623	1.000000000000000e+00	20
624	1.000000000000000e+00	18
625	1.000000000000000e+00	10
626	1.000000000000000e+00	6
627	1.000000000000000e+00	40
628	1.000000000000000e+00	8
629	1.000000000000000e+00	6
630	1.000000000000000e+00	22
631	1.000000000000000e+00	24
632	1.000000000000000e+00	16
633	1.000000000000000e+00	20
634	1.000000000000000e+00	2
635	1.000000000000000e+00	16
636	1.000000000000000e+00	14
637	1.000000000000000e+00	22
638	1.000000000000000e+00	8
639	1.000000000000000e+00	12
640	1.000000000000000e+00	10
641	1.000000000000000e+00	12
642	1.000000000000000e+00	14
643	1.000000000000000e+00	2
644	1.000000000000000e+00	4
645	1.000000000000000e+00	10
646	1.000000000000000e+00	2
647	1.000000000000000e+00	14
648	1.000000000000000e+00	22
649	1.000000000000000e+00	8
650	1.000000000000000e+00	4
651	1.000000000000000e+00	14
652	1.000000000000000e+00	8
653	1.000000000000000e+00	4
654	1.000000000000000e+00	32
655	1.000000000000000e+00	14
656	1.000000000000000e+00	10
657	1.000000000000000e+00	4
658	1.000000000000000e+00	6
659	1.000000000000000e+00	8
660	1.000000000000000e+00	20
661	1.000000000000000e+00	8
662	1.000000000000000e+00	18
663	1.000000000000000e+00	12
664	1.000000000000000e+00	14
665	1.000000000000000e+00	34
666	1.000000000000000e+00	6
667	1.000000000000000e+00	6
668	1.000000000000000e+00	6
669	1.000000000000000e+00	6
670	1.000000000000000e+00	4
671	1.000000000000000e+00	10
672	1.000000000000000e+00	10
673	1.000000000000000e+00	4
674	1.000000000000000e+00	14
675	1.000000000000000e+00	4
676	1.000000000000000e+00	12
677	1.000000000000000e+00	2
678	1.000000000000000e+00	8
679	1.000000000000000e+00	10
680	1.000000000000000e+00	4
681	1.000000000000000e+00	6
682	1.000000000000000e+00	4
683	1.000000000000000e+00	42
684	1.000000000000000e+00	2
685	1.000000000000000e+00	16
686	1.000000000000000e+00	6
687	1.000000000000000e+00	18
688	1.000000000000000e+00	4
689	1.000000000000000e+00	12
690	1.000000000000000e+00	10
691	1.000000000000000e+00	46
692	1.000000000000000e+00	28
693	1.000000000000000e+00	4
694	1.000000000000000e+00	6
695	1.000000000000000e+00	4
696	1.000000000000000e+00	14
697	1.000000000000000e+00	12
698	1.000000000000000e+00	18
699	1.000000000000000e+00	2
700	1.000000000000000e+00	2
701	1.000000000000000e+00	10
702	1.000000000000000e+00	18
703	1.000000000000000e+00	14
704	1.000000000000000e+00	8
705	1.000000000000000e+00	2
706	1.000000000000000e+00	6
707	1.000000000000000e+00	8
708	1.000000000000000e+00	12
709	1.000000000000000e+00	20
710	1.000000000000000e+00	14
711	1.000000000000000e+00	10
712	1.000000000000000e+00	10
713	1.000000000000000e+00	22
714	1.000000000000000e+00	14
715	1.000000000000000e+00	60
716	1.000000000000000e+00	22
717	1.000000000000000e+00	2
718	1.000000000000000e+00	4
719	1.000000000000000e+00	8
720	1.000000000000000e+00	4
721	1.000000000000000e+00	26
722	1.000000000000000e+00	6
723	1.000000000000000e+00	4
724	1.000000000000000e+00	12
725	1.000000000000000e+00	16
726	1.000000000000000e+00	12
727	1.000000000000000e+00	28
728	1.000000000000000e+00	30
729	1.000000000000000e+00	26
730	1.000000000000000e+00	12
731	1.000000000000000e+00	2
732	1.000000000000000e+00	28
733	1.000000000000000e+00	26
734	1.000000000000000e+00	12
735	1.000000000000000e+00	6
736	1.000000000000000e+00	12
737	1.000000000000000e+00	10
738	1.000000000000000e+00	26
739	1.000000000000000e+00	4
740	1.000000000000000e+00	8
741	1.000000000000000e+00	14
742	1.000000000000000e+00	24
743	1.000000000000000e+00	2
744	1.000000000000000e+00	8
745	1.000000000000000e+00	2
746	1.000000000000000e+00	4
747	1.000000000000000e+00	12
748	1.000000000000000e+00	6
749	1.000000000000000e+00	16
750	1.000000000000000e+00	2
751	1.000000000000000e+00	14
752	1.000000000000000e+00	4
753	1.000000000000000e+00	30
754	1.000000000000000e+00	22
755	1.000000000000000e+00	16
756	1.000000000000000e+00	2
757	1.000000000000000e+00	4
758	1.000000000000000e+00	14
759	1.000000000000000e+00	6
760	1.000000000000000e+00	8
761	1.000000000000000e+00	26
762	1.000000000000000e+00	30
763	1.000000000000000e+00	16
764	1.000000000000000e+00	18
765	1.000000000000000e+00	12
766	1.000000000000000e+00	8
767	1.000000000000000e+00	4
768	1.000000000000000e+00	12
769	1.000000000000000e+00	2
770	1.000000000000000e+00	8
771	1.000000000000000e+00	6
772	1.000000000000000e+00	10
773	1.000000000000000e+00	8
774	1.000000000000000e+00	4
775	1.000000000000000e+00	22
776	1.000000000000000e+00	8
777	1.000000000000000e+00	22
778	1.000000000000000e+00	12
779	1.000000000000000e+00	6
780	1.000000000000000e+00	2
781	1.000000000000000e+00	4
782	1.000000000000000e+00	8
783	1.000000000000000e+00	38
784	1.000000000000000e+00	8
785	1.000000000000000e+00	8
786	1.000000000000000e+00	8
787	1.000000000000000e+00	18
788	1.000000000000000e+00	2
789	1.000000000000000e+00	20
790	1.000000000000000e+00	16
791	1.000000000000000e+00	12
792	1.000000000000000e+00	12
793	1.000000000000000e+00	28
794	1.000000000000000e+00	8
795	1.000000000000000e+00	6
796	1.000000000000000e+00	34
797	1.000000000000000e+00	2
798	1.000000000000000e+00	8
799	1.000000000000000e+00	4
800	1.000000000000000e+00	10
801	1.000000000000000e+00	38
802	1.000000000000000e+00	8
803	1.000000000000000e+00	34
804	1.000000000000000e+00	12
805	1.000000000000000e+00	4
806	1.000000000000000e+00	14
807	1.000000000000000e+00	12
808	1.000000000000000e+00	14
809	1.000000000000000e+00	6
810	1.000000000000000e+00	10
811	1.000000000000000e+00	18
812	1.000000000000000e+00	10
813	1.000000000000000e+00	16
814	1.000000000000000e+00	10
815	1.000000000000000e+00	8
816	1.000000000000000e+00	4
817	1.000000000000000e+00	6
818	1.000000000000000e+00	10
819	1.000000000000000e+00	6
820	1.000000000000000e+00	8
821	1.000000000000000e+00	8
822	1.000000000000000e+00	22
823	1.000000000000000e+00	22
824	1.000000000000000e+00	10
825	1.000000000000000e+00	4
826	1.000000000000000e+00	10
827	1.000000000000000e+00	2
828	1.000000000000000e+00	6
829	1.000000000000000e+00	12
830	1.000000000000000e+00	28
831	1.000000000000000e+00	10
832	1.000000000000000e+00	10
833	1.000000000000000e+00	12
834	1.000000000000000e+00	12
835	1.000000000000000e+00	32
836	1.000000000000000e+00	12
837	1.000000000000000e+00	6
838	1.000000000000000e+00	4
839	1.000000000000000e+00	4
840	1.000000000000000e+00	28
841	1.000000000000000e+00	4
842	1.000000000000000e+00	2
843	1.000000000000000e+00	4
844	1.000000000000000e+00	4
845	1.000000000000000e+00	4
846	1.000000000000000e+00	28
847	1.000000000000000e+00	16
848	1.000000000000000e+00	34
849	1.000000000000000e+00	20
850	1.000000000000000e+00	32
851	1.000000000000000e+00	30
852	1.000000000000000e+00	12
853	1.000000000000000e+00	6
854	1.000000000000000e+00	20
855	1.000000000000000e+00	24
856	1.000000000000000e+00	8
857	1.000000000000000e+00	4
858	1.000000000000000e+00	20
859	1.000000000000000e+00	6
860	1.000000000000000e+00	2
861	1.000000000000000e+00	4
862	1.000000000000000e+00	2
863	1.000000000000000e+00	12
864	1.000000000000000e+00	6
865	1.000000000000000e+00	8
866	1.000000000000000e+00	4
867	1.000000000000000e+00	6
868	1.000000000000000e+00	22
869	1.000000000000000e+00	2
870	1.000000000000000e+00	16
871	1.000000000000000e+00	20
872	1.000000000000000e+00	2
873	1.000000000000000e+00	22
874	1.000000000000000e+00	18
875	1.000000000000000e+00	2
876	1.000000000000000e+00	2
877	1.000000000000000e+00	10
878	1.000000000000000e+00	2
879	1.000000000000000e+00	14
880	1.000000000000000e+00	10
881	1.000000000000000e+00	14
882	1.000000000000000e+00	12
883	1.000000000000000e+00	2
884	1.000000000000000e+00	2
885	1.000000000000000e+00	16
886	1.000000000000000e+00	22
887	1.000000000000000e+00	16
888	1.000000000000000e+00	14
889	1.000000000000000e+00	14
890	1.000000000000000e+00	22
891	1.000000000000000e+00	10
892	1.000000000000000e+00	12
893	1.000000000000000e+00	2
894	1.000000000000000e+00	4
895	1.000000000000000e+00	12
896	1.000000000000000e+00	4
897	1.000000000000000e+00	4
898	1.000000000000000e+00	20
899	1.000000000000000e+00	6
900	1.000000000000000e+00	2
901	1.000000000000000e+00	8
902	1.000000000000000e+00	2
903	1.000000000000000e+00	4
904	1.000000000000000e+00	2
905	1.000000000000000e+00	30
906	1.000000000000000e+00	12
907	1.000000000000000e+00	10
908	1.000000000000000e+00	8
909	1.000000000000000e+00	10
910	1.000000000000000e+00	12
911	1.000000000000000e+00	14
912	1.000000000000000e+00	22
913	1.000000000000000e+00	18
914	1.000000000000000e+00	2
915	1.000000000000000e+00	22
916	1.000000000000000e+00	10
917	1.000000000000000e+00	12
918	1.000000000000000e+00	36
919	1.000000000000000e+00	16
920	1.000000000000000e+00	26
921	1.000000000000000e+00	26
922	1.000000000000000e+00	4
923	1.000000000000000e+00	14
924	1.000000000000000e+00	32
925	1.000000000000000e+00	2
926	1.000000000000000e+00	8
927	1.000000000000000e+00	14
928	1.000000000000000e+00	10
929	1.000000000000000e+00	6
930	1.000000000000000e+00	2
931	1.000000000000000e+00	10
932	1.000000000000000e+00	26
933	1.000000000000000e+00	10
934	1.000000000000000e+00	12
935	1.000000000000000e+00	8
936	1.000000000000000e+00	12
937	1.000000000000000e+00	10
938	1.000000000000000e+00	12
939	1.000000000000000e+00	6
940	1.000000000000000e+00	12
941	1.000000000000000e+00	24
942	1.000000000000000e+00	2
943	1.000000000000000e+00	20
944	1.000000000000000e+00	50
945	1.000000000000000e+00	12
946	1.000000000000000e+00	4
947	1.000000000000000e+00	10
948	1.000000000000000e+00	8
949	1.000000000000000e+00	12
950	1.000000000000000e+00	2
951	1.000000000000000e+00	12
952	1.000000000000000e+00	2
953	1.000000000000000e+00	10
954	1.000000000000000e+00	20
955	1.000000000000000e+00	8
956	1.000000000000000e+00	54
957	1.000000000000000e+00	16
958	1.000000000000000e+00	2
959	1.000000000000000e+00	10
960	1.000000000000000e+00	6
961	1.000000000000000e+00	8
962	1.000000000000000e+00	26
963	1.000000000000000e+00	38
964	1.000000000000000e+00	18
965	1.000000000000000e+00	10
966	1.000000000000000e+00	10
967	1.000000000000000e+00	6
968	1.000000000000000e+00	4
969	1.000000000000000e+00	2
970	1.000000000000000e+00	32
971	1.000000000000000e+00	10
972	1.000000000000000e+00	8
973	1.000000000000000e+00	14
974	1.000000000000000e+00	24
975	1.000000000000000e+00	18
976	1.000000000000000e+00	12
977	1.000000000000000e+00	4
978	1.000000000000000e+00	32
979	1.000000000000000e+00	2
980	1.000000000000000e+00	4
981	1.000000000000000e+00	4
982	1.000000000000000e+00	4
983	1.000000000000000e+00	12
984	1.000000000000000e+00	2
985	1.000000000000000e+00	48
986	1.000000000000000e+00	18
987	1.000000000000000e+00	58
988	1.000000000000000e+00	18
989	1.000000000000000e+00	44
990	1.000000000000000e+00	4
991	1.000000000000000e+00	10
992	1.000000000000000e+00	4
993	1.000000000000000e+00	34
994	1.000000000000000e+00	26
995	1.000000000000000e+00	12
996	1.000000000000000e+00	20
997	1.000000000000000e+00	2
998	1.000000000000000e+00	2
999	1.000000000000000e+00	4
1000	1.000000000000000e+00	2


Tempo gasto: 6.973153
