Método usado: LUUS JAAKOLA

POSIÇÃO	ÁREA(mm²)	CUSTO

1	1.000000000000000e+00	6
2	1.000000000000000e+00	10
3	1.000000000000000e+00	6
4	1.000000000000000e+00	30
5	1.000000000000000e+00	12
6	1.000000000000000e+00	6
7	1.000000000000000e+00	6
8	1.000000000000000e+00	10
9	1.000000000000000e+00	14
10	1.000000000000000e+00	6
11	1.000000000000000e+00	6
12	1.000000000000000e+00	12
13	1.000000000000000e+00	12
14	1.000000000000000e+00	10
15	1.000000000000000e+00	6
16	1.000000000000000e+00	32
17	1.000000000000000e+00	20
18	1.000000000000000e+00	4
19	1.000000000000000e+00	22
20	1.000000000000000e+00	2
21	1.000000000000000e+00	8
22	1.000000000000000e+00	4
23	1.000000000000000e+00	8
24	1.000000000000000e+00	6
25	1.000000000000000e+00	16
26	1.000000000000000e+00	2
27	1.000000000000000e+00	4
28	1.000000000000000e+00	10
29	1.000000000000000e+00	8
30	1.000000000000000e+00	10
31	1.000000000000000e+00	8
32	1.000000000000000e+00	8
33	1.000000000000000e+00	18
34	1.000000000000000e+00	28
35	1.000000000000000e+00	12
36	1.000000000000000e+00	8
37	1.000000000000000e+00	10
38	1.000000000000000e+00	8
39	1.000000000000000e+00	10
40	1.000000000000000e+00	10
41	1.000000000000000e+00	14
42	1.000000000000000e+00	2
43	1.000000000000000e+00	10
44	1.000000000000000e+00	32
45	1.000000000000000e+00	30
46	1.000000000000000e+00	6
47	1.000000000000000e+00	6
48	1.000000000000000e+00	10
49	1.000000000000000e+00	8
50	1.000000000000000e+00	30
51	1.000000000000000e+00	26
52	1.000000000000000e+00	8
53	1.000000000000000e+00	12
54	1.000000000000000e+00	6
55	1.000000000000000e+00	14
56	1.000000000000000e+00	12
57	1.000000000000000e+00	34
58	1.000000000000000e+00	8
59	1.000000000000000e+00	8
60	1.000000000000000e+00	8
61	1.000000000000000e+00	8
62	1.000000000000000e+00	2
63	1.000000000000000e+00	8
64	1.000000000000000e+00	10
65	1.000000000000000e+00	28
66	1.000000000000000e+00	2
67	1.000000000000000e+00	4
68	1.000000000000000e+00	2
69	1.000000000000000e+00	8
70	1.000000000000000e+00	14
71	1.000000000000000e+00	16
72	1.000000000000000e+00	12
73	1.000000000000000e+00	4
74	1.000000000000000e+00	56
75	1.000000000000000e+00	2
76	1.000000000000000e+00	6
77	1.000000000000000e+00	24
78	1.000000000000000e+00	10
79	1.000000000000000e+00	24
80	1.000000000000000e+00	22
81	1.000000000000000e+00	4
82	1.000000000000000e+00	2
83	1.000000000000000e+00	8
84	1.000000000000000e+00	4
85	1.000000000000000e+00	70
86	1.000000000000000e+00	22
87	1.000000000000000e+00	6
88	1.000000000000000e+00	4
89	1.000000000000000e+00	8
90	1.000000000000000e+00	8
91	1.000000000000000e+00	20
92	1.000000000000000e+00	20
93	1.000000000000000e+00	12
94	1.000000000000000e+00	4
95	1.000000000000000e+00	4
96	1.000000000000000e+00	18
97	1.000000000000000e+00	4
98	1.000000000000000e+00	16
99	1.000000000000000e+00	12
100	1.000000000000000e+00	12
101	1.000000000000000e+00	6
102	1.000000000000000e+00	20
103	1.000000000000000e+00	8
104	1.000000000000000e+00	30
105	1.000000000000000e+00	4
106	1.000000000000000e+00	8
107	1.000000000000000e+00	12
108	1.000000000000000e+00	4
109	1.000000000000000e+00	20
110	1.000000000000000e+00	4
111	1.000000000000000e+00	6
112	1.000000000000000e+00	14
113	1.000000000000000e+00	26
114	1.000000000000000e+00	16
115	1.000000000000000e+00	18
116	1.000000000000000e+00	8
117	1.000000000000000e+00	2
118	1.000000000000000e+00	10
119	1.000000000000000e+00	24
120	1.000000000000000e+00	44
121	1.000000000000000e+00	10
122	1.000000000000000e+00	12
123	1.000000000000000e+00	6
124	1.000000000000000e+00	16
125	1.000000000000000e+00	8
126	1.000000000000000e+00	16
127	1.000000000000000e+00	6
128	1.000000000000000e+00	10
129	1.000000000000000e+00	8
130	1.000000000000000e+00	6
131	1.000000000000000e+00	4
132	1.000000000000000e+00	4
133	1.000000000000000e+00	4
134	1.000000000000000e+00	2
135	1.000000000000000e+00	2
136	1.000000000000000e+00	4
137	1.000000000000000e+00	12
138	1.000000000000000e+00	14
139	1.000000000000000e+00	14
140	1.000000000000000e+00	18
141	1.000000000000000e+00	16
142	1.000000000000000e+00	18
143	1.000000000000000e+00	10
144	1.000000000000000e+00	2
145	1.000000000000000e+00	18
146	1.000000000000000e+00	10
147	1.000000000000000e+00	12
148	1.000000000000000e+00	6
149	1.000000000000000e+00	34
150	1.000000000000000e+00	2
151	1.000000000000000e+00	10
152	1.000000000000000e+00	36
153	1.000000000000000e+00	10
154	1.000000000000000e+00	2
155	1.000000000000000e+00	24
156	1.000000000000000e+00	16
157	1.000000000000000e+00	8
158	1.000000000000000e+00	2
159	1.000000000000000e+00	4
160	1.000000000000000e+00	2
161	1.000000000000000e+00	10
162	1.000000000000000e+00	6
163	1.000000000000000e+00	14
164	1.000000000000000e+00	24
165	1.000000000000000e+00	6
166	1.000000000000000e+00	16
167	1.000000000000000e+00	14
168	1.000000000000000e+00	4
169	1.000000000000000e+00	26
170	1.000000000000000e+00	2
171	1.000000000000000e+00	14
172	1.000000000000000e+00	6
173	1.000000000000000e+00	6
174	1.000000000000000e+00	18
175	1.000000000000000e+00	4
176	1.000000000000000e+00	8
177	1.000000000000000e+00	24
178	1.000000000000000e+00	2
179	1.000000000000000e+00	46
180	1.000000000000000e+00	20
181	1.000000000000000e+00	4
182	1.000000000000000e+00	2
183	1.000000000000000e+00	4
184	1.000000000000000e+00	4
185	1.000000000000000e+00	4
186	1.000000000000000e+00	12
187	1.000000000000000e+00	2
188	1.000000000000000e+00	8
189	1.000000000000000e+00	4
190	1.000000000000000e+00	4
191	1.000000000000000e+00	18
192	1.000000000000000e+00	10
193	1.000000000000000e+00	12
194	1.000000000000000e+00	6
195	1.000000000000000e+00	4
196	1.000000000000000e+00	18
197	1.000000000000000e+00	32
198	1.000000000000000e+00	20
199	1.000000000000000e+00	14
200	1.000000000000000e+00	6
201	1.000000000000000e+00	12
202	1.000000000000000e+00	22
203	1.000000000000000e+00	20
204	1.000000000000000e+00	14
205	1.000000000000000e+00	10
206	1.000000000000000e+00	16
207	1.000000000000000e+00	12
208	1.000000000000000e+00	4
209	1.000000000000000e+00	22
210	1.000000000000000e+00	14
211	1.000000000000000e+00	40
212	1.000000000000000e+00	18
213	1.000000000000000e+00	30
214	1.000000000000000e+00	10
215	1.000000000000000e+00	8
216	1.000000000000000e+00	6
217	1.000000000000000e+00	6
218	1.000000000000000e+00	6
219	1.000000000000000e+00	10
220	1.000000000000000e+00	38
221	1.000000000000000e+00	12
222	1.000000000000000e+00	34
223	1.000000000000000e+00	26
224	1.000000000000000e+00	18
225	1.000000000000000e+00	14
226	1.000000000000000e+00	2
227	1.000000000000000e+00	16
228	1.000000000000000e+00	28
229	1.000000000000000e+00	32
230	1.000000000000000e+00	14
231	1.000000000000000e+00	2
232	1.000000000000000e+00	16
233	1.000000000000000e+00	2
234	1.000000000000000e+00	8
235	1.000000000000000e+00	2
236	1.000000000000000e+00	2
237	1.000000000000000e+00	10
238	1.000000000000000e+00	2
239	1.000000000000000e+00	4
240	1.000000000000000e+00	22
241	1.000000000000000e+00	4
242	1.000000000000000e+00	16
243	1.000000000000000e+00	8
244	1.000000000000000e+00	14
245	1.000000000000000e+00	18
246	1.000000000000000e+00	12
247	1.000000000000000e+00	8
248	1.000000000000000e+00	6
249	1.000000000000000e+00	16
250	1.000000000000000e+00	14
251	1.000000000000000e+00	8
252	1.000000000000000e+00	68
253	1.000000000000000e+00	10
254	1.000000000000000e+00	10
255	1.000000000000000e+00	6
256	1.000000000000000e+00	10
257	1.000000000000000e+00	24
258	1.000000000000000e+00	10
259	1.000000000000000e+00	28
260	1.000000000000000e+00	6
261	1.000000000000000e+00	14
262	1.000000000000000e+00	2
263	1.000000000000000e+00	34
264	1.000000000000000e+00	6
265	1.000000000000000e+00	6
266	1.000000000000000e+00	20
267	1.000000000000000e+00	4
268	1.000000000000000e+00	14
269	1.000000000000000e+00	4
270	1.000000000000000e+00	14
271	1.000000000000000e+00	2
272	1.000000000000000e+00	4
273	1.000000000000000e+00	10
274	1.000000000000000e+00	2
275	1.000000000000000e+00	10
276	1.000000000000000e+00	4
277	1.000000000000000e+00	6
278	1.000000000000000e+00	8
279	1.000000000000000e+00	2
280	1.000000000000000e+00	8
281	1.000000000000000e+00	26
282	1.000000000000000e+00	8
283	1.000000000000000e+00	8
284	1.000000000000000e+00	4
285	1.000000000000000e+00	8
286	1.000000000000000e+00	20
287	1.000000000000000e+00	12
288	1.000000000000000e+00	8
289	1.000000000000000e+00	4
290	1.000000000000000e+00	6
291	1.000000000000000e+00	10
292	1.000000000000000e+00	12
293	1.000000000000000e+00	16
294	1.000000000000000e+00	14
295	1.000000000000000e+00	10
296	1.000000000000000e+00	6
297	1.000000000000000e+00	4
298	1.000000000000000e+00	34
299	1.000000000000000e+00	10
300	1.000000000000000e+00	26
301	1.000000000000000e+00	2
302	1.000000000000000e+00	6
303	1.000000000000000e+00	18
304	1.000000000000000e+00	10
305	1.000000000000000e+00	14
306	1.000000000000000e+00	4
307	1.000000000000000e+00	10
308	1.000000000000000e+00	10
309	1.000000000000000e+00	4
310	1.000000000000000e+00	18
311	1.000000000000000e+00	2
312	1.000000000000000e+00	2
313	1.000000000000000e+00	10
314	1.000000000000000e+00	40
315	1.000000000000000e+00	12
316	1.000000000000000e+00	18
317	1.000000000000000e+00	6
318	1.000000000000000e+00	6
319	1.000000000000000e+00	8
320	1.000000000000000e+00	14
321	1.000000000000000e+00	8
322	1.000000000000000e+00	2
323	1.000000000000000e+00	16
324	1.000000000000000e+00	22
325	1.000000000000000e+00	4
326	1.000000000000000e+00	6
327	1.000000000000000e+00	6
328	1.000000000000000e+00	12
329	1.000000000000000e+00	58
330	1.000000000000000e+00	8
331	1.000000000000000e+00	10
332	1.000000000000000e+00	6
333	1.000000000000000e+00	12
334	1.000000000000000e+00	12
335	1.000000000000000e+00	6
336	1.000000000000000e+00	18
337	1.000000000000000e+00	20
338	1.000000000000000e+00	12
339	1.000000000000000e+00	34
340	1.000000000000000e+00	4
341	1.000000000000000e+00	18
342	1.000000000000000e+00	6
343	1.000000000000000e+00	10
344	1.000000000000000e+00	12
345	1.000000000000000e+00	2
346	1.000000000000000e+00	6
347	1.000000000000000e+00	6
348	1.000000000000000e+00	4
349	1.000000000000000e+00	4
350	1.000000000000000e+00	6
351	1.000000000000000e+00	2
352	1.000000000000000e+00	2
353	1.000000000000000e+00	54
354	1.000000000000000e+00	30
355	1.000000000000000e+00	16
356	1.000000000000000e+00	4
357	1.000000000000000e+00	4
358	1.000000000000000e+00	22
359	1.000000000000000e+00	26
360	1.000000000000000e+00	8
361	1.000000000000000e+00	2
362	1.000000000000000e+00	6
363	1.000000000000000e+00	4
364	1.000000000000000e+00	8
365	1.000000000000000e+00	4
366	1.000000000000000e+00	10
367	1.000000000000000e+00	22
368	1.000000000000000e+00	16
369	1.000000000000000e+00	6
370	1.000000000000000e+00	4
371	1.000000000000000e+00	8
372	1.000000000000000e+00	24
373	1.000000000000000e+00	6
374	1.000000000000000e+00	6
375	1.000000000000000e+00	10
376	1.000000000000000e+00	30
377	1.000000000000000e+00	8
378	1.000000000000000e+00	8
379	1.000000000000000e+00	14
380	1.000000000000000e+00	36
381	1.000000000000000e+00	8
382	1.000000000000000e+00	4
383	1.000000000000000e+00	20
384	1.000000000000000e+00	18
385	1.000000000000000e+00	32
386	1.000000000000000e+00	16
387	1.000000000000000e+00	2
388	1.000000000000000e+00	4
389	1.000000000000000e+00	8
390	1.000000000000000e+00	22
391	1.000000000000000e+00	2
392	1.000000000000000e+00	10
393	1.000000000000000e+00	20
394	1.000000000000000e+00	22
395	1.000000000000000e+00	6
396	1.000000000000000e+00	12
397	1.000000000000000e+00	36
398	1.000000000000000e+00	4
399	1.000000000000000e+00	6
400	1.000000000000000e+00	20
401	1.000000000000000e+00	12
402	1.000000000000000e+00	2
403	1.000000000000000e+00	4
404	1.000000000000000e+00	8
405	1.000000000000000e+00	6
406	1.000000000000000e+00	8
407	1.000000000000000e+00	4
408	1.000000000000000e+00	8
409	1.000000000000000e+00	20
410	1.000000000000000e+00	28
411	1.000000000000000e+00	34
412	1.000000000000000e+00	14
413	1.000000000000000e+00	12
414	1.000000000000000e+00	6
415	1.000000000000000e+00	20
416	1.000000000000000e+00	10
417	1.000000000000000e+00	6
418	1.000000000000000e+00	48
419	1.000000000000000e+00	8
420	1.000000000000000e+00	32
421	1.000000000000000e+00	20
422	1.000000000000000e+00	12
423	1.000000000000000e+00	2
424	1.000000000000000e+00	10
425	1.000000000000000e+00	12
426	1.000000000000000e+00	22
427	1.000000000000000e+00	22
428	1.000000000000000e+00	8
429	1.000000000000000e+00	4
430	1.000000000000000e+00	12
431	1.000000000000000e+00	12
432	1.000000000000000e+00	4
433	1.000000000000000e+00	20
434	1.000000000000000e+00	18
435	1.000000000000000e+00	4
436	1.000000000000000e+00	20
437	1.000000000000000e+00	2
438	1.000000000000000e+00	8
439	1.000000000000000e+00	28
440	1.000000000000000e+00	10
441	1.000000000000000e+00	20
442	1.000000000000000e+00	12
443	1.000000000000000e+00	26
444	1.000000000000000e+00	12
445	1.000000000000000e+00	10
446	1.000000000000000e+00	12
447	1.000000000000000e+00	18
448	1.000000000000000e+00	36
449	1.000000000000000e+00	10
450	1.000000000000000e+00	16
451	1.000000000000000e+00	22
452	1.000000000000000e+00	12
453	1.000000000000000e+00	4
454	1.000000000000000e+00	8
455	1.000000000000000e+00	6
456	1.000000000000000e+00	2
457	1.000000000000000e+00	4
458	1.000000000000000e+00	6
459	1.000000000000000e+00	24
460	1.000000000000000e+00	16
461	1.000000000000000e+00	6
462	1.000000000000000e+00	20
463	1.000000000000000e+00	6
464	1.000000000000000e+00	8
465	1.000000000000000e+00	34
466	1.000000000000000e+00	14
467	1.000000000000000e+00	10
468	1.000000000000000e+00	2
469	1.000000000000000e+00	2
470	1.000000000000000e+00	6
471	1.000000000000000e+00	14
472	1.000000000000000e+00	8
473	1.000000000000000e+00	12
474	1.000000000000000e+00	16
475	1.000000000000000e+00	66
476	1.000000000000000e+00	8
477	1.000000000000000e+00	8
478	1.000000000000000e+00	16
479	1.000000000000000e+00	4
480	1.000000000000000e+00	10
481	1.000000000000000e+00	4
482	1.000000000000000e+00	4
483	1.000000000000000e+00	6
484	1.000000000000000e+00	4
485	1.000000000000000e+00	12
486	1.000000000000000e+00	10
487	1.000000000000000e+00	4
488	1.000000000000000e+00	12
489	1.000000000000000e+00	14
490	1.000000000000000e+00	6
491	9.499929037394726e-01	232
492	8.999901669173840e-01	292
493	8.499841824317426e-01	226
494	7.999908610691561e-01	252
495	7.500004697558612e-01	292
496	7.000141564686638e-01	234
497	6.500061292232014e-01	290
498	5.999959149221139e-01	320
499	5.499930057267992e-01	302
500	4.999874614820549e-01	256
501	5.499865975359114e-01	272
502	5.999751084166869e-01	178
503	6.499820468478694e-01	270
504	6.999724898064703e-01	314
505	7.499682049020321e-01	348
506	7.999588824277903e-01	258
507	8.499668324715584e-01	262
508	8.999543107285465e-01	282
509	9.499329053857676e-01	228
510	8.999302509381507e-01	334
511	8.499178914298152e-01	270
512	7.999111033448909e-01	158
513	7.499152128559730e-01	292
514	7.999092408069585e-01	212
515	8.498873766956260e-01	314
516	8.998914942669058e-01	286
517	9.498972647590923e-01	284
518	9.998954164394481e-01	282
519	9.999048266518565e-01	236
520	9.999016859599326e-01	154
521	9.999098391911301e-01	294
522	9.999159137038299e-01	256
523	9.999183107460278e-01	270
524	9.999322065133494e-01	272
525	9.999508660740449e-01	254
526	9.999640990021798e-01	204
527	9.999704893488722e-01	226
528	9.999524461832335e-01	222
529	9.999453291535786e-01	202
530	9.999260595379021e-01	230
531	9.999402945871431e-01	278
532	9.999417582175575e-01	252
533	9.999251059866578e-01	274
534	9.999171139411217e-01	292
535	9.999334853035231e-01	182
536	9.999522177837082e-01	296
537	9.999617353256188e-01	264
538	9.999805810703585e-01	326
539	1.000000000000000e+00	10
540	1.000000000000000e+00	4
541	1.000000000000000e+00	4
542	1.000000000000000e+00	30
543	1.000000000000000e+00	16
544	1.000000000000000e+00	16
545	1.000000000000000e+00	22
546	1.000000000000000e+00	2
547	1.000000000000000e+00	2
548	1.000000000000000e+00	26
549	1.000000000000000e+00	16
550	1.000000000000000e+00	22
551	1.000000000000000e+00	8
552	1.000000000000000e+00	6
553	1.000000000000000e+00	8
554	1.000000000000000e+00	32
555	1.000000000000000e+00	16
556	1.000000000000000e+00	16
557	1.000000000000000e+00	14
558	1.000000000000000e+00	14
559	1.000000000000000e+00	4
560	1.000000000000000e+00	10
561	1.000000000000000e+00	38
562	1.000000000000000e+00	30
563	1.000000000000000e+00	18
564	1.000000000000000e+00	22
565	1.000000000000000e+00	12
566	1.000000000000000e+00	16
567	1.000000000000000e+00	4
568	1.000000000000000e+00	6
569	1.000000000000000e+00	2
570	1.000000000000000e+00	8
571	1.000000000000000e+00	2
572	1.000000000000000e+00	24
573	1.000000000000000e+00	2
574	1.000000000000000e+00	8
575	1.000000000000000e+00	2
576	1.000000000000000e+00	2
577	1.000000000000000e+00	8
578	1.000000000000000e+00	2
579	1.000000000000000e+00	22
580	1.000000000000000e+00	18
581	1.000000000000000e+00	26
582	1.000000000000000e+00	16
583	1.000000000000000e+00	20
584	1.000000000000000e+00	6
585	1.000000000000000e+00	4
586	1.000000000000000e+00	4
587	1.000000000000000e+00	8
588	1.000000000000000e+00	18
589	1.000000000000000e+00	2
590	1.000000000000000e+00	24
591	1.000000000000000e+00	18
592	1.000000000000000e+00	20
593	1.000000000000000e+00	38
594	1.000000000000000e+00	14
595	1.000000000000000e+00	2
596	1.000000000000000e+00	10
597	1.000000000000000e+00	32
598	1.000000000000000e+00	16
599	1.000000000000000e+00	2
600	1.000000000000000e+00	2
601	1.000000000000000e+00	2
602	1.000000000000000e+00	6
603	1.000000000000000e+00	2
604	1.000000000000000e+00	16
605	1.000000000000000e+00	12
606	1.000000000000000e+00	4
607	1.000000000000000e+00	20
608	1.000000000000000e+00	6
609	1.000000000000000e+00	2
610	1.000000000000000e+00	26
611	1.000000000000000e+00	10
612	1.000000000000000e+00	10
613	1.000000000000000e+00	10
614	1.000000000000000e+00	12
615	1.000000000000000e+00	2
616	1.000000000000000e+00	16
617	1.000000000000000e+00	24
618	1.000000000000000e+00	90
619	1.000000000000000e+00	12
620	1.000000000000000e+00	22
621	1.000000000000000e+00	8
622	1.000000000000000e+00	22
623	1.000000000000000e+00	12
624	1.000000000000000e+00	8
625	1.000000000000000e+00	12
626	1.000000000000000e+00	20
627	1.000000000000000e+00	12
628	1.000000000000000e+00	12
629	1.000000000000000e+00	8
630	1.000000000000000e+00	2
631	1.000000000000000e+00	30
632	1.000000000000000e+00	6
633	1.000000000000000e+00	14
634	1.000000000000000e+00	4
635	1.000000000000000e+00	4
636	1.000000000000000e+00	8
637	1.000000000000000e+00	4
638	1.000000000000000e+00	76
639	1.000000000000000e+00	16
640	1.000000000000000e+00	74
641	1.000000000000000e+00	2
642	1.000000000000000e+00	2
643	1.000000000000000e+00	12
644	1.000000000000000e+00	8
645	1.000000000000000e+00	10
646	1.000000000000000e+00	16
647	1.000000000000000e+00	10
648	1.000000000000000e+00	20
649	1.000000000000000e+00	30
650	1.000000000000000e+00	18
651	1.000000000000000e+00	16
652	1.000000000000000e+00	6
653	1.000000000000000e+00	22
654	1.000000000000000e+00	14
655	1.000000000000000e+00	8
656	1.000000000000000e+00	2
657	1.000000000000000e+00	24
658	1.000000000000000e+00	10
659	1.000000000000000e+00	8
660	1.000000000000000e+00	4
661	1.000000000000000e+00	4
662	1.000000000000000e+00	6
663	1.000000000000000e+00	22
664	1.000000000000000e+00	2
665	1.000000000000000e+00	2
666	1.000000000000000e+00	6
667	1.000000000000000e+00	16
668	1.000000000000000e+00	20
669	1.000000000000000e+00	2
670	1.000000000000000e+00	4
671	1.000000000000000e+00	16
672	1.000000000000000e+00	10
673	1.000000000000000e+00	20
674	1.000000000000000e+00	8
675	1.000000000000000e+00	22
676	1.000000000000000e+00	10
677	1.000000000000000e+00	8
678	1.000000000000000e+00	8
679	1.000000000000000e+00	8
680	1.000000000000000e+00	14
681	1.000000000000000e+00	16
682	1.000000000000000e+00	6
683	1.000000000000000e+00	16
684	1.000000000000000e+00	2
685	1.000000000000000e+00	18
686	1.000000000000000e+00	14
687	1.000000000000000e+00	4
688	1.000000000000000e+00	12
689	1.000000000000000e+00	10
690	1.000000000000000e+00	20
691	1.000000000000000e+00	26
692	1.000000000000000e+00	2
693	1.000000000000000e+00	14
694	1.000000000000000e+00	20
695	1.000000000000000e+00	8
696	1.000000000000000e+00	24
697	1.000000000000000e+00	2
698	1.000000000000000e+00	18
699	1.000000000000000e+00	2
700	1.000000000000000e+00	24
701	1.000000000000000e+00	8
702	1.000000000000000e+00	6
703	1.000000000000000e+00	8
704	1.000000000000000e+00	8
705	1.000000000000000e+00	20
706	1.000000000000000e+00	4
707	1.000000000000000e+00	8
708	1.000000000000000e+00	10
709	1.000000000000000e+00	32
710	1.000000000000000e+00	6
711	1.000000000000000e+00	14
712	1.000000000000000e+00	8
713	1.000000000000000e+00	24
714	1.000000000000000e+00	6
715	1.000000000000000e+00	8
716	1.000000000000000e+00	16
717	1.000000000000000e+00	2
718	1.000000000000000e+00	12
719	1.000000000000000e+00	16
720	1.000000000000000e+00	20
721	1.000000000000000e+00	12
722	1.000000000000000e+00	4
723	1.000000000000000e+00	8
724	1.000000000000000e+00	8
725	1.000000000000000e+00	12
726	1.000000000000000e+00	6
727	1.000000000000000e+00	16
728	1.000000000000000e+00	14
729	1.000000000000000e+00	2
730	1.000000000000000e+00	10
731	1.000000000000000e+00	4
732	1.000000000000000e+00	10
733	1.000000000000000e+00	30
734	1.000000000000000e+00	2
735	1.000000000000000e+00	10
736	1.000000000000000e+00	2
737	1.000000000000000e+00	14
738	1.000000000000000e+00	6
739	1.000000000000000e+00	2
740	1.000000000000000e+00	4
741	1.000000000000000e+00	14
742	1.000000000000000e+00	20
743	1.000000000000000e+00	4
744	1.000000000000000e+00	14
745	1.000000000000000e+00	6
746	1.000000000000000e+00	30
747	1.000000000000000e+00	10
748	1.000000000000000e+00	14
749	1.000000000000000e+00	28
750	1.000000000000000e+00	8
751	1.000000000000000e+00	24
752	1.000000000000000e+00	8
753	1.000000000000000e+00	12
754	1.000000000000000e+00	10
755	1.000000000000000e+00	10
756	1.000000000000000e+00	2
757	1.000000000000000e+00	6
758	1.000000000000000e+00	4
759	1.000000000000000e+00	8
760	1.000000000000000e+00	10
761	1.000000000000000e+00	46
762	1.000000000000000e+00	8
763	1.000000000000000e+00	18
764	1.000000000000000e+00	10
765	1.000000000000000e+00	12
766	1.000000000000000e+00	36
767	1.000000000000000e+00	16
768	1.000000000000000e+00	10
769	1.000000000000000e+00	6
770	1.000000000000000e+00	14
771	1.000000000000000e+00	10
772	1.000000000000000e+00	4
773	1.000000000000000e+00	14
774	1.000000000000000e+00	10
775	1.000000000000000e+00	2
776	1.000000000000000e+00	16
777	1.000000000000000e+00	4
778	1.000000000000000e+00	22
779	1.000000000000000e+00	10
780	1.000000000000000e+00	20
781	1.000000000000000e+00	2
782	1.000000000000000e+00	8
783	1.000000000000000e+00	36
784	1.000000000000000e+00	14
785	1.000000000000000e+00	10
786	1.000000000000000e+00	10
787	1.000000000000000e+00	22
788	1.000000000000000e+00	18
789	1.000000000000000e+00	4
790	1.000000000000000e+00	4
791	1.000000000000000e+00	20
792	1.000000000000000e+00	32
793	1.000000000000000e+00	12
794	1.000000000000000e+00	6
795	1.000000000000000e+00	4
796	1.000000000000000e+00	14
797	1.000000000000000e+00	8
798	1.000000000000000e+00	12
799	1.000000000000000e+00	36
800	1.000000000000000e+00	14
801	1.000000000000000e+00	4
802	1.000000000000000e+00	20
803	1.000000000000000e+00	22
804	1.000000000000000e+00	2
805	1.000000000000000e+00	42
806	1.000000000000000e+00	14
807	1.000000000000000e+00	12
808	1.000000000000000e+00	26
809	1.000000000000000e+00	34
810	1.000000000000000e+00	12
811	1.000000000000000e+00	22
812	1.000000000000000e+00	22
813	1.000000000000000e+00	24
814	1.000000000000000e+00	20
815	1.000000000000000e+00	4
816	1.000000000000000e+00	30
817	1.000000000000000e+00	2
818	1.000000000000000e+00	6
819	1.000000000000000e+00	8
820	1.000000000000000e+00	18
821	1.000000000000000e+00	36
822	1.000000000000000e+00	10
823	1.000000000000000e+00	18
824	1.000000000000000e+00	4
825	1.000000000000000e+00	6
826	1.000000000000000e+00	10
827	1.000000000000000e+00	8
828	1.000000000000000e+00	4
829	1.000000000000000e+00	20
830	1.000000000000000e+00	10
831	1.000000000000000e+00	8
832	1.000000000000000e+00	12
833	1.000000000000000e+00	10
834	1.000000000000000e+00	32
835	1.000000000000000e+00	6
836	1.000000000000000e+00	6
837	1.000000000000000e+00	16
838	1.000000000000000e+00	2
839	1.000000000000000e+00	6
840	1.000000000000000e+00	16
841	1.000000000000000e+00	10
842	1.000000000000000e+00	8
843	1.000000000000000e+00	4
844	1.000000000000000e+00	10
845	1.000000000000000e+00	2
846	1.000000000000000e+00	2
847	1.000000000000000e+00	2
848	1.000000000000000e+00	6
849	1.000000000000000e+00	14
850	1.000000000000000e+00	4
851	1.000000000000000e+00	8
852	1.000000000000000e+00	2
853	1.000000000000000e+00	14
854	1.000000000000000e+00	10
855	1.000000000000000e+00	24
856	1.000000000000000e+00	4
857	1.000000000000000e+00	2
858	1.000000000000000e+00	8
859	1.000000000000000e+00	4
860	1.000000000000000e+00	4
861	1.000000000000000e+00	10
862	1.000000000000000e+00	2
863	1.000000000000000e+00	10
864	1.000000000000000e+00	4
865	1.000000000000000e+00	12
866	1.000000000000000e+00	12
867	1.000000000000000e+00	6
868	1.000000000000000e+00	6
869	1.000000000000000e+00	20
870	1.000000000000000e+00	22
871	1.000000000000000e+00	20
872	1.000000000000000e+00	22
873	1.000000000000000e+00	26
874	1.000000000000000e+00	10
875	1.000000000000000e+00	18
876	1.000000000000000e+00	2
877	1.000000000000000e+00	8
878	1.000000000000000e+00	8
879	1.000000000000000e+00	2
880	1.000000000000000e+00	8
881	1.000000000000000e+00	26
882	1.000000000000000e+00	46
883	1.000000000000000e+00	26
884	1.000000000000000e+00	14
885	1.000000000000000e+00	34
886	1.000000000000000e+00	26
887	1.000000000000000e+00	6
888	1.000000000000000e+00	26
889	1.000000000000000e+00	8
890	1.000000000000000e+00	2
891	1.000000000000000e+00	8
892	1.000000000000000e+00	4
893	1.000000000000000e+00	20
894	1.000000000000000e+00	2
895	1.000000000000000e+00	24
896	1.000000000000000e+00	28
897	1.000000000000000e+00	22
898	1.000000000000000e+00	12
899	1.000000000000000e+00	12
900	1.000000000000000e+00	12
901	1.000000000000000e+00	52
902	1.000000000000000e+00	8
903	1.000000000000000e+00	6
904	1.000000000000000e+00	16
905	1.000000000000000e+00	8
906	1.000000000000000e+00	14
907	1.000000000000000e+00	10
908	1.000000000000000e+00	6
909	1.000000000000000e+00	8
910	1.000000000000000e+00	10
911	1.000000000000000e+00	8
912	1.000000000000000e+00	2
913	1.000000000000000e+00	10
914	1.000000000000000e+00	12
915	1.000000000000000e+00	16
916	1.000000000000000e+00	8
917	1.000000000000000e+00	6
918	1.000000000000000e+00	14
919	1.000000000000000e+00	10
920	1.000000000000000e+00	2
921	1.000000000000000e+00	14
922	1.000000000000000e+00	8
923	1.000000000000000e+00	8
924	1.000000000000000e+00	8
925	1.000000000000000e+00	26
926	1.000000000000000e+00	16
927	1.000000000000000e+00	6
928	1.000000000000000e+00	8
929	1.000000000000000e+00	2
930	1.000000000000000e+00	18
931	1.000000000000000e+00	4
932	1.000000000000000e+00	16
933	1.000000000000000e+00	2
934	1.000000000000000e+00	2
935	1.000000000000000e+00	8
936	1.000000000000000e+00	4
937	1.000000000000000e+00	8
938	1.000000000000000e+00	22
939	1.000000000000000e+00	2
940	1.000000000000000e+00	12
941	1.000000000000000e+00	2
942	1.000000000000000e+00	2
943	1.000000000000000e+00	8
944	1.000000000000000e+00	8
945	1.000000000000000e+00	14
946	1.000000000000000e+00	30
947	1.000000000000000e+00	2
948	1.000000000000000e+00	22
949	1.000000000000000e+00	6
950	1.000000000000000e+00	8
951	1.000000000000000e+00	6
952	1.000000000000000e+00	14
953	1.000000000000000e+00	8
954	1.000000000000000e+00	20
955	1.000000000000000e+00	2
956	1.000000000000000e+00	6
957	1.000000000000000e+00	20
958	1.000000000000000e+00	2
959	1.000000000000000e+00	12
960	1.000000000000000e+00	20
961	1.000000000000000e+00	26
962	1.000000000000000e+00	6
963	1.000000000000000e+00	28
964	1.000000000000000e+00	10
965	1.000000000000000e+00	6
966	1.000000000000000e+00	32
967	1.000000000000000e+00	6
968	1.000000000000000e+00	8
969	1.000000000000000e+00	16
970	1.000000000000000e+00	12
971	1.000000000000000e+00	10
972	1.000000000000000e+00	4
973	1.000000000000000e+00	12
974	1.000000000000000e+00	4
975	1.000000000000000e+00	20
976	1.000000000000000e+00	30
977	1.000000000000000e+00	2
978	1.000000000000000e+00	2
979	1.000000000000000e+00	14
980	1.000000000000000e+00	4
981	1.000000000000000e+00	12
982	1.000000000000000e+00	20
983	1.000000000000000e+00	2
984	1.000000000000000e+00	16
985	1.000000000000000e+00	14
986	1.000000000000000e+00	8
987	1.000000000000000e+00	12
988	1.000000000000000e+00	36
989	1.000000000000000e+00	36
990	1.000000000000000e+00	26
991	1.000000000000000e+00	2
992	1.000000000000000e+00	4
993	1.000000000000000e+00	12
994	1.000000000000000e+00	8
995	1.000000000000000e+00	6
996	1.000000000000000e+00	68
997	1.000000000000000e+00	4
998	1.000000000000000e+00	6
999	1.000000000000000e+00	8
1000	1.000000000000000e+00	14


Tempo gasto: 8.066019
