Método usado: LUUS JAAKOLA

POSIÇÃO	ÁREA(mm²)	CUSTO

1	1.000000000000000e+00	6
2	1.000000000000000e+00	10
3	1.000000000000000e+00	20
4	1.000000000000000e+00	12
5	1.000000000000000e+00	6
6	1.000000000000000e+00	20
7	1.000000000000000e+00	6
8	1.000000000000000e+00	18
9	1.000000000000000e+00	10
10	1.000000000000000e+00	10
11	1.000000000000000e+00	10
12	1.000000000000000e+00	8
13	1.000000000000000e+00	26
14	9.925397121031770e-01	1000
15	9.925324909206918e-01	310
16	9.925128526168859e-01	320
17	9.924978553020962e-01	304
18	9.924932657171794e-01	168
19	9.925108590928728e-01	294
20	9.925106693869677e-01	228
21	9.925053159151159e-01	252
22	9.925238068374311e-01	196
23	9.925344943498513e-01	164
24	9.925476994241910e-01	276
25	9.925446803646411e-01	162
26	9.925276197776730e-01	244
27	9.925432801188714e-01	240
28	9.925266491543444e-01	246
29	9.925343085560936e-01	226
30	9.925424933508487e-01	288
31	9.925237065873846e-01	302
32	9.925271016585365e-01	326
33	9.925456082405082e-01	288
34	9.925262495814934e-01	214
35	9.925452370786526e-01	300
36	9.925636517533747e-01	220
37	9.925774808528327e-01	310
38	9.925687393510686e-01	242
39	9.925851003090055e-01	246
40	9.925847772854997e-01	292
41	9.926021288117576e-01	260
42	9.926030313196680e-01	288
43	9.926170888968312e-01	136
44	9.926158597005752e-01	254
45	9.926283660948415e-01	278
46	9.926308205719618e-01	288
47	9.926167989527190e-01	282
48	9.926239109845780e-01	240
49	9.926252614171183e-01	314
50	9.926167599583448e-01	234
51	9.926302863888625e-01	224
52	9.926389749218780e-01	210
53	9.926205324402565e-01	316
54	9.926187491141161e-01	302
55	9.926340920843798e-01	194
56	9.926164606777325e-01	310
57	9.926358160568806e-01	342
58	9.926240572845215e-01	180
59	9.926275162857171e-01	282
60	9.926150111764717e-01	236
61	9.925953185846468e-01	302
62	9.926138716317994e-01	284
63	9.926334136977518e-01	250
64	9.926360629107263e-01	166
65	9.926469906651731e-01	254
66	9.926372650635872e-01	208
67	9.926465007276126e-01	274
68	9.926319136315286e-01	306
69	9.926438259019622e-01	216
70	9.926301431822769e-01	240
71	9.926250780462753e-01	332
72	9.926152480697528e-01	270
73	9.926325424923996e-01	288
74	9.926210871339999e-01	276
75	9.926195144307989e-01	130
76	9.926340852742824e-01	304
77	9.926490148718249e-01	286
78	9.926643668565081e-01	306
79	9.926640572081040e-01	312
80	9.926688977742080e-01	266
81	9.926605393343505e-01	224
82	9.926509858205851e-01	288
83	9.926329405351558e-01	242
84	9.926389267488185e-01	250
85	9.926392575357746e-01	276
86	9.926374165623948e-01	244
87	9.926258554277069e-01	264
88	9.926180466293373e-01	278
89	9.926122186233117e-01	306
90	9.926276620272466e-01	332
91	9.926192724704894e-01	202
92	9.926292091891511e-01	290
93	9.926160781358404e-01	320
94	9.926272582278308e-01	232
95	9.926428424639605e-01	316
96	9.926360404049258e-01	302
97	9.926179091421552e-01	254
98	9.926341542465986e-01	194
99	9.926278201690384e-01	330
100	9.926192715967653e-01	298
101	9.926258426303002e-01	286
102	9.926364946420971e-01	208
103	9.926279659875923e-01	242
104	9.926239238355693e-01	162
105	9.926226761111848e-01	320
106	9.926219007323631e-01	276
107	9.926081931367691e-01	288
108	9.926244759598525e-01	258
109	9.926286029393685e-01	134
110	9.926117665304611e-01	256
111	9.926188350231763e-01	322
112	9.926266731240155e-01	302
113	9.926183374442524e-01	192
114	9.926308943728599e-01	210
115	9.926183628314855e-01	324
116	9.926225806870912e-01	282
117	9.926192730554855e-01	286
118	9.926307144282784e-01	282
119	9.926194524775251e-01	122
120	9.926026017138694e-01	266
121	9.925879696807084e-01	260
122	9.925780490864851e-01	244
123	9.925888773685241e-01	314
124	9.925932259400234e-01	236
125	9.926053321622672e-01	290
126	9.926156984149189e-01	320
127	9.926142462102110e-01	190
128	9.926173256936970e-01	274
129	9.926003794524455e-01	270
130	9.925932178938979e-01	304
131	9.926064871632907e-01	288
132	9.926111972895563e-01	282
133	9.926269332309620e-01	232
134	9.926098794271853e-01	274
135	9.925940201360605e-01	326
136	9.925970417000274e-01	270
137	9.925838170668811e-01	232
138	9.925829908372922e-01	266
139	9.925693278166007e-01	246
140	9.925685654473011e-01	252
141	9.925541335943375e-01	266
142	9.925709612446069e-01	342
143	9.925756128225116e-01	350
144	9.925921362890243e-01	294
145	9.925875765996242e-01	192
146	9.925901282641615e-01	296
147	9.925774628691133e-01	222
148	9.925912600152402e-01	168
149	9.926101997850137e-01	166
150	9.926055659442812e-01	234
151	9.925920521080337e-01	312
152	9.926067082063469e-01	310
153	9.926048222493987e-01	288
154	9.925999479846757e-01	266
155	9.925934427061273e-01	214
156	9.925898640274736e-01	258
157	9.925711131123841e-01	278
158	9.925677797648936e-01	126
159	9.925511001638766e-01	302
160	9.925377035156656e-01	204
161	9.925426662734449e-01	300
162	9.925484653243229e-01	268
163	9.925422079840308e-01	266
164	9.925425216961693e-01	282
165	9.925404536372692e-01	250
166	9.925519476503162e-01	280
167	9.925689814214401e-01	234
168	9.925599632642450e-01	290
169	9.925785507414829e-01	258
170	9.925625511913279e-01	234
171	9.925553088855092e-01	268
172	9.925707948271844e-01	252
173	9.925795705633443e-01	240
174	9.925597195790915e-01	214
175	9.925763622970658e-01	268
176	9.925748891201931e-01	250
177	9.925565373874569e-01	262
178	9.925545274762770e-01	268
179	9.925350656050889e-01	278
180	9.925539639914538e-01	294
181	9.925476407753193e-01	322
182	9.925392035138785e-01	248
183	9.925303345965562e-01	282
184	9.925371934749886e-01	288
185	9.925325308595537e-01	294
186	9.925423642503920e-01	302
187	9.925415313934393e-01	304
188	9.925344014242773e-01	286
189	9.925193917265132e-01	262
190	9.925180435614493e-01	262
191	9.925255418699536e-01	152
192	9.925127516688556e-01	242
193	9.925138345083813e-01	292
194	9.925043657949709e-01	322
195	9.924861804891859e-01	268
196	9.924797777060704e-01	296
197	9.924730531979754e-01	298
198	9.924557143132222e-01	278
199	9.924424737181973e-01	174
200	9.924300722788651e-01	230
201	9.924391510056093e-01	248
202	9.924291236823120e-01	280
203	9.924141372315031e-01	260
204	9.924127719307984e-01	116
205	9.924004370772541e-01	240
206	9.923861171589786e-01	310
207	9.924026588661777e-01	230
208	9.924066796886830e-01	198
209	9.923923368947900e-01	186
210	9.923793788185251e-01	242
211	9.923884509489397e-01	254
212	9.923692955651604e-01	304
213	9.923665906181998e-01	312
214	9.923675035861179e-01	272
215	9.923746392730972e-01	276
216	9.923649359640654e-01	206
217	9.923844212628583e-01	204
218	9.923792264410566e-01	284
219	9.923675006125370e-01	288
220	9.923841758706573e-01	78
221	9.924035917064910e-01	270
222	9.923882156130069e-01	220
223	9.923915592327298e-01	326
224	9.923727334429300e-01	312
225	9.923636396872543e-01	178
226	9.923800894996035e-01	298
227	9.923605491866626e-01	84
228	9.923484782938342e-01	254
229	9.923560999442048e-01	284
230	9.923514360247452e-01	274
231	9.923426839136235e-01	248
232	9.923407205965094e-01	90
233	9.923508735330118e-01	274
234	9.923632855552020e-01	276
235	9.923459337730283e-01	246
236	9.923449116503836e-01	224
237	9.923419987277095e-01	240
238	9.923345223561736e-01	316
239	9.923358569784643e-01	286
240	9.923449772232826e-01	254
241	9.923352480189230e-01	294
242	9.923405496785607e-01	160
243	9.923516760676802e-01	278
244	9.923492059597615e-01	266
245	9.923385300982233e-01	214
246	9.923581647328440e-01	210
247	9.923635166955155e-01	198
248	9.923647026761504e-01	232
249	9.923674829957334e-01	224
250	9.923760841311128e-01	310
251	9.923601856463192e-01	258
252	9.923609396611482e-01	104
253	9.923722013002892e-01	274
254	9.923550629397919e-01	296
255	9.923443782657350e-01	280
256	9.923315589975350e-01	278
257	9.923447211657684e-01	200
258	9.923282789059190e-01	252
259	9.923217263562882e-01	182
260	9.923115799917012e-01	258
261	9.923278062313364e-01	298
262	9.923167903062067e-01	276
263	9.923324891741113e-01	276
264	9.923235734702133e-01	272
265	9.923334570769742e-01	216
266	9.923525688903921e-01	234
267	9.923403610105832e-01	292
268	9.923477847574310e-01	194
269	9.923476414364464e-01	296
270	9.923351920327299e-01	140
271	9.923446240770593e-01	240
272	9.923546855154786e-01	284
273	9.923449314568685e-01	306
274	9.923586512511099e-01	286
275	9.923614384923750e-01	278
276	9.923682250503878e-01	298
277	9.923778508337167e-01	268
278	9.923664532360028e-01	242
279	9.923844092585112e-01	286
280	9.924014851949107e-01	222
281	9.924175367799610e-01	258
282	9.924199171444690e-01	240
283	9.924274193592254e-01	270
284	9.924325588315639e-01	304
285	9.924147266758780e-01	260
286	9.924158504091872e-01	294
287	9.924353483499456e-01	302
288	9.924371672654445e-01	232
289	9.924236531720615e-01	246
290	9.924238631851200e-01	260
291	9.924290020481572e-01	224
292	9.924201625654349e-01	302
293	9.924230987044761e-01	270
294	9.924175680850097e-01	272
295	9.924287240238694e-01	296
296	9.924483128374506e-01	322
297	9.924548131074441e-01	304
298	9.924484119367090e-01	320
299	9.924409640670236e-01	224
300	9.924514383775582e-01	324
301	9.924683652226357e-01	258
302	9.924863397863886e-01	312
303	9.924729064510260e-01	316
304	9.924540233518291e-01	106
305	9.924569207149281e-01	232
306	9.924445897212038e-01	188
307	9.924603253650573e-01	282
308	9.924714527203242e-01	266
309	9.924877578300638e-01	236
310	9.924813371088052e-01	308
311	9.924804942217476e-01	284
312	9.924736231513731e-01	278
313	9.924874665800517e-01	294
314	9.925037807615477e-01	148
315	9.924997773904028e-01	266
316	9.925048373959587e-01	210
317	9.924959648169560e-01	204
318	9.925036369895845e-01	332
319	9.924950371571469e-01	250
320	9.925113333273538e-01	254
321	9.925112247300113e-01	244
322	9.925299909608455e-01	262
323	9.925219549083381e-01	298
324	9.925131608873322e-01	236
325	9.925146027157385e-01	258
326	9.925159622003700e-01	170
327	9.925130855903385e-01	202
328	9.925316548338439e-01	268
329	9.925428649055535e-01	276
330	9.925417062961357e-01	304
331	9.925613434414299e-01	264
332	9.925518075350243e-01	290
333	9.925356870354720e-01	232
334	9.925543242958866e-01	240
335	9.925640444098816e-01	290
336	9.925466040870140e-01	316
337	9.925592653203108e-01	242
338	9.925695363663667e-01	204
339	9.925652543059668e-01	292
340	9.925607454872093e-01	318
341	9.925716241197255e-01	252
342	9.925828985244669e-01	268
343	9.925912957455527e-01	156
344	9.925886515166980e-01	336
345	9.925993345342171e-01	280
346	9.925875407420004e-01	166
347	9.925954516362046e-01	284
348	9.925932502088092e-01	202
349	9.925944034308928e-01	314
350	9.925751735883959e-01	190
351	9.925949242349748e-01	200
352	9.926069244479997e-01	214
353	9.925991067606773e-01	220
354	9.925792835246485e-01	252
355	9.925924951948411e-01	212
356	9.926086729041839e-01	318
357	9.926263709133073e-01	202
358	9.926446408477405e-01	202
359	9.926320991068293e-01	206
360	9.926325637820358e-01	292
361	9.926357991339214e-01	246
362	9.926490758663459e-01	280
363	9.926518854480527e-01	308
364	9.926441399890923e-01	282
365	9.926492651584039e-01	288
366	9.926522895021777e-01	250
367	9.926491174336800e-01	148
368	9.926562065084431e-01	234
369	9.926408254510106e-01	246
370	9.926526256532713e-01	300
371	9.926352873060629e-01	330
372	9.926223721385815e-01	246
373	9.926312752149982e-01	204
374	9.926438046048048e-01	300
375	9.926314200012825e-01	302
376	9.926484678883920e-01	268
377	9.926329311244125e-01	214
378	9.926324687489819e-01	228
379	9.926154865537157e-01	264
380	9.926111922218103e-01	268
381	9.926248314996557e-01	340
382	9.926392926286086e-01	274
383	9.926556639890418e-01	274
384	9.926494228031800e-01	188
385	9.926350855706010e-01	266
386	9.926520201383044e-01	310
387	9.926459568339476e-01	328
388	9.926379662624502e-01	246
389	9.926181287159639e-01	210
390	9.926069005368048e-01	230
391	9.926226490963962e-01	270
392	9.926142981704870e-01	262
393	9.926236908565296e-01	300
394	9.926392799391973e-01	230
395	9.926454301664306e-01	242
396	9.926583677121522e-01	196
397	9.926420121907630e-01	204
398	9.926376205226688e-01	280
399	9.926478057507133e-01	212
400	9.926551849191989e-01	294
401	9.926708064814572e-01	210
402	9.926517396798556e-01	194
403	9.926654028546608e-01	252
404	9.926563084229922e-01	276
405	9.926483879658152e-01	322
406	9.926459172260466e-01	212
407	9.926399231006120e-01	290
408	9.926451653941255e-01	298
409	9.926477937760164e-01	154
410	9.926672975818940e-01	280
411	9.926680031734774e-01	280
412	9.926563435406817e-01	216
413	9.926416759198203e-01	172
414	9.926274498261177e-01	254
415	9.926282397094526e-01	180
416	9.926349878833526e-01	252
417	9.926206485293266e-01	218
418	9.926327653952043e-01	170
419	9.926486246169761e-01	236
420	9.926590611514086e-01	228
421	9.926557671260600e-01	296
422	9.926652859904236e-01	294
423	9.926592732507723e-01	198
424	9.926771253029661e-01	66
425	9.926635772004466e-01	282
426	9.926515413972781e-01	278
427	9.926500468973130e-01	284
428	9.926323768612598e-01	212
429	9.926341685972127e-01	134
430	9.926250732936800e-01	290
431	9.926384508251725e-01	314
432	9.926382651875481e-01	254
433	9.926205466951160e-01	342
434	9.926341374780273e-01	170
435	9.926292187488194e-01	320
436	9.926252560865614e-01	234
437	9.926162357986643e-01	288
438	9.926207451403110e-01	270
439	9.926228145858580e-01	332
440	9.926132587235070e-01	232
441	9.926240172916373e-01	186
442	9.926187892679685e-01	280
443	9.926220674713664e-01	298
444	9.926035430117442e-01	314
445	9.926100807515174e-01	204
446	9.926005442022822e-01	258
447	9.925922935813050e-01	234
448	9.925831763399361e-01	258
449	9.925861662928978e-01	264
450	9.925787581919673e-01	298
451	9.925973373760254e-01	190
452	9.925922770707903e-01	340
453	9.925846788006029e-01	282
454	9.925794026480256e-01	290
455	9.925748584305235e-01	304
456	9.925775064548946e-01	298
457	9.925915700024923e-01	222
458	9.925768550769163e-01	208
459	9.925578547575744e-01	266
460	9.925734749243639e-01	280
461	9.925872381119691e-01	272
462	9.925975381305825e-01	198
463	9.926060247560095e-01	268
464	9.925912144517359e-01	232
465	9.926098990098484e-01	280
466	9.926004661887404e-01	272
467	9.925849160045415e-01	216
468	9.925752717263980e-01	304
469	9.925826882946909e-01	230
470	9.925847384491595e-01	284
471	9.925770376749592e-01	154
472	9.925919753627319e-01	242
473	9.925966115596655e-01	198
474	9.925908387582036e-01	254
475	9.926003047303880e-01	268
476	9.926133649635455e-01	264
477	9.926130474093018e-01	206
478	9.926176379117986e-01	290
479	9.926316174240694e-01	330
480	9.926224283353454e-01	268
481	9.926275122400201e-01	260
482	9.926323078184621e-01	224
483	9.926343826730699e-01	282
484	9.926327214428153e-01	200
485	9.926362557208072e-01	202
486	9.926428641941519e-01	270
487	9.926520135176637e-01	292
488	9.926675552860916e-01	298
489	9.926486212404827e-01	304
490	9.926528808578071e-01	244
491	9.430251179581844e-01	280
492	8.933830805476106e-01	136
493	8.437399246606314e-01	218
494	7.941201371729815e-01	256
495	7.444893487937039e-01	262
496	6.948465620512579e-01	158
497	6.452065489643205e-01	216
498	5.955854779632217e-01	304
499	5.459594219713495e-01	174
500	4.963209657049634e-01	260
501	5.459618754391178e-01	290
502	5.955850142841077e-01	240
503	6.452271509330212e-01	274
504	6.948526915318374e-01	368
505	7.444788125822093e-01	266
506	7.941128295178891e-01	290
507	8.437575031743469e-01	288
508	8.934068364088178e-01	298
509	9.430482410995694e-01	212
510	8.934134995239859e-01	338
511	8.437879017319487e-01	282
512	7.941485587501964e-01	286
513	7.445259794402893e-01	250
514	7.941734523550167e-01	310
515	8.438242987732604e-01	306
516	8.934698422039177e-01	236
517	9.431005771089598e-01	308
518	9.927268366447035e-01	190
519	9.927345430352156e-01	200
520	9.927439306904694e-01	296
521	9.927441323030496e-01	268
522	9.927307428714270e-01	336
523	9.927185558429424e-01	294
524	9.927228774266800e-01	324
525	9.927295563395779e-01	294
526	9.927478467243060e-01	302
527	9.927438345190494e-01	278
528	9.927389007674587e-01	154
529	9.927559728127726e-01	266
530	9.927691851043474e-01	284
531	9.927799391249293e-01	280
532	9.927802206615713e-01	246
533	9.927824311891604e-01	234
534	9.927655198178957e-01	268
535	9.927674460943786e-01	268
536	9.927614308885121e-01	160
537	9.927763506317934e-01	296
538	9.927747790742935e-01	226
539	9.927883514833994e-01	216
540	9.927990885895044e-01	190
541	9.928021736271427e-01	224
542	9.927931295526301e-01	292
543	9.928048745940136e-01	298
544	9.928113476829704e-01	268
545	9.928312383268598e-01	268
546	9.928331263828882e-01	238
547	9.928422303709670e-01	174
548	9.928564042713641e-01	330
549	9.928539523358595e-01	230
550	9.928666686981765e-01	222
551	9.928862357094885e-01	298
552	9.928715847846639e-01	288
553	9.928640619084079e-01	278
554	9.928580268391677e-01	308
555	9.928605393675538e-01	260
556	9.928753666348654e-01	266
557	9.928857564621835e-01	250
558	9.928992301342414e-01	310
559	9.928859803185655e-01	270
560	9.928727039058491e-01	326
561	9.928747725775869e-01	292
562	9.928683888874765e-01	318
563	9.928665592640885e-01	280
564	9.928530639334009e-01	322
565	9.928582403261941e-01	244
566	9.928460109198324e-01	304
567	9.928375777874395e-01	278
568	9.928442362043087e-01	200
569	9.928505117165999e-01	226
570	9.928595642706887e-01	182
571	9.928732826617606e-01	264
572	9.928600939739940e-01	228
573	9.928736905696497e-01	262
574	9.928811673464111e-01	218
575	9.929002136926054e-01	282
576	9.928844267830050e-01	304
577	9.928922223670550e-01	310
578	9.928981726390480e-01	278
579	9.928856990136048e-01	302
580	9.928838483249002e-01	314
581	9.929018193594745e-01	356
582	9.929068488252355e-01	224
583	9.929110179431683e-01	288
584	9.928935703045088e-01	324
585	9.928911491520759e-01	304
586	9.928979678669071e-01	278
587	9.929179334329816e-01	168
588	9.929011342941763e-01	152
589	9.929136243029695e-01	238
590	9.929304897599480e-01	224
591	9.929414112675340e-01	282
592	9.929449798525777e-01	260
593	9.929330047153050e-01	278
594	9.929377905158115e-01	268
595	9.929180807165999e-01	180
596	9.929247217372547e-01	250
597	9.929246680775206e-01	324
598	9.929203490652826e-01	318
599	9.929084125491668e-01	280
600	9.929131392889358e-01	276
601	9.929022082298065e-01	282
602	9.929034199932621e-01	310
603	9.929065144618444e-01	346
604	9.928960910212749e-01	298
605	9.929049732339310e-01	268
606	9.929069795471969e-01	178
607	9.928887559851911e-01	210
608	9.928724217556528e-01	244
609	9.928649062099776e-01	228
610	9.928515039445122e-01	272
611	9.928510845740357e-01	300
612	9.928593715330087e-01	270
613	9.928481125467673e-01	222
614	9.928621102847603e-01	304
615	9.928545780707646e-01	218
616	9.928491282395329e-01	316
617	9.928547557188387e-01	242
618	9.928683159243037e-01	278
619	9.928562913840857e-01	198
620	9.928590803705518e-01	220
621	9.928728445413494e-01	282
622	9.928567373609983e-01	278
623	9.928704013306088e-01	278
624	9.928895124821908e-01	308
625	9.929088011914675e-01	274
626	9.929078894366795e-01	138
627	9.929197047677562e-01	172
628	9.929253603379460e-01	254
629	9.929252779328871e-01	292
630	9.929108128752043e-01	274
631	9.929040502790371e-01	302
632	9.929211513641347e-01	296
633	9.929238965896919e-01	296
634	9.929148659326302e-01	214
635	9.929047569864159e-01	254
636	9.929115850442550e-01	292
637	9.929312221880232e-01	244
638	9.929187688411143e-01	282
639	9.929365270421892e-01	312
640	9.929355763339520e-01	292
641	9.929218496584202e-01	312
642	9.929164253196126e-01	310
643	9.928959012259555e-01	316
644	9.928856911324105e-01	230
645	9.928739328233278e-01	262
646	9.928598174377159e-01	286
647	9.928562294734592e-01	268
648	9.928397068174931e-01	246
649	9.928301337696273e-01	258
650	9.928308434262756e-01	304
651	9.928479263568309e-01	280
652	9.928464602145429e-01	304
653	9.928562303526777e-01	308
654	9.928473817811959e-01	242
655	9.928330884767648e-01	246
656	9.928389812892897e-01	218
657	9.928360540586452e-01	266
658	9.928363046319627e-01	228
659	9.928349343705453e-01	348
660	9.928173849323948e-01	310
661	9.928275202476716e-01	190
662	9.928082066849647e-01	258
663	9.927992701508002e-01	62
664	9.928026331849561e-01	262
665	9.928174057607405e-01	230
666	9.928133781196172e-01	302
667	9.928095154396765e-01	164
668	9.928293475363341e-01	322
669	9.928455782945459e-01	182
670	9.928598022713905e-01	190
671	9.928651583453287e-01	266
672	9.928761324419664e-01	284
673	9.928622175783783e-01	282
674	9.928755872155336e-01	110
675	9.928737535733361e-01	208
676	9.928803008001854e-01	276
677	9.928717740752623e-01	268
678	9.928780478959471e-01	270
679	9.928968352079324e-01	260
680	9.928952513934225e-01	236
681	9.929150406973801e-01	252
682	9.929260542656003e-01	256
683	9.929329571413271e-01	110
684	9.929385996228325e-01	268
685	9.929266720670268e-01	284
686	9.929094210675066e-01	186
687	9.928990111024919e-01	258
688	9.929031128536856e-01	264
689	9.928878106568332e-01	268
690	9.928934988416240e-01	290
691	9.928992076682783e-01	278
692	9.928804458916165e-01	250
693	9.928677669947799e-01	314
694	9.928793391906230e-01	228
695	9.928939171918806e-01	208
696	9.928823931797268e-01	236
697	9.928811574234940e-01	174
698	9.928616435780504e-01	314
699	9.928775989902455e-01	330
700	9.928637711539546e-01	246
701	9.928624568249144e-01	180
702	9.928607253668992e-01	234
703	9.928752707750632e-01	242
704	9.928584224677318e-01	240
705	9.928561459362264e-01	228
706	9.928421977819861e-01	220
707	9.928244098591280e-01	222
708	9.928162399020311e-01	218
709	9.928132789628247e-01	306
710	9.928163061373608e-01	282
711	9.928111881794492e-01	276
712	9.927917506401384e-01	242
713	9.928039016719389e-01	278
714	9.928008723926079e-01	258
715	9.927902636257415e-01	294
716	9.928051719066544e-01	330
717	9.928180666139202e-01	244
718	9.928330058751568e-01	252
719	9.928430284099321e-01	166
720	9.928346666837616e-01	294
721	9.928403630518309e-01	262
722	9.928347886876550e-01	292
723	9.928469704889521e-01	116
724	9.928511811509393e-01	272
725	9.928508399165501e-01	236
726	9.928340711867879e-01	312
727	9.928472926310262e-01	292
728	9.928381344942951e-01	276
729	9.928550240526484e-01	122
730	9.928583451214673e-01	276
731	9.928732217238321e-01	310
732	9.928727134440820e-01	276
733	9.928561345391483e-01	264
734	9.928536499989737e-01	296
735	9.928722546799651e-01	222
736	9.928645431006446e-01	318
737	9.928453643724743e-01	268
738	9.928290937810808e-01	202
739	9.928106867251576e-01	286
740	9.927935600695311e-01	294
741	9.927767372590264e-01	246
742	9.927814977993070e-01	294
743	9.927832950701105e-01	286
744	9.927783055673290e-01	100
745	9.927746800144919e-01	190
746	9.927719883223811e-01	298
747	9.927739399022134e-01	292
748	9.927625285359707e-01	272
749	9.927511771297003e-01	288
750	9.927700554421461e-01	338
751	9.927665570518402e-01	270
752	9.927799517758356e-01	310
753	9.927679324847494e-01	138
754	9.927677183537013e-01	264
755	9.927746873589216e-01	236
756	9.927630636844366e-01	212
757	9.927538616274394e-01	220
758	9.927734659304757e-01	202
759	9.927652835254520e-01	266
760	9.927536247700326e-01	328
761	9.927598779180160e-01	286
762	9.927530118611816e-01	228
763	9.927613294861428e-01	204
764	9.927546128510760e-01	190
765	9.927603840900365e-01	154
766	9.927413390149799e-01	244
767	9.927306410392972e-01	288
768	9.927301737842680e-01	258
769	9.927447921865805e-01	190
770	9.927573702295895e-01	244
771	9.927554750176353e-01	260
772	9.927532293349881e-01	300
773	9.927489052015920e-01	212
774	9.927669142289486e-01	220
775	9.927868981116110e-01	278
776	9.928017235592700e-01	294
777	9.928041936258230e-01	220
778	9.927987600080610e-01	290
779	9.927961144992657e-01	154
780	9.928043082365631e-01	262
781	9.928153337695458e-01	210
782	9.928127760948358e-01	244
783	9.928235651148024e-01	306
784	9.928151759545989e-01	216
785	9.928066712012343e-01	298
786	9.928034510687430e-01	236
787	9.928091592765748e-01	230
788	9.928226763205610e-01	274
789	9.928051505696700e-01	272
790	9.928221696629206e-01	236
791	9.928180269708675e-01	252
792	9.928298057996876e-01	238
793	9.928201696221775e-01	290
794	9.928053389351452e-01	310
795	9.928014454234101e-01	276
796	9.927966439044239e-01	274
797	9.928129097420866e-01	234
798	9.928261592503002e-01	230
799	9.928118599249147e-01	240
800	9.928272049734181e-01	258
801	9.928117269971422e-01	276
802	9.928103804406505e-01	138
803	9.928087048310922e-01	218
804	9.927952834465004e-01	264
805	9.928131914589020e-01	216
806	9.928279897070384e-01	216
807	9.928368224020133e-01	176
808	9.928413031307357e-01	284
809	9.928375700123385e-01	276
810	9.928559260262344e-01	274
811	9.928751093776325e-01	312
812	9.928922716141662e-01	274
813	9.929067802617804e-01	284
814	9.929025066142069e-01	310
815	9.929047769719368e-01	300
816	9.929210806266476e-01	300
817	9.929383948778886e-01	234
818	9.929349245506527e-01	278
819	9.929374239590445e-01	282
820	9.929307208179515e-01	234
821	9.929474024253051e-01	260
822	9.929301620924786e-01	298
823	9.929286426809439e-01	318
824	9.929369416450656e-01	242
825	9.929280999936626e-01	278
826	9.929426391786653e-01	262
827	9.929329277424834e-01	302
828	9.929489758749703e-01	258
829	9.929614983845769e-01	294
830	9.929431696445760e-01	32
831	9.929239404108823e-01	262
832	9.929076999129399e-01	250
833	9.929217556405548e-01	306
834	9.929329282060209e-01	220
835	9.929250400420467e-01	298
836	9.929346205785818e-01	222
837	9.929412935853504e-01	326
838	9.929320966626551e-01	276
839	9.929177880726807e-01	216
840	9.929094608141315e-01	144
841	9.929147706524517e-01	228
842	9.929058493090670e-01	296
843	9.929100961543351e-01	234
844	9.929007852307470e-01	298
845	9.929186871509248e-01	144
846	9.929145622304042e-01	228
847	9.929344638453277e-01	260
848	9.929306182332164e-01	286
849	9.929264177876187e-01	240
850	9.929390761504374e-01	230
851	9.929292771170324e-01	218
852	9.929381984536988e-01	180
853	9.929306243831878e-01	290
854	9.929110505068210e-01	224
855	9.929073674139357e-01	294
856	9.928961677537630e-01	306
857	9.928888634308330e-01	216
858	9.928913626158115e-01	288
859	9.929096728421372e-01	164
860	9.929283503968527e-01	296
861	9.929379609830206e-01	268
862	9.929268999881546e-01	246
863	9.929461958348040e-01	320
864	9.929562460330279e-01	284
865	9.929391842380758e-01	328
866	9.929456742593068e-01	290
867	9.929269974766654e-01	312
868	9.929263356980506e-01	168
869	9.929173672255535e-01	258
870	9.929341635688074e-01	256
871	9.929146882701566e-01	200
872	9.929276102253737e-01	292
873	9.929084875914632e-01	234
874	9.929004360642603e-01	342
875	9.929092099148882e-01	302
876	9.928960122471127e-01	222
877	9.929136175597660e-01	302
878	9.929265647276428e-01	302
879	9.929200892700850e-01	276
880	9.929225569971805e-01	306
881	9.929216338270913e-01	234
882	9.929194571769770e-01	286
883	9.929268309225360e-01	250
884	9.929368228957272e-01	248
885	9.929271522411036e-01	318
886	9.929191207150684e-01	322
887	9.929374595724820e-01	250
888	9.929451374480882e-01	324
889	9.929497115596179e-01	268
890	9.929335937711836e-01	190
891	9.929382265920729e-01	330
892	9.929494003618300e-01	250
893	9.929436903663579e-01	238
894	9.929602169189129e-01	262
895	9.929722170951210e-01	302
896	9.929573136155464e-01	236
897	9.929654762248648e-01	202
898	9.929837769538151e-01	224
899	9.929717400567682e-01	290
900	9.929900734614694e-01	222
901	9.929814637534661e-01	214
902	9.929962637324778e-01	232
903	9.929894487370359e-01	188
904	9.929996776221311e-01	254
905	9.929988895983392e-01	294
906	9.929979301327883e-01	302
907	9.929919879781016e-01	300
908	9.929952429424487e-01	306
909	9.930143234370818e-01	292
910	9.930172724255171e-01	188
911	9.930272618680471e-01	254
912	9.930404238495238e-01	158
913	9.930320081797044e-01	242
914	9.930153523070366e-01	290
915	9.930173627418888e-01	300
916	9.930329420731353e-01	262
917	9.930489833110310e-01	234
918	9.930580014600637e-01	252
919	9.930481267214112e-01	244
920	9.930501378798600e-01	240
921	9.930442728027544e-01	292
922	9.930348771085293e-01	306
923	9.930384936948045e-01	246
924	9.930336291677476e-01	150
925	9.930156159766784e-01	250
926	9.930296496006661e-01	280
927	9.930363357083453e-01	280
928	9.930442619456762e-01	296
929	9.930616978579838e-01	308
930	9.930739410200972e-01	102
931	9.930881331393261e-01	256
932	9.930843839491859e-01	238
933	9.930963852721981e-01	240
934	9.931008974614365e-01	300
935	9.930869421431406e-01	162
936	9.930821459480987e-01	322
937	9.930630035650819e-01	292
938	9.930502367526512e-01	288
939	9.930529966514852e-01	300
940	9.930532185185038e-01	298
941	9.930356630836917e-01	298
942	9.930538012066921e-01	246
943	9.930702508490504e-01	294
944	9.930910195949577e-01	270
945	9.930808683161760e-01	268
946	9.930860627635569e-01	146
947	9.930693829180099e-01	312
948	9.930573525618874e-01	264
949	9.930401234492585e-01	260
950	9.930569176868893e-01	272
951	9.930430201204372e-01	294
952	9.930304834040534e-01	264
953	9.930165094261243e-01	230
954	9.930188483332236e-01	268
955	9.930323007724072e-01	266
956	9.930472596850937e-01	228
957	9.930582049539793e-01	304
958	9.930650051723122e-01	228
959	9.930736261650602e-01	224
960	9.930555635772164e-01	250
961	9.930676878133479e-01	246
962	9.930577258404686e-01	294
963	9.930567338460276e-01	136
964	9.930718765014782e-01	300
965	9.930704275079080e-01	254
966	9.930671508555114e-01	150
967	9.930798103415563e-01	324
968	9.930618121663141e-01	300
969	9.930576152305598e-01	278
970	9.930302584785101e-01	262
971	9.930189550346420e-01	218
972	9.930166223973272e-01	264
973	9.929995003532175e-01	318
974	9.929898566161287e-01	216
975	9.929543604036072e-01	316
976	9.929251613443146e-01	238
977	9.928951087741339e-01	204
978	9.928665321139089e-01	288
979	9.928543078081852e-01	272
980	9.928638043987831e-01	292
981	9.928470981225448e-01	266
982	9.928766204091383e-01	314
983	9.929126073858731e-01	278
984	9.929531207269603e-01	202
985	9.930075852859866e-01	336
986	9.931036036813775e-01	268
987	9.932010290007428e-01	278
988	9.932653056363877e-01	310
989	9.933055336724582e-01	256
990	9.933202898529013e-01	194
991	9.933269953876260e-01	296
992	9.933133740620690e-01	258
993	9.933067572125973e-01	298
994	9.932679818350736e-01	296
995	9.932300841651559e-01	274
996	9.931742473635681e-01	294
997	9.931419924312814e-01	194
998	9.931306707969122e-01	280
999	9.931573501518660e-01	268
1000	9.932310030847350e-01	206


Tempo gasto: 91.159732
