Método usado: LUUS JAAKOLA

POSIÇÃO	ÁREA(mm²)	CUSTO

1	1.000000000000000e+00	2
2	1.000000000000000e+00	12
3	1.000000000000000e+00	16
4	1.000000000000000e+00	30
5	1.000000000000000e+00	8
6	1.000000000000000e+00	2
7	1.000000000000000e+00	20
8	1.000000000000000e+00	14
9	1.000000000000000e+00	20
10	1.000000000000000e+00	16
11	1.000000000000000e+00	8
12	1.000000000000000e+00	12
13	1.000000000000000e+00	4
14	1.000000000000000e+00	18
15	1.000000000000000e+00	16
16	1.000000000000000e+00	8
17	1.000000000000000e+00	8
18	1.000000000000000e+00	10
19	1.000000000000000e+00	16
20	1.000000000000000e+00	2
21	1.000000000000000e+00	2
22	1.000000000000000e+00	24
23	1.000000000000000e+00	20
24	1.000000000000000e+00	8
25	1.000000000000000e+00	26
26	1.000000000000000e+00	16
27	1.000000000000000e+00	4
28	1.000000000000000e+00	12
29	1.000000000000000e+00	26
30	1.000000000000000e+00	2
31	1.000000000000000e+00	10
32	1.000000000000000e+00	8
33	1.000000000000000e+00	4
34	1.000000000000000e+00	6
35	1.000000000000000e+00	14
36	1.000000000000000e+00	6
37	1.000000000000000e+00	4
38	1.000000000000000e+00	6
39	1.000000000000000e+00	4
40	1.000000000000000e+00	2
41	1.000000000000000e+00	2
42	1.000000000000000e+00	2
43	1.000000000000000e+00	12
44	1.000000000000000e+00	20
45	1.000000000000000e+00	12
46	1.000000000000000e+00	2
47	1.000000000000000e+00	4
48	1.000000000000000e+00	10
49	1.000000000000000e+00	16
50	1.000000000000000e+00	12
51	1.000000000000000e+00	4
52	1.000000000000000e+00	16
53	1.000000000000000e+00	4
54	1.000000000000000e+00	6
55	1.000000000000000e+00	2
56	1.000000000000000e+00	4
57	1.000000000000000e+00	12
58	1.000000000000000e+00	8
59	1.000000000000000e+00	6
60	1.000000000000000e+00	36
61	1.000000000000000e+00	14
62	1.000000000000000e+00	16
63	1.000000000000000e+00	8
64	1.000000000000000e+00	12
65	1.000000000000000e+00	2
66	1.000000000000000e+00	6
67	1.000000000000000e+00	4
68	1.000000000000000e+00	4
69	1.000000000000000e+00	4
70	1.000000000000000e+00	6
71	1.000000000000000e+00	12
72	1.000000000000000e+00	4
73	1.000000000000000e+00	16
74	1.000000000000000e+00	8
75	1.000000000000000e+00	14
76	1.000000000000000e+00	6
77	1.000000000000000e+00	12
78	1.000000000000000e+00	12
79	1.000000000000000e+00	10
80	1.000000000000000e+00	6
81	1.000000000000000e+00	12
82	1.000000000000000e+00	14
83	1.000000000000000e+00	14
84	1.000000000000000e+00	4
85	1.000000000000000e+00	10
86	1.000000000000000e+00	4
87	1.000000000000000e+00	2
88	1.000000000000000e+00	4
89	1.000000000000000e+00	10
90	1.000000000000000e+00	2
91	1.000000000000000e+00	14
92	1.000000000000000e+00	10
93	1.000000000000000e+00	12
94	1.000000000000000e+00	2
95	1.000000000000000e+00	4
96	1.000000000000000e+00	20
97	1.000000000000000e+00	8
98	1.000000000000000e+00	6
99	1.000000000000000e+00	2
100	1.000000000000000e+00	8
101	1.000000000000000e+00	2
102	1.000000000000000e+00	2
103	1.000000000000000e+00	32
104	1.000000000000000e+00	12
105	1.000000000000000e+00	8
106	1.000000000000000e+00	4
107	1.000000000000000e+00	4
108	1.000000000000000e+00	4
109	1.000000000000000e+00	8
110	1.000000000000000e+00	6
111	1.000000000000000e+00	2
112	1.000000000000000e+00	18
113	1.000000000000000e+00	10
114	1.000000000000000e+00	8
115	1.000000000000000e+00	10
116	1.000000000000000e+00	2
117	1.000000000000000e+00	10
118	1.000000000000000e+00	10
119	1.000000000000000e+00	14
120	1.000000000000000e+00	22
121	1.000000000000000e+00	8
122	1.000000000000000e+00	4
123	1.000000000000000e+00	16
124	1.000000000000000e+00	8
125	1.000000000000000e+00	12
126	1.000000000000000e+00	18
127	1.000000000000000e+00	8
128	1.000000000000000e+00	16
129	1.000000000000000e+00	8
130	1.000000000000000e+00	6
131	1.000000000000000e+00	18
132	1.000000000000000e+00	38
133	1.000000000000000e+00	6
134	1.000000000000000e+00	18
135	1.000000000000000e+00	2
136	1.000000000000000e+00	18
137	1.000000000000000e+00	20
138	1.000000000000000e+00	8
139	1.000000000000000e+00	4
140	1.000000000000000e+00	6
141	1.000000000000000e+00	20
142	1.000000000000000e+00	12
143	1.000000000000000e+00	4
144	1.000000000000000e+00	2
145	1.000000000000000e+00	2
146	1.000000000000000e+00	12
147	1.000000000000000e+00	22
148	1.000000000000000e+00	22
149	1.000000000000000e+00	10
150	1.000000000000000e+00	18
151	1.000000000000000e+00	8
152	1.000000000000000e+00	14
153	1.000000000000000e+00	26
154	1.000000000000000e+00	18
155	1.000000000000000e+00	10
156	1.000000000000000e+00	20
157	1.000000000000000e+00	2
158	1.000000000000000e+00	36
159	1.000000000000000e+00	8
160	1.000000000000000e+00	12
161	1.000000000000000e+00	38
162	1.000000000000000e+00	10
163	1.000000000000000e+00	4
164	1.000000000000000e+00	14
165	1.000000000000000e+00	40
166	1.000000000000000e+00	6
167	1.000000000000000e+00	28
168	1.000000000000000e+00	8
169	1.000000000000000e+00	22
170	1.000000000000000e+00	12
171	1.000000000000000e+00	2
172	1.000000000000000e+00	12
173	1.000000000000000e+00	16
174	1.000000000000000e+00	12
175	1.000000000000000e+00	4
176	1.000000000000000e+00	8
177	1.000000000000000e+00	26
178	1.000000000000000e+00	10
179	1.000000000000000e+00	40
180	1.000000000000000e+00	16
181	1.000000000000000e+00	2
182	1.000000000000000e+00	28
183	1.000000000000000e+00	28
184	1.000000000000000e+00	6
185	1.000000000000000e+00	16
186	1.000000000000000e+00	4
187	1.000000000000000e+00	8
188	1.000000000000000e+00	4
189	1.000000000000000e+00	6
190	1.000000000000000e+00	6
191	1.000000000000000e+00	20
192	1.000000000000000e+00	6
193	1.000000000000000e+00	6
194	1.000000000000000e+00	2
195	1.000000000000000e+00	12
196	1.000000000000000e+00	4
197	1.000000000000000e+00	8
198	1.000000000000000e+00	2
199	1.000000000000000e+00	34
200	1.000000000000000e+00	14
201	1.000000000000000e+00	4
202	1.000000000000000e+00	12
203	1.000000000000000e+00	22
204	1.000000000000000e+00	14
205	1.000000000000000e+00	6
206	1.000000000000000e+00	12
207	1.000000000000000e+00	38
208	1.000000000000000e+00	8
209	1.000000000000000e+00	2
210	1.000000000000000e+00	24
211	1.000000000000000e+00	2
212	1.000000000000000e+00	4
213	1.000000000000000e+00	10
214	1.000000000000000e+00	2
215	1.000000000000000e+00	4
216	1.000000000000000e+00	4
217	1.000000000000000e+00	10
218	1.000000000000000e+00	18
219	1.000000000000000e+00	4
220	1.000000000000000e+00	6
221	1.000000000000000e+00	26
222	1.000000000000000e+00	12
223	1.000000000000000e+00	30
224	1.000000000000000e+00	10
225	1.000000000000000e+00	2
226	1.000000000000000e+00	12
227	1.000000000000000e+00	2
228	1.000000000000000e+00	8
229	1.000000000000000e+00	4
230	1.000000000000000e+00	14
231	1.000000000000000e+00	6
232	1.000000000000000e+00	10
233	1.000000000000000e+00	12
234	1.000000000000000e+00	8
235	1.000000000000000e+00	14
236	1.000000000000000e+00	14
237	1.000000000000000e+00	14
238	1.000000000000000e+00	8
239	1.000000000000000e+00	12
240	1.000000000000000e+00	30
241	1.000000000000000e+00	2
242	1.000000000000000e+00	4
243	1.000000000000000e+00	4
244	1.000000000000000e+00	12
245	1.000000000000000e+00	18
246	1.000000000000000e+00	6
247	1.000000000000000e+00	8
248	1.000000000000000e+00	4
249	1.000000000000000e+00	6
250	1.000000000000000e+00	32
251	1.000000000000000e+00	14
252	1.000000000000000e+00	8
253	1.000000000000000e+00	56
254	1.000000000000000e+00	4
255	1.000000000000000e+00	14
256	1.000000000000000e+00	4
257	1.000000000000000e+00	26
258	1.000000000000000e+00	12
259	1.000000000000000e+00	4
260	1.000000000000000e+00	18
261	1.000000000000000e+00	16
262	1.000000000000000e+00	22
263	1.000000000000000e+00	4
264	1.000000000000000e+00	2
265	1.000000000000000e+00	24
266	1.000000000000000e+00	2
267	1.000000000000000e+00	4
268	1.000000000000000e+00	12
269	1.000000000000000e+00	10
270	1.000000000000000e+00	14
271	1.000000000000000e+00	24
272	1.000000000000000e+00	20
273	1.000000000000000e+00	8
274	1.000000000000000e+00	4
275	1.000000000000000e+00	6
276	1.000000000000000e+00	10
277	1.000000000000000e+00	24
278	1.000000000000000e+00	8
279	1.000000000000000e+00	12
280	1.000000000000000e+00	26
281	1.000000000000000e+00	4
282	1.000000000000000e+00	26
283	1.000000000000000e+00	12
284	1.000000000000000e+00	2
285	1.000000000000000e+00	24
286	1.000000000000000e+00	2
287	1.000000000000000e+00	2
288	1.000000000000000e+00	6
289	1.000000000000000e+00	10
290	1.000000000000000e+00	2
291	1.000000000000000e+00	2
292	1.000000000000000e+00	16
293	1.000000000000000e+00	20
294	1.000000000000000e+00	8
295	1.000000000000000e+00	36
296	1.000000000000000e+00	6
297	1.000000000000000e+00	10
298	1.000000000000000e+00	4
299	1.000000000000000e+00	12
300	1.000000000000000e+00	32
301	1.000000000000000e+00	8
302	1.000000000000000e+00	6
303	1.000000000000000e+00	12
304	1.000000000000000e+00	16
305	1.000000000000000e+00	20
306	1.000000000000000e+00	14
307	1.000000000000000e+00	14
308	1.000000000000000e+00	14
309	1.000000000000000e+00	34
310	1.000000000000000e+00	10
311	1.000000000000000e+00	4
312	1.000000000000000e+00	26
313	1.000000000000000e+00	2
314	1.000000000000000e+00	10
315	1.000000000000000e+00	4
316	1.000000000000000e+00	4
317	1.000000000000000e+00	26
318	1.000000000000000e+00	6
319	1.000000000000000e+00	12
320	1.000000000000000e+00	10
321	1.000000000000000e+00	6
322	1.000000000000000e+00	32
323	1.000000000000000e+00	14
324	1.000000000000000e+00	22
325	1.000000000000000e+00	6
326	1.000000000000000e+00	24
327	1.000000000000000e+00	10
328	1.000000000000000e+00	6
329	1.000000000000000e+00	4
330	1.000000000000000e+00	8
331	1.000000000000000e+00	2
332	1.000000000000000e+00	8
333	1.000000000000000e+00	10
334	1.000000000000000e+00	26
335	1.000000000000000e+00	14
336	1.000000000000000e+00	4
337	1.000000000000000e+00	24
338	1.000000000000000e+00	8
339	1.000000000000000e+00	18
340	1.000000000000000e+00	30
341	1.000000000000000e+00	18
342	1.000000000000000e+00	22
343	1.000000000000000e+00	22
344	1.000000000000000e+00	14
345	1.000000000000000e+00	10
346	1.000000000000000e+00	38
347	1.000000000000000e+00	2
348	1.000000000000000e+00	8
349	1.000000000000000e+00	18
350	1.000000000000000e+00	8
351	1.000000000000000e+00	6
352	1.000000000000000e+00	28
353	1.000000000000000e+00	26
354	1.000000000000000e+00	4
355	1.000000000000000e+00	6
356	1.000000000000000e+00	2
357	1.000000000000000e+00	14
358	1.000000000000000e+00	6
359	1.000000000000000e+00	20
360	1.000000000000000e+00	46
361	1.000000000000000e+00	8
362	1.000000000000000e+00	20
363	1.000000000000000e+00	6
364	1.000000000000000e+00	6
365	1.000000000000000e+00	6
366	1.000000000000000e+00	6
367	1.000000000000000e+00	2
368	1.000000000000000e+00	2
369	1.000000000000000e+00	2
370	1.000000000000000e+00	18
371	1.000000000000000e+00	6
372	1.000000000000000e+00	10
373	1.000000000000000e+00	22
374	1.000000000000000e+00	4
375	1.000000000000000e+00	50
376	1.000000000000000e+00	22
377	1.000000000000000e+00	12
378	1.000000000000000e+00	10
379	1.000000000000000e+00	10
380	1.000000000000000e+00	8
381	1.000000000000000e+00	6
382	1.000000000000000e+00	2
383	1.000000000000000e+00	4
384	1.000000000000000e+00	4
385	1.000000000000000e+00	8
386	1.000000000000000e+00	8
387	1.000000000000000e+00	20
388	1.000000000000000e+00	8
389	1.000000000000000e+00	2
390	1.000000000000000e+00	14
391	1.000000000000000e+00	2
392	1.000000000000000e+00	4
393	1.000000000000000e+00	2
394	1.000000000000000e+00	8
395	1.000000000000000e+00	6
396	1.000000000000000e+00	6
397	1.000000000000000e+00	10
398	1.000000000000000e+00	6
399	1.000000000000000e+00	10
400	1.000000000000000e+00	4
401	1.000000000000000e+00	10
402	1.000000000000000e+00	34
403	1.000000000000000e+00	10
404	1.000000000000000e+00	10
405	1.000000000000000e+00	8
406	1.000000000000000e+00	12
407	1.000000000000000e+00	22
408	1.000000000000000e+00	4
409	1.000000000000000e+00	12
410	1.000000000000000e+00	6
411	1.000000000000000e+00	16
412	1.000000000000000e+00	20
413	1.000000000000000e+00	2
414	1.000000000000000e+00	22
415	1.000000000000000e+00	4
416	1.000000000000000e+00	16
417	1.000000000000000e+00	6
418	1.000000000000000e+00	34
419	1.000000000000000e+00	26
420	1.000000000000000e+00	2
421	1.000000000000000e+00	4
422	1.000000000000000e+00	4
423	1.000000000000000e+00	2
424	1.000000000000000e+00	4
425	1.000000000000000e+00	6
426	1.000000000000000e+00	30
427	1.000000000000000e+00	28
428	1.000000000000000e+00	34
429	1.000000000000000e+00	6
430	1.000000000000000e+00	24
431	1.000000000000000e+00	6
432	1.000000000000000e+00	8
433	1.000000000000000e+00	24
434	1.000000000000000e+00	14
435	1.000000000000000e+00	6
436	1.000000000000000e+00	6
437	1.000000000000000e+00	12
438	1.000000000000000e+00	18
439	1.000000000000000e+00	14
440	1.000000000000000e+00	18
441	1.000000000000000e+00	4
442	1.000000000000000e+00	16
443	1.000000000000000e+00	8
444	1.000000000000000e+00	10
445	1.000000000000000e+00	10
446	1.000000000000000e+00	10
447	1.000000000000000e+00	16
448	1.000000000000000e+00	4
449	1.000000000000000e+00	10
450	1.000000000000000e+00	12
451	1.000000000000000e+00	12
452	1.000000000000000e+00	12
453	1.000000000000000e+00	12
454	1.000000000000000e+00	16
455	1.000000000000000e+00	40
456	1.000000000000000e+00	12
457	1.000000000000000e+00	12
458	1.000000000000000e+00	8
459	1.000000000000000e+00	28
460	1.000000000000000e+00	12
461	1.000000000000000e+00	4
462	1.000000000000000e+00	6
463	1.000000000000000e+00	10
464	1.000000000000000e+00	16
465	1.000000000000000e+00	14
466	1.000000000000000e+00	10
467	1.000000000000000e+00	14
468	1.000000000000000e+00	8
469	1.000000000000000e+00	4
470	1.000000000000000e+00	6
471	1.000000000000000e+00	14
472	1.000000000000000e+00	34
473	1.000000000000000e+00	2
474	1.000000000000000e+00	12
475	1.000000000000000e+00	2
476	1.000000000000000e+00	6
477	1.000000000000000e+00	10
478	1.000000000000000e+00	10
479	1.000000000000000e+00	22
480	1.000000000000000e+00	12
481	1.000000000000000e+00	34
482	1.000000000000000e+00	8
483	1.000000000000000e+00	10
484	1.000000000000000e+00	8
485	1.000000000000000e+00	2
486	1.000000000000000e+00	14
487	1.000000000000000e+00	18
488	1.000000000000000e+00	2
489	1.000000000000000e+00	10
490	1.000000000000000e+00	26
491	9.500141219816620e-01	296
492	9.000189438533306e-01	202
493	8.500216563532286e-01	254
494	8.000217319889235e-01	344
495	7.500249985369193e-01	238
496	7.000302539288059e-01	268
497	6.500316237920259e-01	306
498	6.000258266186639e-01	236
499	5.500289661432910e-01	282
500	5.000218420940722e-01	228
501	5.500232387346202e-01	354
502	6.000172700507133e-01	342
503	6.500071940269296e-01	272
504	7.000133224689230e-01	322
505	7.500217844698549e-01	310
506	8.000219112065696e-01	286
507	8.500230069192155e-01	208
508	9.000130850154169e-01	204
509	9.500235262712576e-01	304
510	9.000183835132264e-01	164
511	8.500087436145937e-01	272
512	8.000242673733831e-01	290
513	7.500251668584265e-01	266
514	8.000220133694506e-01	198
515	8.500217139304531e-01	232
516	9.000115062363472e-01	258
517	9.500068337603081e-01	288
518	1.000000000000000e+00	8
519	1.000000000000000e+00	2
520	1.000000000000000e+00	20
521	1.000000000000000e+00	18
522	1.000000000000000e+00	6
523	1.000000000000000e+00	10
524	1.000000000000000e+00	6
525	1.000000000000000e+00	14
526	1.000000000000000e+00	8
527	1.000000000000000e+00	30
528	1.000000000000000e+00	14
529	1.000000000000000e+00	8
530	1.000000000000000e+00	4
531	1.000000000000000e+00	14
532	1.000000000000000e+00	54
533	1.000000000000000e+00	8
534	1.000000000000000e+00	12
535	1.000000000000000e+00	28
536	1.000000000000000e+00	8
537	1.000000000000000e+00	12
538	1.000000000000000e+00	4
539	1.000000000000000e+00	12
540	1.000000000000000e+00	8
541	1.000000000000000e+00	28
542	1.000000000000000e+00	38
543	1.000000000000000e+00	12
544	1.000000000000000e+00	32
545	1.000000000000000e+00	10
546	1.000000000000000e+00	14
547	1.000000000000000e+00	16
548	1.000000000000000e+00	2
549	1.000000000000000e+00	12
550	1.000000000000000e+00	12
551	1.000000000000000e+00	6
552	1.000000000000000e+00	16
553	1.000000000000000e+00	10
554	1.000000000000000e+00	24
555	1.000000000000000e+00	4
556	1.000000000000000e+00	18
557	1.000000000000000e+00	20
558	1.000000000000000e+00	10
559	1.000000000000000e+00	6
560	1.000000000000000e+00	16
561	1.000000000000000e+00	4
562	1.000000000000000e+00	4
563	1.000000000000000e+00	22
564	1.000000000000000e+00	18
565	1.000000000000000e+00	20
566	1.000000000000000e+00	2
567	1.000000000000000e+00	18
568	1.000000000000000e+00	10
569	1.000000000000000e+00	20
570	1.000000000000000e+00	8
571	1.000000000000000e+00	14
572	1.000000000000000e+00	36
573	1.000000000000000e+00	28
574	1.000000000000000e+00	34
575	1.000000000000000e+00	6
576	1.000000000000000e+00	26
577	1.000000000000000e+00	2
578	1.000000000000000e+00	4
579	1.000000000000000e+00	14
580	1.000000000000000e+00	6
581	1.000000000000000e+00	6
582	1.000000000000000e+00	6
583	1.000000000000000e+00	10
584	1.000000000000000e+00	2
585	1.000000000000000e+00	16
586	1.000000000000000e+00	26
587	1.000000000000000e+00	14
588	1.000000000000000e+00	2
589	1.000000000000000e+00	16
590	1.000000000000000e+00	18
591	1.000000000000000e+00	4
592	1.000000000000000e+00	28
593	1.000000000000000e+00	4
594	1.000000000000000e+00	30
595	1.000000000000000e+00	2
596	1.000000000000000e+00	14
597	1.000000000000000e+00	8
598	1.000000000000000e+00	16
599	1.000000000000000e+00	4
600	1.000000000000000e+00	18
601	1.000000000000000e+00	8
602	1.000000000000000e+00	10
603	1.000000000000000e+00	16
604	1.000000000000000e+00	8
605	1.000000000000000e+00	6
606	1.000000000000000e+00	24
607	1.000000000000000e+00	12
608	1.000000000000000e+00	22
609	1.000000000000000e+00	2
610	1.000000000000000e+00	2
611	1.000000000000000e+00	20
612	1.000000000000000e+00	14
613	1.000000000000000e+00	4
614	1.000000000000000e+00	10
615	1.000000000000000e+00	6
616	1.000000000000000e+00	10
617	1.000000000000000e+00	2
618	1.000000000000000e+00	2
619	1.000000000000000e+00	2
620	1.000000000000000e+00	2
621	1.000000000000000e+00	4
622	1.000000000000000e+00	14
623	1.000000000000000e+00	20
624	1.000000000000000e+00	26
625	1.000000000000000e+00	12
626	1.000000000000000e+00	2
627	1.000000000000000e+00	4
628	1.000000000000000e+00	24
629	1.000000000000000e+00	16
630	1.000000000000000e+00	8
631	1.000000000000000e+00	6
632	1.000000000000000e+00	10
633	1.000000000000000e+00	22
634	1.000000000000000e+00	4
635	1.000000000000000e+00	2
636	1.000000000000000e+00	8
637	1.000000000000000e+00	8
638	1.000000000000000e+00	2
639	1.000000000000000e+00	2
640	1.000000000000000e+00	38
641	1.000000000000000e+00	6
642	1.000000000000000e+00	16
643	1.000000000000000e+00	6
644	1.000000000000000e+00	4
645	1.000000000000000e+00	20
646	1.000000000000000e+00	6
647	1.000000000000000e+00	16
648	1.000000000000000e+00	4
649	1.000000000000000e+00	2
650	1.000000000000000e+00	2
651	1.000000000000000e+00	2
652	1.000000000000000e+00	10
653	1.000000000000000e+00	6
654	1.000000000000000e+00	6
655	1.000000000000000e+00	6
656	1.000000000000000e+00	16
657	1.000000000000000e+00	16
658	1.000000000000000e+00	2
659	1.000000000000000e+00	4
660	1.000000000000000e+00	16
661	1.000000000000000e+00	14
662	1.000000000000000e+00	6
663	1.000000000000000e+00	14
664	1.000000000000000e+00	12
665	1.000000000000000e+00	20
666	1.000000000000000e+00	2
667	1.000000000000000e+00	4
668	1.000000000000000e+00	24
669	1.000000000000000e+00	14
670	1.000000000000000e+00	18
671	1.000000000000000e+00	16
672	1.000000000000000e+00	36
673	1.000000000000000e+00	30
674	1.000000000000000e+00	8
675	1.000000000000000e+00	18
676	1.000000000000000e+00	12
677	1.000000000000000e+00	8
678	1.000000000000000e+00	12
679	1.000000000000000e+00	10
680	1.000000000000000e+00	18
681	1.000000000000000e+00	20
682	1.000000000000000e+00	8
683	1.000000000000000e+00	6
684	1.000000000000000e+00	2
685	1.000000000000000e+00	8
686	1.000000000000000e+00	6
687	1.000000000000000e+00	16
688	1.000000000000000e+00	4
689	1.000000000000000e+00	10
690	1.000000000000000e+00	8
691	1.000000000000000e+00	2
692	1.000000000000000e+00	2
693	1.000000000000000e+00	2
694	1.000000000000000e+00	24
695	1.000000000000000e+00	12
696	1.000000000000000e+00	8
697	1.000000000000000e+00	18
698	1.000000000000000e+00	12
699	1.000000000000000e+00	4
700	1.000000000000000e+00	12
701	1.000000000000000e+00	22
702	1.000000000000000e+00	42
703	1.000000000000000e+00	14
704	1.000000000000000e+00	16
705	1.000000000000000e+00	38
706	1.000000000000000e+00	2
707	1.000000000000000e+00	18
708	1.000000000000000e+00	8
709	1.000000000000000e+00	2
710	1.000000000000000e+00	10
711	1.000000000000000e+00	18
712	1.000000000000000e+00	12
713	1.000000000000000e+00	6
714	1.000000000000000e+00	2
715	1.000000000000000e+00	16
716	1.000000000000000e+00	2
717	1.000000000000000e+00	12
718	1.000000000000000e+00	8
719	1.000000000000000e+00	26
720	1.000000000000000e+00	2
721	1.000000000000000e+00	2
722	1.000000000000000e+00	4
723	1.000000000000000e+00	18
724	1.000000000000000e+00	14
725	1.000000000000000e+00	12
726	1.000000000000000e+00	6
727	1.000000000000000e+00	8
728	1.000000000000000e+00	16
729	1.000000000000000e+00	4
730	1.000000000000000e+00	6
731	1.000000000000000e+00	22
732	1.000000000000000e+00	8
733	1.000000000000000e+00	8
734	1.000000000000000e+00	6
735	1.000000000000000e+00	4
736	1.000000000000000e+00	12
737	1.000000000000000e+00	8
738	1.000000000000000e+00	6
739	1.000000000000000e+00	2
740	1.000000000000000e+00	2
741	1.000000000000000e+00	26
742	1.000000000000000e+00	10
743	1.000000000000000e+00	12
744	1.000000000000000e+00	2
745	1.000000000000000e+00	10
746	1.000000000000000e+00	4
747	1.000000000000000e+00	8
748	1.000000000000000e+00	2
749	1.000000000000000e+00	8
750	1.000000000000000e+00	10
751	1.000000000000000e+00	8
752	1.000000000000000e+00	30
753	1.000000000000000e+00	4
754	1.000000000000000e+00	4
755	1.000000000000000e+00	10
756	1.000000000000000e+00	4
757	1.000000000000000e+00	12
758	1.000000000000000e+00	6
759	1.000000000000000e+00	26
760	1.000000000000000e+00	14
761	1.000000000000000e+00	32
762	1.000000000000000e+00	6
763	1.000000000000000e+00	22
764	1.000000000000000e+00	36
765	1.000000000000000e+00	4
766	1.000000000000000e+00	6
767	1.000000000000000e+00	24
768	1.000000000000000e+00	16
769	1.000000000000000e+00	16
770	1.000000000000000e+00	10
771	1.000000000000000e+00	2
772	1.000000000000000e+00	10
773	1.000000000000000e+00	10
774	1.000000000000000e+00	12
775	1.000000000000000e+00	14
776	1.000000000000000e+00	10
777	1.000000000000000e+00	8
778	1.000000000000000e+00	2
779	1.000000000000000e+00	6
780	1.000000000000000e+00	4
781	1.000000000000000e+00	12
782	1.000000000000000e+00	10
783	1.000000000000000e+00	12
784	1.000000000000000e+00	6
785	1.000000000000000e+00	12
786	1.000000000000000e+00	20
787	1.000000000000000e+00	20
788	1.000000000000000e+00	6
789	1.000000000000000e+00	4
790	1.000000000000000e+00	14
791	1.000000000000000e+00	8
792	1.000000000000000e+00	4
793	1.000000000000000e+00	22
794	1.000000000000000e+00	8
795	1.000000000000000e+00	22
796	1.000000000000000e+00	20
797	1.000000000000000e+00	20
798	1.000000000000000e+00	12
799	1.000000000000000e+00	2
800	1.000000000000000e+00	2
801	1.000000000000000e+00	4
802	1.000000000000000e+00	4
803	1.000000000000000e+00	6
804	1.000000000000000e+00	6
805	1.000000000000000e+00	6
806	1.000000000000000e+00	18
807	1.000000000000000e+00	14
808	1.000000000000000e+00	6
809	1.000000000000000e+00	2
810	1.000000000000000e+00	2
811	1.000000000000000e+00	10
812	1.000000000000000e+00	8
813	1.000000000000000e+00	14
814	1.000000000000000e+00	2
815	1.000000000000000e+00	10
816	1.000000000000000e+00	26
817	1.000000000000000e+00	50
818	1.000000000000000e+00	22
819	1.000000000000000e+00	6
820	1.000000000000000e+00	20
821	1.000000000000000e+00	2
822	1.000000000000000e+00	8
823	1.000000000000000e+00	4
824	1.000000000000000e+00	12
825	1.000000000000000e+00	6
826	1.000000000000000e+00	28
827	1.000000000000000e+00	4
828	1.000000000000000e+00	10
829	1.000000000000000e+00	18
830	1.000000000000000e+00	8
831	1.000000000000000e+00	16
832	1.000000000000000e+00	4
833	1.000000000000000e+00	4
834	1.000000000000000e+00	10
835	1.000000000000000e+00	34
836	1.000000000000000e+00	18
837	1.000000000000000e+00	2
838	1.000000000000000e+00	10
839	1.000000000000000e+00	12
840	1.000000000000000e+00	16
841	1.000000000000000e+00	38
842	1.000000000000000e+00	12
843	1.000000000000000e+00	20
844	1.000000000000000e+00	4
845	1.000000000000000e+00	6
846	1.000000000000000e+00	6
847	1.000000000000000e+00	26
848	1.000000000000000e+00	12
849	1.000000000000000e+00	2
850	1.000000000000000e+00	10
851	1.000000000000000e+00	20
852	1.000000000000000e+00	8
853	1.000000000000000e+00	16
854	1.000000000000000e+00	10
855	1.000000000000000e+00	6
856	1.000000000000000e+00	10
857	1.000000000000000e+00	14
858	1.000000000000000e+00	4
859	1.000000000000000e+00	4
860	1.000000000000000e+00	14
861	1.000000000000000e+00	24
862	1.000000000000000e+00	8
863	1.000000000000000e+00	20
864	1.000000000000000e+00	4
865	1.000000000000000e+00	36
866	1.000000000000000e+00	2
867	1.000000000000000e+00	14
868	1.000000000000000e+00	16
869	1.000000000000000e+00	12
870	1.000000000000000e+00	4
871	1.000000000000000e+00	4
872	1.000000000000000e+00	24
873	1.000000000000000e+00	14
874	1.000000000000000e+00	4
875	1.000000000000000e+00	12
876	1.000000000000000e+00	10
877	1.000000000000000e+00	20
878	1.000000000000000e+00	2
879	1.000000000000000e+00	10
880	1.000000000000000e+00	12
881	1.000000000000000e+00	12
882	1.000000000000000e+00	4
883	1.000000000000000e+00	16
884	1.000000000000000e+00	16
885	1.000000000000000e+00	14
886	1.000000000000000e+00	8
887	1.000000000000000e+00	14
888	1.000000000000000e+00	18
889	1.000000000000000e+00	26
890	1.000000000000000e+00	10
891	1.000000000000000e+00	28
892	1.000000000000000e+00	6
893	1.000000000000000e+00	16
894	1.000000000000000e+00	18
895	1.000000000000000e+00	12
896	1.000000000000000e+00	2
897	1.000000000000000e+00	18
898	1.000000000000000e+00	14
899	1.000000000000000e+00	18
900	1.000000000000000e+00	10
901	1.000000000000000e+00	44
902	1.000000000000000e+00	6
903	1.000000000000000e+00	2
904	1.000000000000000e+00	12
905	1.000000000000000e+00	8
906	1.000000000000000e+00	12
907	1.000000000000000e+00	34
908	1.000000000000000e+00	28
909	1.000000000000000e+00	16
910	1.000000000000000e+00	8
911	1.000000000000000e+00	16
912	1.000000000000000e+00	10
913	1.000000000000000e+00	2
914	1.000000000000000e+00	12
915	1.000000000000000e+00	8
916	1.000000000000000e+00	24
917	1.000000000000000e+00	10
918	1.000000000000000e+00	20
919	1.000000000000000e+00	26
920	1.000000000000000e+00	10
921	1.000000000000000e+00	4
922	1.000000000000000e+00	2
923	1.000000000000000e+00	4
924	1.000000000000000e+00	6
925	1.000000000000000e+00	4
926	1.000000000000000e+00	14
927	1.000000000000000e+00	20
928	1.000000000000000e+00	30
929	1.000000000000000e+00	2
930	1.000000000000000e+00	10
931	1.000000000000000e+00	6
932	1.000000000000000e+00	2
933	1.000000000000000e+00	2
934	1.000000000000000e+00	26
935	1.000000000000000e+00	16
936	1.000000000000000e+00	4
937	1.000000000000000e+00	4
938	1.000000000000000e+00	20
939	1.000000000000000e+00	4
940	1.000000000000000e+00	12
941	1.000000000000000e+00	16
942	1.000000000000000e+00	2
943	1.000000000000000e+00	12
944	1.000000000000000e+00	6
945	1.000000000000000e+00	14
946	1.000000000000000e+00	6
947	1.000000000000000e+00	8
948	1.000000000000000e+00	18
949	1.000000000000000e+00	10
950	1.000000000000000e+00	50
951	1.000000000000000e+00	8
952	1.000000000000000e+00	8
953	1.000000000000000e+00	14
954	1.000000000000000e+00	44
955	1.000000000000000e+00	20
956	1.000000000000000e+00	26
957	1.000000000000000e+00	18
958	1.000000000000000e+00	50
959	1.000000000000000e+00	18
960	1.000000000000000e+00	20
961	1.000000000000000e+00	14
962	1.000000000000000e+00	4
963	1.000000000000000e+00	8
964	1.000000000000000e+00	12
965	1.000000000000000e+00	14
966	1.000000000000000e+00	2
967	1.000000000000000e+00	8
968	1.000000000000000e+00	8
969	1.000000000000000e+00	10
970	1.000000000000000e+00	18
971	1.000000000000000e+00	4
972	1.000000000000000e+00	2
973	1.000000000000000e+00	24
974	1.000000000000000e+00	10
975	1.000000000000000e+00	4
976	1.000000000000000e+00	54
977	1.000000000000000e+00	4
978	1.000000000000000e+00	14
979	1.000000000000000e+00	12
980	1.000000000000000e+00	8
981	1.000000000000000e+00	14
982	1.000000000000000e+00	16
983	1.000000000000000e+00	16
984	1.000000000000000e+00	6
985	1.000000000000000e+00	16
986	1.000000000000000e+00	8
987	1.000000000000000e+00	2
988	1.000000000000000e+00	16
989	1.000000000000000e+00	16
990	1.000000000000000e+00	6
991	1.000000000000000e+00	6
992	1.000000000000000e+00	2
993	1.000000000000000e+00	4
994	1.000000000000000e+00	10
995	1.000000000000000e+00	2
996	1.000000000000000e+00	14
997	1.000000000000000e+00	6
998	1.000000000000000e+00	4
999	1.000000000000000e+00	18
1000	1.000000000000000e+00	22


Tempo gasto: 6.520784
