Método usado: LUUS JAAKOLA

POSIÇÃO	ÁREA(mm²)	CUSTO

1	1.000000000000000e+00	6
2	1.000000000000000e+00	20
3	1.000000000000000e+00	40
4	1.000000000000000e+00	8
5	1.000000000000000e+00	18
6	1.000000000000000e+00	6
7	1.000000000000000e+00	6
8	1.000000000000000e+00	4
9	1.000000000000000e+00	20
10	1.000000000000000e+00	8
11	1.000000000000000e+00	46
12	1.000000000000000e+00	30
13	1.000000000000000e+00	8
14	1.000000000000000e+00	8
15	1.000000000000000e+00	6
16	1.000000000000000e+00	8
17	1.000000000000000e+00	10
18	1.000000000000000e+00	16
19	1.000000000000000e+00	12
20	1.000000000000000e+00	10
21	1.000000000000000e+00	8
22	1.000000000000000e+00	6
23	1.000000000000000e+00	28
24	1.000000000000000e+00	12
25	1.000000000000000e+00	2
26	1.000000000000000e+00	8
27	1.000000000000000e+00	2
28	1.000000000000000e+00	10
29	1.000000000000000e+00	2
30	1.000000000000000e+00	2
31	1.000000000000000e+00	44
32	1.000000000000000e+00	14
33	1.000000000000000e+00	6
34	1.000000000000000e+00	6
35	1.000000000000000e+00	10
36	1.000000000000000e+00	24
37	1.000000000000000e+00	22
38	1.000000000000000e+00	8
39	1.000000000000000e+00	2
40	1.000000000000000e+00	40
41	1.000000000000000e+00	14
42	1.000000000000000e+00	10
43	1.000000000000000e+00	4
44	1.000000000000000e+00	20
45	1.000000000000000e+00	6
46	1.000000000000000e+00	6
47	1.000000000000000e+00	18
48	1.000000000000000e+00	12
49	1.000000000000000e+00	2
50	1.000000000000000e+00	2
51	1.000000000000000e+00	2
52	1.000000000000000e+00	14
53	1.000000000000000e+00	32
54	1.000000000000000e+00	4
55	1.000000000000000e+00	6
56	1.000000000000000e+00	6
57	1.000000000000000e+00	12
58	1.000000000000000e+00	6
59	1.000000000000000e+00	14
60	1.000000000000000e+00	2
61	1.000000000000000e+00	6
62	1.000000000000000e+00	14
63	1.000000000000000e+00	14
64	1.000000000000000e+00	8
65	1.000000000000000e+00	4
66	1.000000000000000e+00	12
67	1.000000000000000e+00	10
68	1.000000000000000e+00	10
69	1.000000000000000e+00	6
70	1.000000000000000e+00	28
71	1.000000000000000e+00	2
72	1.000000000000000e+00	28
73	1.000000000000000e+00	6
74	1.000000000000000e+00	18
75	1.000000000000000e+00	30
76	1.000000000000000e+00	2
77	1.000000000000000e+00	2
78	1.000000000000000e+00	8
79	1.000000000000000e+00	4
80	1.000000000000000e+00	30
81	1.000000000000000e+00	14
82	1.000000000000000e+00	10
83	1.000000000000000e+00	10
84	1.000000000000000e+00	6
85	1.000000000000000e+00	6
86	1.000000000000000e+00	8
87	1.000000000000000e+00	10
88	1.000000000000000e+00	4
89	1.000000000000000e+00	14
90	1.000000000000000e+00	2
91	1.000000000000000e+00	6
92	1.000000000000000e+00	24
93	1.000000000000000e+00	10
94	1.000000000000000e+00	2
95	1.000000000000000e+00	6
96	1.000000000000000e+00	42
97	1.000000000000000e+00	6
98	1.000000000000000e+00	2
99	1.000000000000000e+00	2
100	1.000000000000000e+00	4
101	1.000000000000000e+00	26
102	1.000000000000000e+00	4
103	1.000000000000000e+00	4
104	1.000000000000000e+00	14
105	1.000000000000000e+00	4
106	1.000000000000000e+00	12
107	1.000000000000000e+00	8
108	1.000000000000000e+00	2
109	1.000000000000000e+00	6
110	1.000000000000000e+00	10
111	1.000000000000000e+00	20
112	1.000000000000000e+00	2
113	1.000000000000000e+00	8
114	1.000000000000000e+00	20
115	1.000000000000000e+00	18
116	1.000000000000000e+00	8
117	1.000000000000000e+00	10
118	1.000000000000000e+00	8
119	1.000000000000000e+00	2
120	1.000000000000000e+00	4
121	1.000000000000000e+00	16
122	1.000000000000000e+00	16
123	1.000000000000000e+00	2
124	1.000000000000000e+00	12
125	1.000000000000000e+00	4
126	1.000000000000000e+00	2
127	1.000000000000000e+00	2
128	1.000000000000000e+00	44
129	1.000000000000000e+00	12
130	1.000000000000000e+00	8
131	1.000000000000000e+00	26
132	1.000000000000000e+00	4
133	1.000000000000000e+00	18
134	1.000000000000000e+00	10
135	1.000000000000000e+00	12
136	1.000000000000000e+00	10
137	1.000000000000000e+00	4
138	1.000000000000000e+00	12
139	1.000000000000000e+00	6
140	1.000000000000000e+00	4
141	1.000000000000000e+00	4
142	1.000000000000000e+00	12
143	1.000000000000000e+00	4
144	1.000000000000000e+00	6
145	1.000000000000000e+00	48
146	1.000000000000000e+00	22
147	1.000000000000000e+00	6
148	1.000000000000000e+00	26
149	1.000000000000000e+00	4
150	1.000000000000000e+00	10
151	1.000000000000000e+00	2
152	1.000000000000000e+00	34
153	1.000000000000000e+00	2
154	1.000000000000000e+00	6
155	1.000000000000000e+00	18
156	1.000000000000000e+00	4
157	1.000000000000000e+00	8
158	1.000000000000000e+00	8
159	1.000000000000000e+00	4
160	1.000000000000000e+00	10
161	1.000000000000000e+00	16
162	1.000000000000000e+00	12
163	1.000000000000000e+00	2
164	1.000000000000000e+00	4
165	1.000000000000000e+00	2
166	1.000000000000000e+00	14
167	1.000000000000000e+00	12
168	1.000000000000000e+00	20
169	1.000000000000000e+00	4
170	1.000000000000000e+00	8
171	1.000000000000000e+00	10
172	1.000000000000000e+00	2
173	1.000000000000000e+00	8
174	1.000000000000000e+00	2
175	1.000000000000000e+00	16
176	1.000000000000000e+00	2
177	1.000000000000000e+00	12
178	1.000000000000000e+00	6
179	1.000000000000000e+00	24
180	1.000000000000000e+00	14
181	1.000000000000000e+00	4
182	1.000000000000000e+00	6
183	1.000000000000000e+00	6
184	1.000000000000000e+00	28
185	1.000000000000000e+00	6
186	1.000000000000000e+00	8
187	1.000000000000000e+00	14
188	1.000000000000000e+00	14
189	1.000000000000000e+00	2
190	1.000000000000000e+00	38
191	1.000000000000000e+00	28
192	1.000000000000000e+00	48
193	1.000000000000000e+00	2
194	1.000000000000000e+00	6
195	1.000000000000000e+00	16
196	1.000000000000000e+00	4
197	1.000000000000000e+00	4
198	1.000000000000000e+00	50
199	1.000000000000000e+00	12
200	1.000000000000000e+00	8
201	1.000000000000000e+00	8
202	1.000000000000000e+00	2
203	1.000000000000000e+00	36
204	1.000000000000000e+00	14
205	1.000000000000000e+00	8
206	1.000000000000000e+00	18
207	1.000000000000000e+00	8
208	1.000000000000000e+00	2
209	1.000000000000000e+00	6
210	1.000000000000000e+00	16
211	1.000000000000000e+00	16
212	1.000000000000000e+00	34
213	1.000000000000000e+00	4
214	1.000000000000000e+00	2
215	1.000000000000000e+00	2
216	1.000000000000000e+00	24
217	1.000000000000000e+00	10
218	1.000000000000000e+00	16
219	1.000000000000000e+00	10
220	1.000000000000000e+00	4
221	1.000000000000000e+00	4
222	1.000000000000000e+00	12
223	1.000000000000000e+00	6
224	1.000000000000000e+00	14
225	1.000000000000000e+00	4
226	1.000000000000000e+00	4
227	1.000000000000000e+00	10
228	1.000000000000000e+00	40
229	1.000000000000000e+00	12
230	1.000000000000000e+00	18
231	1.000000000000000e+00	18
232	1.000000000000000e+00	6
233	1.000000000000000e+00	2
234	1.000000000000000e+00	2
235	1.000000000000000e+00	4
236	1.000000000000000e+00	8
237	1.000000000000000e+00	22
238	1.000000000000000e+00	10
239	1.000000000000000e+00	8
240	1.000000000000000e+00	16
241	1.000000000000000e+00	50
242	1.000000000000000e+00	6
243	1.000000000000000e+00	14
244	1.000000000000000e+00	6
245	1.000000000000000e+00	8
246	1.000000000000000e+00	10
247	1.000000000000000e+00	54
248	1.000000000000000e+00	10
249	1.000000000000000e+00	8
250	1.000000000000000e+00	22
251	1.000000000000000e+00	4
252	1.000000000000000e+00	10
253	1.000000000000000e+00	18
254	1.000000000000000e+00	12
255	1.000000000000000e+00	12
256	1.000000000000000e+00	2
257	1.000000000000000e+00	22
258	1.000000000000000e+00	18
259	1.000000000000000e+00	14
260	1.000000000000000e+00	6
261	1.000000000000000e+00	10
262	1.000000000000000e+00	4
263	1.000000000000000e+00	16
264	1.000000000000000e+00	10
265	1.000000000000000e+00	4
266	1.000000000000000e+00	12
267	1.000000000000000e+00	4
268	1.000000000000000e+00	10
269	1.000000000000000e+00	12
270	1.000000000000000e+00	10
271	1.000000000000000e+00	6
272	1.000000000000000e+00	14
273	1.000000000000000e+00	22
274	1.000000000000000e+00	14
275	1.000000000000000e+00	10
276	1.000000000000000e+00	4
277	1.000000000000000e+00	2
278	1.000000000000000e+00	16
279	1.000000000000000e+00	12
280	1.000000000000000e+00	20
281	1.000000000000000e+00	6
282	1.000000000000000e+00	6
283	1.000000000000000e+00	14
284	1.000000000000000e+00	18
285	1.000000000000000e+00	4
286	1.000000000000000e+00	22
287	1.000000000000000e+00	4
288	1.000000000000000e+00	8
289	1.000000000000000e+00	28
290	1.000000000000000e+00	12
291	1.000000000000000e+00	2
292	1.000000000000000e+00	10
293	1.000000000000000e+00	6
294	1.000000000000000e+00	16
295	1.000000000000000e+00	12
296	1.000000000000000e+00	6
297	1.000000000000000e+00	10
298	1.000000000000000e+00	34
299	1.000000000000000e+00	12
300	1.000000000000000e+00	2
301	1.000000000000000e+00	24
302	1.000000000000000e+00	12
303	1.000000000000000e+00	26
304	1.000000000000000e+00	8
305	1.000000000000000e+00	16
306	1.000000000000000e+00	10
307	1.000000000000000e+00	6
308	1.000000000000000e+00	10
309	1.000000000000000e+00	8
310	1.000000000000000e+00	38
311	1.000000000000000e+00	2
312	1.000000000000000e+00	8
313	1.000000000000000e+00	16
314	1.000000000000000e+00	10
315	1.000000000000000e+00	4
316	1.000000000000000e+00	4
317	1.000000000000000e+00	50
318	1.000000000000000e+00	6
319	1.000000000000000e+00	38
320	1.000000000000000e+00	6
321	1.000000000000000e+00	24
322	1.000000000000000e+00	6
323	1.000000000000000e+00	2
324	1.000000000000000e+00	14
325	1.000000000000000e+00	2
326	1.000000000000000e+00	16
327	1.000000000000000e+00	4
328	1.000000000000000e+00	4
329	1.000000000000000e+00	6
330	1.000000000000000e+00	8
331	1.000000000000000e+00	6
332	1.000000000000000e+00	10
333	1.000000000000000e+00	8
334	1.000000000000000e+00	8
335	1.000000000000000e+00	22
336	1.000000000000000e+00	2
337	1.000000000000000e+00	36
338	1.000000000000000e+00	4
339	1.000000000000000e+00	16
340	1.000000000000000e+00	4
341	1.000000000000000e+00	20
342	1.000000000000000e+00	6
343	1.000000000000000e+00	12
344	1.000000000000000e+00	6
345	1.000000000000000e+00	4
346	1.000000000000000e+00	4
347	1.000000000000000e+00	8
348	1.000000000000000e+00	8
349	1.000000000000000e+00	4
350	1.000000000000000e+00	6
351	1.000000000000000e+00	4
352	1.000000000000000e+00	22
353	1.000000000000000e+00	18
354	1.000000000000000e+00	12
355	1.000000000000000e+00	12
356	1.000000000000000e+00	28
357	1.000000000000000e+00	24
358	1.000000000000000e+00	6
359	1.000000000000000e+00	22
360	1.000000000000000e+00	4
361	1.000000000000000e+00	2
362	1.000000000000000e+00	12
363	1.000000000000000e+00	44
364	1.000000000000000e+00	4
365	1.000000000000000e+00	10
366	1.000000000000000e+00	2
367	1.000000000000000e+00	48
368	1.000000000000000e+00	4
369	1.000000000000000e+00	6
370	1.000000000000000e+00	14
371	1.000000000000000e+00	12
372	1.000000000000000e+00	2
373	1.000000000000000e+00	18
374	1.000000000000000e+00	12
375	1.000000000000000e+00	4
376	1.000000000000000e+00	6
377	1.000000000000000e+00	4
378	1.000000000000000e+00	10
379	1.000000000000000e+00	2
380	1.000000000000000e+00	6
381	1.000000000000000e+00	8
382	1.000000000000000e+00	6
383	1.000000000000000e+00	2
384	1.000000000000000e+00	4
385	1.000000000000000e+00	28
386	1.000000000000000e+00	18
387	1.000000000000000e+00	16
388	1.000000000000000e+00	20
389	1.000000000000000e+00	2
390	1.000000000000000e+00	10
391	1.000000000000000e+00	2
392	1.000000000000000e+00	12
393	1.000000000000000e+00	10
394	1.000000000000000e+00	8
395	1.000000000000000e+00	14
396	1.000000000000000e+00	26
397	1.000000000000000e+00	58
398	1.000000000000000e+00	4
399	1.000000000000000e+00	8
400	1.000000000000000e+00	10
401	1.000000000000000e+00	12
402	1.000000000000000e+00	12
403	1.000000000000000e+00	14
404	1.000000000000000e+00	22
405	1.000000000000000e+00	4
406	1.000000000000000e+00	6
407	1.000000000000000e+00	12
408	1.000000000000000e+00	8
409	1.000000000000000e+00	12
410	1.000000000000000e+00	18
411	1.000000000000000e+00	8
412	1.000000000000000e+00	16
413	1.000000000000000e+00	8
414	1.000000000000000e+00	8
415	1.000000000000000e+00	14
416	1.000000000000000e+00	10
417	1.000000000000000e+00	4
418	1.000000000000000e+00	22
419	1.000000000000000e+00	20
420	1.000000000000000e+00	6
421	1.000000000000000e+00	2
422	1.000000000000000e+00	6
423	1.000000000000000e+00	16
424	1.000000000000000e+00	6
425	1.000000000000000e+00	14
426	1.000000000000000e+00	4
427	1.000000000000000e+00	6
428	1.000000000000000e+00	4
429	1.000000000000000e+00	2
430	1.000000000000000e+00	16
431	1.000000000000000e+00	2
432	1.000000000000000e+00	40
433	1.000000000000000e+00	8
434	1.000000000000000e+00	18
435	1.000000000000000e+00	44
436	1.000000000000000e+00	6
437	1.000000000000000e+00	10
438	1.000000000000000e+00	2
439	1.000000000000000e+00	22
440	1.000000000000000e+00	4
441	1.000000000000000e+00	20
442	1.000000000000000e+00	8
443	1.000000000000000e+00	6
444	1.000000000000000e+00	14
445	1.000000000000000e+00	34
446	1.000000000000000e+00	16
447	1.000000000000000e+00	8
448	1.000000000000000e+00	22
449	1.000000000000000e+00	26
450	1.000000000000000e+00	6
451	1.000000000000000e+00	2
452	1.000000000000000e+00	6
453	1.000000000000000e+00	8
454	1.000000000000000e+00	12
455	1.000000000000000e+00	34
456	1.000000000000000e+00	20
457	1.000000000000000e+00	22
458	1.000000000000000e+00	22
459	1.000000000000000e+00	10
460	1.000000000000000e+00	16
461	1.000000000000000e+00	14
462	1.000000000000000e+00	4
463	1.000000000000000e+00	52
464	1.000000000000000e+00	8
465	1.000000000000000e+00	6
466	1.000000000000000e+00	6
467	1.000000000000000e+00	24
468	1.000000000000000e+00	26
469	1.000000000000000e+00	22
470	1.000000000000000e+00	6
471	1.000000000000000e+00	14
472	1.000000000000000e+00	6
473	1.000000000000000e+00	6
474	1.000000000000000e+00	40
475	1.000000000000000e+00	2
476	1.000000000000000e+00	14
477	1.000000000000000e+00	4
478	1.000000000000000e+00	14
479	1.000000000000000e+00	10
480	1.000000000000000e+00	38
481	1.000000000000000e+00	12
482	1.000000000000000e+00	42
483	1.000000000000000e+00	2
484	1.000000000000000e+00	34
485	1.000000000000000e+00	12
486	1.000000000000000e+00	10
487	1.000000000000000e+00	12
488	1.000000000000000e+00	2
489	1.000000000000000e+00	10
490	1.000000000000000e+00	2
491	9.500078079580588e-01	250
492	9.000125614874646e-01	236
493	8.500217408865727e-01	252
494	8.000068284700347e-01	300
495	7.500168033373281e-01	322
496	7.000075916778868e-01	278
497	6.500187131880526e-01	216
498	6.000178611401747e-01	278
499	5.500108752084055e-01	252
500	5.000029912056275e-01	312
501	5.499968762686054e-01	224
502	5.999856466281136e-01	298
503	6.499807563209645e-01	314
504	6.999882482606371e-01	320
505	7.499974202893371e-01	220
506	8.000098211028754e-01	262
507	8.499966574861971e-01	320
508	8.999871308534341e-01	256
509	9.499798888931754e-01	310
510	8.999936842038018e-01	158
511	8.500069862941321e-01	264
512	8.000170291700615e-01	236
513	7.500033917529328e-01	264
514	8.000120311513211e-01	288
515	8.500106779310412e-01	308
516	9.000040452474515e-01	228
517	9.500012378087556e-01	134
518	1.000000000000000e+00	2
519	1.000000000000000e+00	14
520	1.000000000000000e+00	16
521	1.000000000000000e+00	6
522	1.000000000000000e+00	2
523	1.000000000000000e+00	24
524	1.000000000000000e+00	36
525	1.000000000000000e+00	22
526	1.000000000000000e+00	18
527	1.000000000000000e+00	2
528	1.000000000000000e+00	24
529	1.000000000000000e+00	6
530	1.000000000000000e+00	4
531	1.000000000000000e+00	10
532	1.000000000000000e+00	24
533	1.000000000000000e+00	8
534	1.000000000000000e+00	16
535	1.000000000000000e+00	10
536	1.000000000000000e+00	18
537	1.000000000000000e+00	22
538	1.000000000000000e+00	22
539	1.000000000000000e+00	2
540	1.000000000000000e+00	10
541	1.000000000000000e+00	14
542	1.000000000000000e+00	30
543	1.000000000000000e+00	32
544	1.000000000000000e+00	22
545	1.000000000000000e+00	4
546	1.000000000000000e+00	52
547	1.000000000000000e+00	8
548	1.000000000000000e+00	24
549	1.000000000000000e+00	6
550	1.000000000000000e+00	40
551	1.000000000000000e+00	6
552	1.000000000000000e+00	8
553	1.000000000000000e+00	18
554	1.000000000000000e+00	2
555	1.000000000000000e+00	8
556	1.000000000000000e+00	10
557	1.000000000000000e+00	20
558	1.000000000000000e+00	2
559	1.000000000000000e+00	6
560	1.000000000000000e+00	4
561	1.000000000000000e+00	6
562	1.000000000000000e+00	44
563	1.000000000000000e+00	12
564	1.000000000000000e+00	18
565	1.000000000000000e+00	14
566	1.000000000000000e+00	8
567	1.000000000000000e+00	18
568	1.000000000000000e+00	12
569	1.000000000000000e+00	4
570	1.000000000000000e+00	6
571	1.000000000000000e+00	16
572	1.000000000000000e+00	10
573	1.000000000000000e+00	14
574	1.000000000000000e+00	10
575	1.000000000000000e+00	4
576	1.000000000000000e+00	4
577	1.000000000000000e+00	18
578	1.000000000000000e+00	68
579	1.000000000000000e+00	16
580	1.000000000000000e+00	10
581	1.000000000000000e+00	10
582	1.000000000000000e+00	16
583	1.000000000000000e+00	34
584	1.000000000000000e+00	12
585	1.000000000000000e+00	4
586	1.000000000000000e+00	6
587	1.000000000000000e+00	24
588	1.000000000000000e+00	4
589	1.000000000000000e+00	16
590	1.000000000000000e+00	10
591	1.000000000000000e+00	2
592	1.000000000000000e+00	6
593	1.000000000000000e+00	4
594	1.000000000000000e+00	14
595	1.000000000000000e+00	10
596	1.000000000000000e+00	2
597	1.000000000000000e+00	2
598	1.000000000000000e+00	26
599	1.000000000000000e+00	42
600	1.000000000000000e+00	14
601	1.000000000000000e+00	22
602	1.000000000000000e+00	20
603	1.000000000000000e+00	2
604	1.000000000000000e+00	30
605	1.000000000000000e+00	2
606	1.000000000000000e+00	4
607	1.000000000000000e+00	4
608	1.000000000000000e+00	34
609	1.000000000000000e+00	8
610	1.000000000000000e+00	2
611	1.000000000000000e+00	22
612	1.000000000000000e+00	2
613	1.000000000000000e+00	16
614	1.000000000000000e+00	6
615	1.000000000000000e+00	4
616	1.000000000000000e+00	8
617	1.000000000000000e+00	22
618	1.000000000000000e+00	6
619	1.000000000000000e+00	22
620	1.000000000000000e+00	4
621	1.000000000000000e+00	2
622	1.000000000000000e+00	28
623	1.000000000000000e+00	30
624	1.000000000000000e+00	46
625	1.000000000000000e+00	6
626	1.000000000000000e+00	4
627	1.000000000000000e+00	4
628	1.000000000000000e+00	8
629	1.000000000000000e+00	20
630	1.000000000000000e+00	16
631	1.000000000000000e+00	8
632	1.000000000000000e+00	8
633	1.000000000000000e+00	6
634	1.000000000000000e+00	8
635	1.000000000000000e+00	18
636	1.000000000000000e+00	12
637	1.000000000000000e+00	12
638	1.000000000000000e+00	8
639	1.000000000000000e+00	20
640	1.000000000000000e+00	10
641	1.000000000000000e+00	8
642	1.000000000000000e+00	22
643	1.000000000000000e+00	10
644	1.000000000000000e+00	16
645	1.000000000000000e+00	4
646	1.000000000000000e+00	2
647	1.000000000000000e+00	6
648	1.000000000000000e+00	10
649	1.000000000000000e+00	38
650	1.000000000000000e+00	2
651	1.000000000000000e+00	24
652	1.000000000000000e+00	4
653	1.000000000000000e+00	12
654	1.000000000000000e+00	8
655	1.000000000000000e+00	6
656	1.000000000000000e+00	28
657	1.000000000000000e+00	16
658	1.000000000000000e+00	14
659	1.000000000000000e+00	34
660	1.000000000000000e+00	22
661	1.000000000000000e+00	38
662	1.000000000000000e+00	16
663	1.000000000000000e+00	8
664	1.000000000000000e+00	12
665	1.000000000000000e+00	12
666	1.000000000000000e+00	2
667	1.000000000000000e+00	14
668	1.000000000000000e+00	8
669	1.000000000000000e+00	6
670	1.000000000000000e+00	2
671	1.000000000000000e+00	6
672	1.000000000000000e+00	6
673	1.000000000000000e+00	6
674	1.000000000000000e+00	6
675	1.000000000000000e+00	10
676	1.000000000000000e+00	12
677	1.000000000000000e+00	18
678	1.000000000000000e+00	20
679	1.000000000000000e+00	4
680	1.000000000000000e+00	18
681	1.000000000000000e+00	30
682	1.000000000000000e+00	10
683	1.000000000000000e+00	36
684	1.000000000000000e+00	4
685	1.000000000000000e+00	8
686	1.000000000000000e+00	4
687	1.000000000000000e+00	24
688	1.000000000000000e+00	4
689	1.000000000000000e+00	12
690	1.000000000000000e+00	4
691	1.000000000000000e+00	14
692	1.000000000000000e+00	6
693	1.000000000000000e+00	32
694	1.000000000000000e+00	4
695	1.000000000000000e+00	6
696	1.000000000000000e+00	8
697	1.000000000000000e+00	30
698	1.000000000000000e+00	2
699	1.000000000000000e+00	16
700	1.000000000000000e+00	18
701	1.000000000000000e+00	2
702	1.000000000000000e+00	8
703	1.000000000000000e+00	16
704	1.000000000000000e+00	20
705	1.000000000000000e+00	6
706	1.000000000000000e+00	14
707	1.000000000000000e+00	8
708	1.000000000000000e+00	4
709	1.000000000000000e+00	6
710	1.000000000000000e+00	10
711	1.000000000000000e+00	6
712	1.000000000000000e+00	2
713	1.000000000000000e+00	6
714	1.000000000000000e+00	6
715	1.000000000000000e+00	32
716	1.000000000000000e+00	2
717	1.000000000000000e+00	2
718	1.000000000000000e+00	28
719	1.000000000000000e+00	8
720	1.000000000000000e+00	18
721	1.000000000000000e+00	8
722	1.000000000000000e+00	10
723	1.000000000000000e+00	12
724	1.000000000000000e+00	4
725	1.000000000000000e+00	2
726	1.000000000000000e+00	16
727	1.000000000000000e+00	2
728	1.000000000000000e+00	8
729	1.000000000000000e+00	16
730	1.000000000000000e+00	16
731	1.000000000000000e+00	12
732	1.000000000000000e+00	20
733	1.000000000000000e+00	6
734	1.000000000000000e+00	6
735	1.000000000000000e+00	2
736	1.000000000000000e+00	4
737	1.000000000000000e+00	22
738	1.000000000000000e+00	2
739	1.000000000000000e+00	6
740	1.000000000000000e+00	42
741	1.000000000000000e+00	12
742	1.000000000000000e+00	18
743	1.000000000000000e+00	64
744	1.000000000000000e+00	16
745	1.000000000000000e+00	6
746	1.000000000000000e+00	8
747	1.000000000000000e+00	14
748	1.000000000000000e+00	10
749	1.000000000000000e+00	4
750	1.000000000000000e+00	6
751	1.000000000000000e+00	28
752	1.000000000000000e+00	2
753	1.000000000000000e+00	2
754	1.000000000000000e+00	6
755	1.000000000000000e+00	18
756	1.000000000000000e+00	26
757	1.000000000000000e+00	2
758	1.000000000000000e+00	22
759	1.000000000000000e+00	2
760	1.000000000000000e+00	12
761	1.000000000000000e+00	70
762	1.000000000000000e+00	14
763	1.000000000000000e+00	10
764	1.000000000000000e+00	22
765	1.000000000000000e+00	18
766	1.000000000000000e+00	14
767	1.000000000000000e+00	14
768	1.000000000000000e+00	16
769	1.000000000000000e+00	38
770	1.000000000000000e+00	38
771	1.000000000000000e+00	26
772	1.000000000000000e+00	8
773	1.000000000000000e+00	2
774	1.000000000000000e+00	4
775	1.000000000000000e+00	2
776	1.000000000000000e+00	28
777	1.000000000000000e+00	2
778	1.000000000000000e+00	14
779	1.000000000000000e+00	22
780	1.000000000000000e+00	8
781	1.000000000000000e+00	30
782	1.000000000000000e+00	20
783	1.000000000000000e+00	22
784	1.000000000000000e+00	2
785	1.000000000000000e+00	6
786	1.000000000000000e+00	4
787	1.000000000000000e+00	8
788	1.000000000000000e+00	8
789	1.000000000000000e+00	10
790	1.000000000000000e+00	26
791	1.000000000000000e+00	6
792	1.000000000000000e+00	2
793	1.000000000000000e+00	2
794	1.000000000000000e+00	4
795	1.000000000000000e+00	2
796	1.000000000000000e+00	14
797	1.000000000000000e+00	28
798	1.000000000000000e+00	38
799	1.000000000000000e+00	4
800	1.000000000000000e+00	8
801	1.000000000000000e+00	20
802	1.000000000000000e+00	26
803	1.000000000000000e+00	46
804	1.000000000000000e+00	8
805	1.000000000000000e+00	16
806	1.000000000000000e+00	26
807	1.000000000000000e+00	6
808	1.000000000000000e+00	10
809	1.000000000000000e+00	4
810	1.000000000000000e+00	14
811	1.000000000000000e+00	16
812	1.000000000000000e+00	8
813	1.000000000000000e+00	16
814	1.000000000000000e+00	8
815	1.000000000000000e+00	14
816	1.000000000000000e+00	10
817	1.000000000000000e+00	10
818	1.000000000000000e+00	18
819	1.000000000000000e+00	4
820	1.000000000000000e+00	6
821	1.000000000000000e+00	26
822	1.000000000000000e+00	18
823	1.000000000000000e+00	24
824	1.000000000000000e+00	4
825	1.000000000000000e+00	18
826	1.000000000000000e+00	8
827	1.000000000000000e+00	14
828	1.000000000000000e+00	6
829	1.000000000000000e+00	2
830	1.000000000000000e+00	4
831	1.000000000000000e+00	2
832	1.000000000000000e+00	6
833	1.000000000000000e+00	10
834	1.000000000000000e+00	20
835	1.000000000000000e+00	10
836	1.000000000000000e+00	24
837	1.000000000000000e+00	4
838	1.000000000000000e+00	4
839	1.000000000000000e+00	10
840	1.000000000000000e+00	6
841	1.000000000000000e+00	26
842	1.000000000000000e+00	2
843	1.000000000000000e+00	2
844	1.000000000000000e+00	2
845	1.000000000000000e+00	8
846	1.000000000000000e+00	86
847	1.000000000000000e+00	10
848	1.000000000000000e+00	8
849	1.000000000000000e+00	8
850	1.000000000000000e+00	10
851	1.000000000000000e+00	4
852	1.000000000000000e+00	12
853	1.000000000000000e+00	8
854	1.000000000000000e+00	10
855	1.000000000000000e+00	8
856	1.000000000000000e+00	6
857	1.000000000000000e+00	18
858	1.000000000000000e+00	40
859	1.000000000000000e+00	6
860	1.000000000000000e+00	4
861	1.000000000000000e+00	4
862	1.000000000000000e+00	4
863	1.000000000000000e+00	10
864	1.000000000000000e+00	14
865	1.000000000000000e+00	14
866	1.000000000000000e+00	16
867	1.000000000000000e+00	14
868	1.000000000000000e+00	2
869	1.000000000000000e+00	20
870	1.000000000000000e+00	2
871	1.000000000000000e+00	14
872	1.000000000000000e+00	6
873	1.000000000000000e+00	14
874	1.000000000000000e+00	12
875	1.000000000000000e+00	12
876	1.000000000000000e+00	30
877	1.000000000000000e+00	14
878	1.000000000000000e+00	4
879	1.000000000000000e+00	2
880	1.000000000000000e+00	18
881	1.000000000000000e+00	6
882	1.000000000000000e+00	6
883	1.000000000000000e+00	6
884	1.000000000000000e+00	24
885	1.000000000000000e+00	12
886	1.000000000000000e+00	12
887	1.000000000000000e+00	14
888	1.000000000000000e+00	2
889	1.000000000000000e+00	24
890	1.000000000000000e+00	8
891	1.000000000000000e+00	14
892	1.000000000000000e+00	26
893	1.000000000000000e+00	22
894	1.000000000000000e+00	10
895	1.000000000000000e+00	8
896	1.000000000000000e+00	52
897	1.000000000000000e+00	12
898	1.000000000000000e+00	2
899	1.000000000000000e+00	12
900	1.000000000000000e+00	2
901	1.000000000000000e+00	6
902	1.000000000000000e+00	4
903	1.000000000000000e+00	14
904	1.000000000000000e+00	6
905	1.000000000000000e+00	14
906	1.000000000000000e+00	30
907	1.000000000000000e+00	8
908	1.000000000000000e+00	8
909	1.000000000000000e+00	20
910	1.000000000000000e+00	6
911	1.000000000000000e+00	8
912	1.000000000000000e+00	16
913	1.000000000000000e+00	2
914	1.000000000000000e+00	2
915	1.000000000000000e+00	38
916	1.000000000000000e+00	12
917	1.000000000000000e+00	10
918	1.000000000000000e+00	12
919	1.000000000000000e+00	6
920	1.000000000000000e+00	8
921	1.000000000000000e+00	18
922	1.000000000000000e+00	6
923	1.000000000000000e+00	20
924	1.000000000000000e+00	12
925	1.000000000000000e+00	26
926	1.000000000000000e+00	26
927	1.000000000000000e+00	6
928	1.000000000000000e+00	20
929	1.000000000000000e+00	8
930	1.000000000000000e+00	14
931	1.000000000000000e+00	4
932	1.000000000000000e+00	24
933	1.000000000000000e+00	2
934	1.000000000000000e+00	4
935	1.000000000000000e+00	30
936	1.000000000000000e+00	2
937	1.000000000000000e+00	18
938	1.000000000000000e+00	6
939	1.000000000000000e+00	14
940	1.000000000000000e+00	12
941	1.000000000000000e+00	20
942	1.000000000000000e+00	8
943	1.000000000000000e+00	4
944	1.000000000000000e+00	2
945	1.000000000000000e+00	2
946	1.000000000000000e+00	8
947	1.000000000000000e+00	8
948	1.000000000000000e+00	12
949	1.000000000000000e+00	6
950	1.000000000000000e+00	30
951	1.000000000000000e+00	22
952	1.000000000000000e+00	8
953	1.000000000000000e+00	22
954	1.000000000000000e+00	12
955	1.000000000000000e+00	18
956	1.000000000000000e+00	20
957	1.000000000000000e+00	34
958	1.000000000000000e+00	14
959	1.000000000000000e+00	12
960	1.000000000000000e+00	22
961	1.000000000000000e+00	2
962	1.000000000000000e+00	8
963	1.000000000000000e+00	4
964	1.000000000000000e+00	36
965	1.000000000000000e+00	10
966	1.000000000000000e+00	4
967	1.000000000000000e+00	10
968	1.000000000000000e+00	6
969	1.000000000000000e+00	26
970	1.000000000000000e+00	2
971	1.000000000000000e+00	10
972	1.000000000000000e+00	18
973	1.000000000000000e+00	10
974	1.000000000000000e+00	2
975	1.000000000000000e+00	12
976	1.000000000000000e+00	20
977	1.000000000000000e+00	6
978	1.000000000000000e+00	14
979	1.000000000000000e+00	34
980	1.000000000000000e+00	4
981	1.000000000000000e+00	4
982	1.000000000000000e+00	20
983	1.000000000000000e+00	8
984	1.000000000000000e+00	2
985	1.000000000000000e+00	2
986	1.000000000000000e+00	14
987	1.000000000000000e+00	8
988	1.000000000000000e+00	8
989	1.000000000000000e+00	4
990	1.000000000000000e+00	6
991	1.000000000000000e+00	6
992	1.000000000000000e+00	12
993	1.000000000000000e+00	2
994	1.000000000000000e+00	12
995	1.000000000000000e+00	12
996	1.000000000000000e+00	12
997	1.000000000000000e+00	12
998	1.000000000000000e+00	16
999	1.000000000000000e+00	2
1000	1.000000000000000e+00	10


Tempo gasto: 6.667129
