Método usado: LUUS JAAKOLA

POSIÇÃO	ÁREA(mm²)	CUSTO

1	1.000000000000000e+00	4
2	1.000000000000000e+00	12
3	1.000000000000000e+00	8
4	1.000000000000000e+00	32
5	1.000000000000000e+00	18
6	1.000000000000000e+00	10
7	1.000000000000000e+00	4
8	1.000000000000000e+00	8
9	1.000000000000000e+00	8
10	1.000000000000000e+00	16
11	1.000000000000000e+00	8
12	1.000000000000000e+00	14
13	1.000000000000000e+00	4
14	1.000000000000000e+00	18
15	1.000000000000000e+00	16
16	1.000000000000000e+00	12
17	1.000000000000000e+00	6
18	1.000000000000000e+00	4
19	1.000000000000000e+00	20
20	1.000000000000000e+00	2
21	1.000000000000000e+00	8
22	1.000000000000000e+00	8
23	1.000000000000000e+00	6
24	1.000000000000000e+00	6
25	1.000000000000000e+00	10
26	1.000000000000000e+00	50
27	1.000000000000000e+00	2
28	1.000000000000000e+00	6
29	1.000000000000000e+00	14
30	1.000000000000000e+00	6
31	1.000000000000000e+00	2
32	1.000000000000000e+00	8
33	1.000000000000000e+00	22
34	1.000000000000000e+00	34
35	1.000000000000000e+00	12
36	1.000000000000000e+00	6
37	1.000000000000000e+00	2
38	1.000000000000000e+00	2
39	1.000000000000000e+00	14
40	1.000000000000000e+00	4
41	1.000000000000000e+00	42
42	1.000000000000000e+00	8
43	1.000000000000000e+00	8
44	1.000000000000000e+00	16
45	1.000000000000000e+00	8
46	1.000000000000000e+00	8
47	1.000000000000000e+00	2
48	1.000000000000000e+00	2
49	1.000000000000000e+00	18
50	1.000000000000000e+00	18
51	1.000000000000000e+00	2
52	1.000000000000000e+00	6
53	1.000000000000000e+00	6
54	1.000000000000000e+00	2
55	1.000000000000000e+00	8
56	1.000000000000000e+00	10
57	1.000000000000000e+00	4
58	1.000000000000000e+00	14
59	1.000000000000000e+00	4
60	1.000000000000000e+00	6
61	1.000000000000000e+00	16
62	1.000000000000000e+00	12
63	1.000000000000000e+00	6
64	1.000000000000000e+00	16
65	1.000000000000000e+00	10
66	1.000000000000000e+00	24
67	1.000000000000000e+00	2
68	1.000000000000000e+00	2
69	1.000000000000000e+00	14
70	1.000000000000000e+00	6
71	1.000000000000000e+00	16
72	1.000000000000000e+00	14
73	1.000000000000000e+00	20
74	1.000000000000000e+00	6
75	1.000000000000000e+00	4
76	1.000000000000000e+00	2
77	1.000000000000000e+00	30
78	1.000000000000000e+00	6
79	1.000000000000000e+00	2
80	1.000000000000000e+00	16
81	1.000000000000000e+00	12
82	1.000000000000000e+00	14
83	1.000000000000000e+00	14
84	1.000000000000000e+00	2
85	1.000000000000000e+00	2
86	1.000000000000000e+00	6
87	1.000000000000000e+00	38
88	1.000000000000000e+00	20
89	1.000000000000000e+00	2
90	1.000000000000000e+00	32
91	1.000000000000000e+00	14
92	1.000000000000000e+00	20
93	1.000000000000000e+00	14
94	1.000000000000000e+00	10
95	1.000000000000000e+00	6
96	1.000000000000000e+00	10
97	1.000000000000000e+00	24
98	1.000000000000000e+00	6
99	1.000000000000000e+00	6
100	1.000000000000000e+00	16
101	1.000000000000000e+00	4
102	1.000000000000000e+00	34
103	1.000000000000000e+00	2
104	1.000000000000000e+00	30
105	1.000000000000000e+00	4
106	1.000000000000000e+00	2
107	1.000000000000000e+00	8
108	1.000000000000000e+00	12
109	1.000000000000000e+00	10
110	1.000000000000000e+00	10
111	1.000000000000000e+00	12
112	1.000000000000000e+00	2
113	1.000000000000000e+00	2
114	1.000000000000000e+00	4
115	1.000000000000000e+00	22
116	1.000000000000000e+00	2
117	1.000000000000000e+00	6
118	1.000000000000000e+00	4
119	1.000000000000000e+00	4
120	1.000000000000000e+00	6
121	1.000000000000000e+00	2
122	1.000000000000000e+00	18
123	1.000000000000000e+00	18
124	1.000000000000000e+00	2
125	1.000000000000000e+00	2
126	1.000000000000000e+00	10
127	1.000000000000000e+00	4
128	1.000000000000000e+00	6
129	1.000000000000000e+00	6
130	1.000000000000000e+00	2
131	1.000000000000000e+00	26
132	1.000000000000000e+00	24
133	1.000000000000000e+00	18
134	1.000000000000000e+00	16
135	1.000000000000000e+00	24
136	1.000000000000000e+00	16
137	1.000000000000000e+00	16
138	1.000000000000000e+00	10
139	1.000000000000000e+00	6
140	1.000000000000000e+00	8
141	1.000000000000000e+00	6
142	1.000000000000000e+00	6
143	1.000000000000000e+00	2
144	1.000000000000000e+00	8
145	1.000000000000000e+00	34
146	1.000000000000000e+00	12
147	1.000000000000000e+00	30
148	1.000000000000000e+00	4
149	1.000000000000000e+00	8
150	1.000000000000000e+00	8
151	1.000000000000000e+00	16
152	1.000000000000000e+00	12
153	1.000000000000000e+00	18
154	1.000000000000000e+00	8
155	1.000000000000000e+00	4
156	1.000000000000000e+00	8
157	1.000000000000000e+00	16
158	1.000000000000000e+00	6
159	1.000000000000000e+00	10
160	1.000000000000000e+00	38
161	1.000000000000000e+00	14
162	1.000000000000000e+00	2
163	1.000000000000000e+00	4
164	1.000000000000000e+00	2
165	1.000000000000000e+00	6
166	1.000000000000000e+00	14
167	1.000000000000000e+00	8
168	1.000000000000000e+00	2
169	1.000000000000000e+00	16
170	1.000000000000000e+00	14
171	1.000000000000000e+00	8
172	1.000000000000000e+00	16
173	1.000000000000000e+00	6
174	1.000000000000000e+00	6
175	1.000000000000000e+00	20
176	1.000000000000000e+00	16
177	1.000000000000000e+00	10
178	1.000000000000000e+00	12
179	1.000000000000000e+00	8
180	1.000000000000000e+00	4
181	1.000000000000000e+00	12
182	1.000000000000000e+00	8
183	1.000000000000000e+00	8
184	1.000000000000000e+00	4
185	1.000000000000000e+00	8
186	1.000000000000000e+00	16
187	1.000000000000000e+00	20
188	1.000000000000000e+00	16
189	1.000000000000000e+00	2
190	1.000000000000000e+00	28
191	1.000000000000000e+00	6
192	1.000000000000000e+00	24
193	1.000000000000000e+00	2
194	1.000000000000000e+00	2
195	1.000000000000000e+00	4
196	1.000000000000000e+00	2
197	1.000000000000000e+00	26
198	1.000000000000000e+00	18
199	1.000000000000000e+00	2
200	1.000000000000000e+00	6
201	1.000000000000000e+00	2
202	1.000000000000000e+00	4
203	1.000000000000000e+00	4
204	1.000000000000000e+00	4
205	1.000000000000000e+00	26
206	1.000000000000000e+00	28
207	1.000000000000000e+00	22
208	1.000000000000000e+00	2
209	1.000000000000000e+00	6
210	1.000000000000000e+00	20
211	1.000000000000000e+00	6
212	1.000000000000000e+00	22
213	1.000000000000000e+00	4
214	1.000000000000000e+00	4
215	1.000000000000000e+00	6
216	1.000000000000000e+00	16
217	1.000000000000000e+00	16
218	1.000000000000000e+00	4
219	1.000000000000000e+00	22
220	1.000000000000000e+00	2
221	1.000000000000000e+00	30
222	1.000000000000000e+00	24
223	1.000000000000000e+00	6
224	1.000000000000000e+00	10
225	1.000000000000000e+00	10
226	1.000000000000000e+00	16
227	1.000000000000000e+00	10
228	1.000000000000000e+00	4
229	1.000000000000000e+00	12
230	1.000000000000000e+00	4
231	1.000000000000000e+00	4
232	1.000000000000000e+00	20
233	1.000000000000000e+00	4
234	1.000000000000000e+00	6
235	1.000000000000000e+00	12
236	1.000000000000000e+00	4
237	1.000000000000000e+00	38
238	1.000000000000000e+00	22
239	1.000000000000000e+00	4
240	1.000000000000000e+00	24
241	1.000000000000000e+00	10
242	1.000000000000000e+00	6
243	1.000000000000000e+00	18
244	1.000000000000000e+00	8
245	1.000000000000000e+00	6
246	1.000000000000000e+00	30
247	1.000000000000000e+00	44
248	1.000000000000000e+00	6
249	1.000000000000000e+00	22
250	1.000000000000000e+00	12
251	1.000000000000000e+00	22
252	1.000000000000000e+00	4
253	1.000000000000000e+00	20
254	1.000000000000000e+00	6
255	1.000000000000000e+00	6
256	1.000000000000000e+00	8
257	1.000000000000000e+00	2
258	1.000000000000000e+00	22
259	1.000000000000000e+00	32
260	1.000000000000000e+00	16
261	1.000000000000000e+00	26
262	1.000000000000000e+00	4
263	1.000000000000000e+00	2
264	1.000000000000000e+00	10
265	1.000000000000000e+00	34
266	1.000000000000000e+00	8
267	1.000000000000000e+00	12
268	1.000000000000000e+00	18
269	1.000000000000000e+00	6
270	1.000000000000000e+00	8
271	1.000000000000000e+00	2
272	1.000000000000000e+00	10
273	1.000000000000000e+00	12
274	1.000000000000000e+00	4
275	1.000000000000000e+00	26
276	1.000000000000000e+00	12
277	1.000000000000000e+00	2
278	1.000000000000000e+00	2
279	1.000000000000000e+00	8
280	1.000000000000000e+00	40
281	1.000000000000000e+00	8
282	1.000000000000000e+00	4
283	1.000000000000000e+00	4
284	1.000000000000000e+00	4
285	1.000000000000000e+00	12
286	1.000000000000000e+00	14
287	1.000000000000000e+00	8
288	1.000000000000000e+00	6
289	1.000000000000000e+00	34
290	1.000000000000000e+00	14
291	1.000000000000000e+00	4
292	1.000000000000000e+00	2
293	1.000000000000000e+00	8
294	1.000000000000000e+00	2
295	1.000000000000000e+00	6
296	1.000000000000000e+00	16
297	1.000000000000000e+00	16
298	1.000000000000000e+00	12
299	1.000000000000000e+00	2
300	1.000000000000000e+00	26
301	1.000000000000000e+00	8
302	1.000000000000000e+00	10
303	1.000000000000000e+00	16
304	1.000000000000000e+00	4
305	1.000000000000000e+00	10
306	1.000000000000000e+00	24
307	1.000000000000000e+00	10
308	1.000000000000000e+00	16
309	1.000000000000000e+00	2
310	1.000000000000000e+00	44
311	1.000000000000000e+00	10
312	1.000000000000000e+00	14
313	1.000000000000000e+00	8
314	1.000000000000000e+00	12
315	1.000000000000000e+00	10
316	1.000000000000000e+00	14
317	1.000000000000000e+00	30
318	1.000000000000000e+00	26
319	1.000000000000000e+00	26
320	1.000000000000000e+00	20
321	1.000000000000000e+00	16
322	1.000000000000000e+00	20
323	1.000000000000000e+00	2
324	1.000000000000000e+00	14
325	1.000000000000000e+00	2
326	1.000000000000000e+00	30
327	1.000000000000000e+00	14
328	1.000000000000000e+00	30
329	1.000000000000000e+00	10
330	1.000000000000000e+00	32
331	1.000000000000000e+00	16
332	1.000000000000000e+00	22
333	1.000000000000000e+00	4
334	1.000000000000000e+00	4
335	1.000000000000000e+00	2
336	1.000000000000000e+00	14
337	1.000000000000000e+00	12
338	1.000000000000000e+00	20
339	1.000000000000000e+00	8
340	1.000000000000000e+00	2
341	1.000000000000000e+00	4
342	1.000000000000000e+00	14
343	1.000000000000000e+00	8
344	1.000000000000000e+00	8
345	1.000000000000000e+00	44
346	1.000000000000000e+00	10
347	1.000000000000000e+00	10
348	1.000000000000000e+00	10
349	1.000000000000000e+00	26
350	1.000000000000000e+00	22
351	1.000000000000000e+00	4
352	1.000000000000000e+00	26
353	1.000000000000000e+00	2
354	1.000000000000000e+00	42
355	1.000000000000000e+00	42
356	1.000000000000000e+00	12
357	1.000000000000000e+00	12
358	1.000000000000000e+00	4
359	1.000000000000000e+00	2
360	1.000000000000000e+00	12
361	1.000000000000000e+00	30
362	1.000000000000000e+00	2
363	1.000000000000000e+00	14
364	1.000000000000000e+00	8
365	1.000000000000000e+00	2
366	1.000000000000000e+00	26
367	1.000000000000000e+00	24
368	1.000000000000000e+00	14
369	1.000000000000000e+00	16
370	1.000000000000000e+00	14
371	1.000000000000000e+00	8
372	1.000000000000000e+00	20
373	1.000000000000000e+00	12
374	1.000000000000000e+00	8
375	1.000000000000000e+00	12
376	1.000000000000000e+00	20
377	1.000000000000000e+00	16
378	1.000000000000000e+00	18
379	1.000000000000000e+00	8
380	1.000000000000000e+00	2
381	1.000000000000000e+00	12
382	1.000000000000000e+00	12
383	1.000000000000000e+00	24
384	1.000000000000000e+00	10
385	1.000000000000000e+00	6
386	1.000000000000000e+00	4
387	1.000000000000000e+00	10
388	1.000000000000000e+00	8
389	1.000000000000000e+00	6
390	1.000000000000000e+00	4
391	1.000000000000000e+00	2
392	1.000000000000000e+00	10
393	1.000000000000000e+00	6
394	1.000000000000000e+00	2
395	1.000000000000000e+00	6
396	1.000000000000000e+00	8
397	1.000000000000000e+00	16
398	1.000000000000000e+00	6
399	1.000000000000000e+00	6
400	1.000000000000000e+00	28
401	1.000000000000000e+00	4
402	1.000000000000000e+00	16
403	1.000000000000000e+00	14
404	1.000000000000000e+00	14
405	1.000000000000000e+00	16
406	1.000000000000000e+00	8
407	1.000000000000000e+00	14
408	1.000000000000000e+00	22
409	1.000000000000000e+00	14
410	1.000000000000000e+00	4
411	1.000000000000000e+00	4
412	1.000000000000000e+00	26
413	1.000000000000000e+00	6
414	1.000000000000000e+00	22
415	1.000000000000000e+00	10
416	1.000000000000000e+00	4
417	1.000000000000000e+00	36
418	1.000000000000000e+00	2
419	1.000000000000000e+00	2
420	1.000000000000000e+00	8
421	1.000000000000000e+00	6
422	1.000000000000000e+00	24
423	1.000000000000000e+00	42
424	1.000000000000000e+00	6
425	1.000000000000000e+00	2
426	1.000000000000000e+00	8
427	1.000000000000000e+00	14
428	1.000000000000000e+00	10
429	1.000000000000000e+00	6
430	1.000000000000000e+00	4
431	1.000000000000000e+00	8
432	1.000000000000000e+00	4
433	1.000000000000000e+00	22
434	1.000000000000000e+00	14
435	1.000000000000000e+00	16
436	1.000000000000000e+00	14
437	1.000000000000000e+00	28
438	1.000000000000000e+00	24
439	1.000000000000000e+00	20
440	1.000000000000000e+00	16
441	1.000000000000000e+00	10
442	1.000000000000000e+00	18
443	1.000000000000000e+00	10
444	1.000000000000000e+00	26
445	1.000000000000000e+00	6
446	1.000000000000000e+00	2
447	1.000000000000000e+00	14
448	1.000000000000000e+00	4
449	1.000000000000000e+00	22
450	1.000000000000000e+00	6
451	1.000000000000000e+00	2
452	1.000000000000000e+00	6
453	1.000000000000000e+00	4
454	1.000000000000000e+00	2
455	1.000000000000000e+00	6
456	1.000000000000000e+00	2
457	1.000000000000000e+00	34
458	1.000000000000000e+00	16
459	1.000000000000000e+00	2
460	1.000000000000000e+00	2
461	1.000000000000000e+00	2
462	1.000000000000000e+00	6
463	1.000000000000000e+00	2
464	1.000000000000000e+00	22
465	1.000000000000000e+00	2
466	1.000000000000000e+00	8
467	1.000000000000000e+00	22
468	1.000000000000000e+00	10
469	1.000000000000000e+00	2
470	1.000000000000000e+00	14
471	1.000000000000000e+00	16
472	1.000000000000000e+00	18
473	1.000000000000000e+00	6
474	1.000000000000000e+00	4
475	1.000000000000000e+00	34
476	1.000000000000000e+00	2
477	1.000000000000000e+00	6
478	1.000000000000000e+00	6
479	1.000000000000000e+00	18
480	1.000000000000000e+00	16
481	1.000000000000000e+00	10
482	1.000000000000000e+00	8
483	1.000000000000000e+00	6
484	1.000000000000000e+00	30
485	1.000000000000000e+00	8
486	1.000000000000000e+00	22
487	1.000000000000000e+00	20
488	1.000000000000000e+00	4
489	1.000000000000000e+00	2
490	1.000000000000000e+00	4
491	9.499865959348155e-01	170
492	8.999895860738970e-01	266
493	8.499983743994360e-01	274
494	8.000097975593971e-01	276
495	7.500192915994636e-01	268
496	7.000293304817713e-01	266
497	6.500153741463951e-01	182
498	6.000113614640150e-01	306
499	5.500141411843708e-01	328
500	5.000116043884555e-01	300
501	5.500229872883978e-01	284
502	6.000342938791722e-01	316
503	6.500476560861322e-01	210
504	7.000612048333577e-01	302
505	7.500768460389906e-01	218
506	8.000921170038237e-01	212
507	8.500993096843438e-01	242
508	9.001195114400610e-01	296
509	9.501288997179407e-01	310
510	9.001383536637181e-01	306
511	8.501309237241401e-01	202
512	8.001195098074545e-01	260
513	7.501225462857495e-01	240
514	8.001240444137205e-01	248
515	8.501395302819924e-01	238
516	9.001481565486298e-01	338
517	9.501528851368841e-01	268
518	1.000000000000000e+00	1000
519	1.000000000000000e+00	4
520	1.000000000000000e+00	8
521	1.000000000000000e+00	8
522	1.000000000000000e+00	12
523	1.000000000000000e+00	8
524	1.000000000000000e+00	6
525	1.000000000000000e+00	20
526	1.000000000000000e+00	26
527	1.000000000000000e+00	8
528	1.000000000000000e+00	2
529	1.000000000000000e+00	4
530	1.000000000000000e+00	20
531	1.000000000000000e+00	8
532	1.000000000000000e+00	10
533	1.000000000000000e+00	22
534	1.000000000000000e+00	8
535	1.000000000000000e+00	10
536	1.000000000000000e+00	28
537	1.000000000000000e+00	10
538	1.000000000000000e+00	4
539	1.000000000000000e+00	8
540	1.000000000000000e+00	2
541	1.000000000000000e+00	10
542	1.000000000000000e+00	22
543	1.000000000000000e+00	20
544	1.000000000000000e+00	14
545	1.000000000000000e+00	14
546	1.000000000000000e+00	8
547	1.000000000000000e+00	8
548	1.000000000000000e+00	4
549	1.000000000000000e+00	4
550	1.000000000000000e+00	26
551	1.000000000000000e+00	12
552	1.000000000000000e+00	12
553	1.000000000000000e+00	12
554	1.000000000000000e+00	10
555	1.000000000000000e+00	16
556	1.000000000000000e+00	28
557	1.000000000000000e+00	14
558	1.000000000000000e+00	14
559	1.000000000000000e+00	10
560	1.000000000000000e+00	14
561	1.000000000000000e+00	2
562	1.000000000000000e+00	6
563	1.000000000000000e+00	10
564	1.000000000000000e+00	12
565	1.000000000000000e+00	4
566	1.000000000000000e+00	4
567	1.000000000000000e+00	8
568	1.000000000000000e+00	10
569	1.000000000000000e+00	16
570	1.000000000000000e+00	8
571	1.000000000000000e+00	8
572	1.000000000000000e+00	12
573	1.000000000000000e+00	18
574	1.000000000000000e+00	8
575	1.000000000000000e+00	8
576	1.000000000000000e+00	2
577	1.000000000000000e+00	8
578	1.000000000000000e+00	8
579	1.000000000000000e+00	14
580	1.000000000000000e+00	22
581	1.000000000000000e+00	2
582	1.000000000000000e+00	14
583	1.000000000000000e+00	18
584	1.000000000000000e+00	8
585	1.000000000000000e+00	26
586	1.000000000000000e+00	10
587	1.000000000000000e+00	2
588	1.000000000000000e+00	20
589	1.000000000000000e+00	2
590	1.000000000000000e+00	40
591	1.000000000000000e+00	8
592	1.000000000000000e+00	16
593	1.000000000000000e+00	12
594	1.000000000000000e+00	8
595	1.000000000000000e+00	14
596	1.000000000000000e+00	6
597	1.000000000000000e+00	4
598	1.000000000000000e+00	10
599	1.000000000000000e+00	8
600	1.000000000000000e+00	18
601	1.000000000000000e+00	10
602	1.000000000000000e+00	2
603	1.000000000000000e+00	14
604	1.000000000000000e+00	10
605	1.000000000000000e+00	8
606	1.000000000000000e+00	12
607	1.000000000000000e+00	2
608	1.000000000000000e+00	2
609	1.000000000000000e+00	6
610	1.000000000000000e+00	16
611	1.000000000000000e+00	14
612	1.000000000000000e+00	10
613	1.000000000000000e+00	14
614	1.000000000000000e+00	24
615	1.000000000000000e+00	10
616	1.000000000000000e+00	6
617	1.000000000000000e+00	6
618	1.000000000000000e+00	6
619	1.000000000000000e+00	2
620	1.000000000000000e+00	8
621	1.000000000000000e+00	10
622	1.000000000000000e+00	18
623	1.000000000000000e+00	38
624	1.000000000000000e+00	4
625	1.000000000000000e+00	12
626	1.000000000000000e+00	14
627	1.000000000000000e+00	8
628	1.000000000000000e+00	6
629	1.000000000000000e+00	14
630	1.000000000000000e+00	6
631	1.000000000000000e+00	12
632	1.000000000000000e+00	8
633	1.000000000000000e+00	26
634	1.000000000000000e+00	34
635	1.000000000000000e+00	2
636	1.000000000000000e+00	18
637	1.000000000000000e+00	10
638	1.000000000000000e+00	22
639	1.000000000000000e+00	24
640	1.000000000000000e+00	8
641	1.000000000000000e+00	10
642	1.000000000000000e+00	12
643	1.000000000000000e+00	2
644	1.000000000000000e+00	46
645	1.000000000000000e+00	20
646	1.000000000000000e+00	20
647	1.000000000000000e+00	8
648	1.000000000000000e+00	12
649	1.000000000000000e+00	8
650	1.000000000000000e+00	28
651	1.000000000000000e+00	16
652	1.000000000000000e+00	10
653	1.000000000000000e+00	24
654	1.000000000000000e+00	14
655	1.000000000000000e+00	22
656	1.000000000000000e+00	8
657	1.000000000000000e+00	2
658	1.000000000000000e+00	8
659	1.000000000000000e+00	28
660	1.000000000000000e+00	20
661	1.000000000000000e+00	8
662	1.000000000000000e+00	10
663	1.000000000000000e+00	4
664	1.000000000000000e+00	6
665	1.000000000000000e+00	34
666	1.000000000000000e+00	18
667	1.000000000000000e+00	6
668	1.000000000000000e+00	10
669	1.000000000000000e+00	86
670	1.000000000000000e+00	14
671	1.000000000000000e+00	16
672	1.000000000000000e+00	18
673	1.000000000000000e+00	48
674	1.000000000000000e+00	2
675	1.000000000000000e+00	6
676	1.000000000000000e+00	6
677	1.000000000000000e+00	22
678	1.000000000000000e+00	26
679	1.000000000000000e+00	22
680	1.000000000000000e+00	4
681	1.000000000000000e+00	24
682	1.000000000000000e+00	4
683	1.000000000000000e+00	48
684	1.000000000000000e+00	4
685	1.000000000000000e+00	6
686	1.000000000000000e+00	12
687	1.000000000000000e+00	22
688	1.000000000000000e+00	10
689	1.000000000000000e+00	18
690	1.000000000000000e+00	2
691	1.000000000000000e+00	6
692	1.000000000000000e+00	2
693	1.000000000000000e+00	18
694	1.000000000000000e+00	4
695	1.000000000000000e+00	18
696	1.000000000000000e+00	2
697	1.000000000000000e+00	34
698	1.000000000000000e+00	12
699	1.000000000000000e+00	2
700	1.000000000000000e+00	6
701	1.000000000000000e+00	6
702	1.000000000000000e+00	18
703	1.000000000000000e+00	16
704	1.000000000000000e+00	4
705	1.000000000000000e+00	14
706	1.000000000000000e+00	12
707	1.000000000000000e+00	6
708	1.000000000000000e+00	20
709	1.000000000000000e+00	4
710	1.000000000000000e+00	18
711	1.000000000000000e+00	8
712	1.000000000000000e+00	8
713	1.000000000000000e+00	6
714	1.000000000000000e+00	18
715	1.000000000000000e+00	2
716	1.000000000000000e+00	14
717	1.000000000000000e+00	12
718	1.000000000000000e+00	12
719	1.000000000000000e+00	10
720	1.000000000000000e+00	4
721	1.000000000000000e+00	2
722	1.000000000000000e+00	14
723	1.000000000000000e+00	16
724	1.000000000000000e+00	22
725	1.000000000000000e+00	2
726	1.000000000000000e+00	20
727	1.000000000000000e+00	46
728	1.000000000000000e+00	24
729	1.000000000000000e+00	10
730	1.000000000000000e+00	54
731	1.000000000000000e+00	4
732	1.000000000000000e+00	4
733	1.000000000000000e+00	18
734	1.000000000000000e+00	12
735	1.000000000000000e+00	6
736	1.000000000000000e+00	4
737	1.000000000000000e+00	8
738	1.000000000000000e+00	26
739	1.000000000000000e+00	4
740	1.000000000000000e+00	6
741	1.000000000000000e+00	8
742	1.000000000000000e+00	24
743	1.000000000000000e+00	10
744	1.000000000000000e+00	10
745	1.000000000000000e+00	10
746	1.000000000000000e+00	12
747	1.000000000000000e+00	16
748	1.000000000000000e+00	4
749	1.000000000000000e+00	8
750	1.000000000000000e+00	4
751	1.000000000000000e+00	12
752	1.000000000000000e+00	2
753	1.000000000000000e+00	4
754	1.000000000000000e+00	16
755	1.000000000000000e+00	8
756	1.000000000000000e+00	2
757	1.000000000000000e+00	44
758	1.000000000000000e+00	10
759	1.000000000000000e+00	12
760	1.000000000000000e+00	22
761	1.000000000000000e+00	48
762	1.000000000000000e+00	30
763	1.000000000000000e+00	28
764	1.000000000000000e+00	14
765	1.000000000000000e+00	16
766	1.000000000000000e+00	10
767	1.000000000000000e+00	12
768	1.000000000000000e+00	2
769	1.000000000000000e+00	16
770	1.000000000000000e+00	6
771	1.000000000000000e+00	12
772	1.000000000000000e+00	14
773	1.000000000000000e+00	2
774	1.000000000000000e+00	4
775	1.000000000000000e+00	20
776	1.000000000000000e+00	8
777	1.000000000000000e+00	10
778	1.000000000000000e+00	6
779	1.000000000000000e+00	12
780	1.000000000000000e+00	12
781	1.000000000000000e+00	34
782	1.000000000000000e+00	6
783	1.000000000000000e+00	6
784	1.000000000000000e+00	14
785	1.000000000000000e+00	12
786	1.000000000000000e+00	6
787	1.000000000000000e+00	10
788	1.000000000000000e+00	6
789	1.000000000000000e+00	10
790	1.000000000000000e+00	20
791	1.000000000000000e+00	14
792	1.000000000000000e+00	14
793	1.000000000000000e+00	2
794	1.000000000000000e+00	16
795	1.000000000000000e+00	12
796	1.000000000000000e+00	8
797	1.000000000000000e+00	50
798	1.000000000000000e+00	22
799	1.000000000000000e+00	8
800	1.000000000000000e+00	16
801	1.000000000000000e+00	12
802	1.000000000000000e+00	12
803	1.000000000000000e+00	10
804	1.000000000000000e+00	12
805	1.000000000000000e+00	26
806	1.000000000000000e+00	2
807	1.000000000000000e+00	14
808	1.000000000000000e+00	2
809	1.000000000000000e+00	26
810	1.000000000000000e+00	18
811	1.000000000000000e+00	12
812	1.000000000000000e+00	20
813	1.000000000000000e+00	38
814	1.000000000000000e+00	6
815	1.000000000000000e+00	6
816	1.000000000000000e+00	10
817	1.000000000000000e+00	6
818	1.000000000000000e+00	6
819	1.000000000000000e+00	18
820	1.000000000000000e+00	12
821	1.000000000000000e+00	6
822	1.000000000000000e+00	10
823	1.000000000000000e+00	6
824	1.000000000000000e+00	16
825	1.000000000000000e+00	2
826	1.000000000000000e+00	4
827	1.000000000000000e+00	14
828	1.000000000000000e+00	6
829	1.000000000000000e+00	2
830	1.000000000000000e+00	4
831	1.000000000000000e+00	24
832	1.000000000000000e+00	8
833	1.000000000000000e+00	8
834	1.000000000000000e+00	10
835	1.000000000000000e+00	2
836	1.000000000000000e+00	22
837	1.000000000000000e+00	12
838	1.000000000000000e+00	6
839	1.000000000000000e+00	8
840	1.000000000000000e+00	8
841	1.000000000000000e+00	8
842	1.000000000000000e+00	10
843	1.000000000000000e+00	56
844	1.000000000000000e+00	4
845	1.000000000000000e+00	18
846	1.000000000000000e+00	2
847	1.000000000000000e+00	16
848	1.000000000000000e+00	32
849	1.000000000000000e+00	16
850	1.000000000000000e+00	30
851	1.000000000000000e+00	12
852	1.000000000000000e+00	30
853	1.000000000000000e+00	24
854	1.000000000000000e+00	6
855	1.000000000000000e+00	4
856	1.000000000000000e+00	22
857	1.000000000000000e+00	4
858	1.000000000000000e+00	10
859	1.000000000000000e+00	16
860	1.000000000000000e+00	12
861	1.000000000000000e+00	8
862	1.000000000000000e+00	10
863	1.000000000000000e+00	8
864	1.000000000000000e+00	24
865	1.000000000000000e+00	12
866	1.000000000000000e+00	18
867	1.000000000000000e+00	2
868	1.000000000000000e+00	10
869	1.000000000000000e+00	2
870	1.000000000000000e+00	4
871	1.000000000000000e+00	6
872	1.000000000000000e+00	34
873	1.000000000000000e+00	6
874	1.000000000000000e+00	12
875	1.000000000000000e+00	2
876	1.000000000000000e+00	6
877	1.000000000000000e+00	22
878	1.000000000000000e+00	4
879	1.000000000000000e+00	14
880	1.000000000000000e+00	6
881	1.000000000000000e+00	16
882	1.000000000000000e+00	2
883	1.000000000000000e+00	8
884	1.000000000000000e+00	18
885	1.000000000000000e+00	12
886	1.000000000000000e+00	6
887	1.000000000000000e+00	4
888	1.000000000000000e+00	6
889	1.000000000000000e+00	4
890	1.000000000000000e+00	24
891	1.000000000000000e+00	2
892	1.000000000000000e+00	12
893	1.000000000000000e+00	14
894	1.000000000000000e+00	8
895	1.000000000000000e+00	12
896	1.000000000000000e+00	14
897	1.000000000000000e+00	8
898	1.000000000000000e+00	18
899	1.000000000000000e+00	38
900	1.000000000000000e+00	8
901	1.000000000000000e+00	14
902	1.000000000000000e+00	8
903	1.000000000000000e+00	16
904	1.000000000000000e+00	10
905	1.000000000000000e+00	14
906	1.000000000000000e+00	22
907	1.000000000000000e+00	6
908	1.000000000000000e+00	10
909	1.000000000000000e+00	2
910	1.000000000000000e+00	6
911	1.000000000000000e+00	4
912	1.000000000000000e+00	4
913	1.000000000000000e+00	42
914	1.000000000000000e+00	12
915	1.000000000000000e+00	20
916	1.000000000000000e+00	28
917	1.000000000000000e+00	8
918	1.000000000000000e+00	8
919	1.000000000000000e+00	20
920	1.000000000000000e+00	38
921	1.000000000000000e+00	2
922	1.000000000000000e+00	12
923	1.000000000000000e+00	4
924	1.000000000000000e+00	14
925	1.000000000000000e+00	6
926	1.000000000000000e+00	8
927	1.000000000000000e+00	2
928	1.000000000000000e+00	10
929	1.000000000000000e+00	10
930	1.000000000000000e+00	6
931	1.000000000000000e+00	22
932	1.000000000000000e+00	12
933	1.000000000000000e+00	2
934	1.000000000000000e+00	24
935	1.000000000000000e+00	18
936	1.000000000000000e+00	4
937	1.000000000000000e+00	20
938	1.000000000000000e+00	12
939	1.000000000000000e+00	6
940	1.000000000000000e+00	20
941	1.000000000000000e+00	10
942	1.000000000000000e+00	6
943	1.000000000000000e+00	4
944	1.000000000000000e+00	4
945	1.000000000000000e+00	2
946	1.000000000000000e+00	28
947	1.000000000000000e+00	14
948	1.000000000000000e+00	14
949	1.000000000000000e+00	10
950	1.000000000000000e+00	2
951	1.000000000000000e+00	28
952	1.000000000000000e+00	4
953	1.000000000000000e+00	2
954	1.000000000000000e+00	10
955	1.000000000000000e+00	10
956	1.000000000000000e+00	2
957	1.000000000000000e+00	2
958	1.000000000000000e+00	10
959	1.000000000000000e+00	16
960	1.000000000000000e+00	4
961	1.000000000000000e+00	22
962	1.000000000000000e+00	10
963	1.000000000000000e+00	4
964	1.000000000000000e+00	18
965	1.000000000000000e+00	34
966	1.000000000000000e+00	14
967	1.000000000000000e+00	4
968	1.000000000000000e+00	12
969	1.000000000000000e+00	16
970	1.000000000000000e+00	6
971	1.000000000000000e+00	16
972	1.000000000000000e+00	10
973	1.000000000000000e+00	2
974	1.000000000000000e+00	14
975	1.000000000000000e+00	50
976	1.000000000000000e+00	6
977	1.000000000000000e+00	4
978	1.000000000000000e+00	6
979	1.000000000000000e+00	4
980	1.000000000000000e+00	2
981	1.000000000000000e+00	24
982	1.000000000000000e+00	2
983	1.000000000000000e+00	8
984	1.000000000000000e+00	6
985	1.000000000000000e+00	2
986	1.000000000000000e+00	12
987	1.000000000000000e+00	50
988	1.000000000000000e+00	2
989	1.000000000000000e+00	14
990	1.000000000000000e+00	14
991	1.000000000000000e+00	2
992	1.000000000000000e+00	26
993	1.000000000000000e+00	22
994	1.000000000000000e+00	4
995	1.000000000000000e+00	18
996	1.000000000000000e+00	2
997	1.000000000000000e+00	2
998	1.000000000000000e+00	12
999	1.000000000000000e+00	20
1000	1.000000000000000e+00	10


Tempo gasto: 6.869696
