Método usado: LUUS JAAKOLA

POSIÇÃO	ÁREA(mm²)	CUSTO

1	1.000000000000000e+00	8
2	1.000000000000000e+00	24
3	1.000000000000000e+00	18
4	1.000000000000000e+00	8
5	1.000000000000000e+00	20
6	1.000000000000000e+00	8
7	1.000000000000000e+00	2
8	1.000000000000000e+00	18
9	1.000000000000000e+00	4
10	1.000000000000000e+00	8
11	1.000000000000000e+00	10
12	1.000000000000000e+00	22
13	1.000000000000000e+00	14
14	1.000000000000000e+00	34
15	1.000000000000000e+00	2
16	1.000000000000000e+00	2
17	1.000000000000000e+00	2
18	1.000000000000000e+00	26
19	1.000000000000000e+00	8
20	1.000000000000000e+00	2
21	1.000000000000000e+00	22
22	1.000000000000000e+00	32
23	1.000000000000000e+00	32
24	1.000000000000000e+00	6
25	1.000000000000000e+00	2
26	1.000000000000000e+00	6
27	1.000000000000000e+00	16
28	1.000000000000000e+00	2
29	1.000000000000000e+00	48
30	1.000000000000000e+00	26
31	1.000000000000000e+00	8
32	1.000000000000000e+00	8
33	1.000000000000000e+00	8
34	1.000000000000000e+00	26
35	1.000000000000000e+00	22
36	1.000000000000000e+00	16
37	1.000000000000000e+00	18
38	1.000000000000000e+00	26
39	1.000000000000000e+00	8
40	1.000000000000000e+00	14
41	1.000000000000000e+00	26
42	1.000000000000000e+00	10
43	1.000000000000000e+00	2
44	1.000000000000000e+00	12
45	1.000000000000000e+00	8
46	1.000000000000000e+00	8
47	1.000000000000000e+00	12
48	1.000000000000000e+00	24
49	1.000000000000000e+00	28
50	1.000000000000000e+00	14
51	1.000000000000000e+00	20
52	1.000000000000000e+00	2
53	1.000000000000000e+00	14
54	1.000000000000000e+00	18
55	1.000000000000000e+00	6
56	1.000000000000000e+00	30
57	1.000000000000000e+00	8
58	1.000000000000000e+00	20
59	1.000000000000000e+00	4
60	1.000000000000000e+00	14
61	1.000000000000000e+00	6
62	1.000000000000000e+00	24
63	1.000000000000000e+00	4
64	1.000000000000000e+00	8
65	1.000000000000000e+00	14
66	1.000000000000000e+00	8
67	1.000000000000000e+00	2
68	1.000000000000000e+00	14
69	1.000000000000000e+00	14
70	1.000000000000000e+00	8
71	1.000000000000000e+00	2
72	1.000000000000000e+00	2
73	1.000000000000000e+00	6
74	1.000000000000000e+00	6
75	1.000000000000000e+00	22
76	1.000000000000000e+00	6
77	1.000000000000000e+00	4
78	1.000000000000000e+00	8
79	1.000000000000000e+00	50
80	1.000000000000000e+00	12
81	1.000000000000000e+00	10
82	1.000000000000000e+00	2
83	1.000000000000000e+00	6
84	1.000000000000000e+00	14
85	1.000000000000000e+00	12
86	1.000000000000000e+00	8
87	1.000000000000000e+00	6
88	1.000000000000000e+00	10
89	1.000000000000000e+00	48
90	1.000000000000000e+00	2
91	1.000000000000000e+00	4
92	1.000000000000000e+00	4
93	1.000000000000000e+00	6
94	1.000000000000000e+00	6
95	1.000000000000000e+00	16
96	1.000000000000000e+00	8
97	1.000000000000000e+00	4
98	1.000000000000000e+00	8
99	1.000000000000000e+00	4
100	1.000000000000000e+00	6
101	1.000000000000000e+00	14
102	1.000000000000000e+00	32
103	1.000000000000000e+00	6
104	1.000000000000000e+00	6
105	1.000000000000000e+00	4
106	1.000000000000000e+00	6
107	1.000000000000000e+00	8
108	1.000000000000000e+00	12
109	1.000000000000000e+00	2
110	1.000000000000000e+00	6
111	1.000000000000000e+00	8
112	1.000000000000000e+00	12
113	1.000000000000000e+00	42
114	1.000000000000000e+00	28
115	1.000000000000000e+00	14
116	1.000000000000000e+00	14
117	1.000000000000000e+00	2
118	1.000000000000000e+00	36
119	1.000000000000000e+00	10
120	1.000000000000000e+00	6
121	1.000000000000000e+00	6
122	1.000000000000000e+00	6
123	1.000000000000000e+00	8
124	1.000000000000000e+00	8
125	1.000000000000000e+00	8
126	1.000000000000000e+00	2
127	1.000000000000000e+00	18
128	1.000000000000000e+00	16
129	1.000000000000000e+00	14
130	1.000000000000000e+00	14
131	1.000000000000000e+00	6
132	1.000000000000000e+00	32
133	1.000000000000000e+00	38
134	1.000000000000000e+00	34
135	1.000000000000000e+00	20
136	1.000000000000000e+00	22
137	1.000000000000000e+00	10
138	1.000000000000000e+00	18
139	1.000000000000000e+00	14
140	1.000000000000000e+00	8
141	1.000000000000000e+00	8
142	1.000000000000000e+00	10
143	1.000000000000000e+00	4
144	1.000000000000000e+00	16
145	1.000000000000000e+00	2
146	1.000000000000000e+00	10
147	1.000000000000000e+00	2
148	1.000000000000000e+00	22
149	1.000000000000000e+00	6
150	1.000000000000000e+00	14
151	1.000000000000000e+00	12
152	1.000000000000000e+00	40
153	1.000000000000000e+00	8
154	1.000000000000000e+00	6
155	1.000000000000000e+00	6
156	1.000000000000000e+00	2
157	1.000000000000000e+00	18
158	1.000000000000000e+00	10
159	1.000000000000000e+00	2
160	1.000000000000000e+00	4
161	1.000000000000000e+00	8
162	1.000000000000000e+00	4
163	1.000000000000000e+00	8
164	1.000000000000000e+00	12
165	1.000000000000000e+00	30
166	1.000000000000000e+00	6
167	1.000000000000000e+00	18
168	1.000000000000000e+00	26
169	1.000000000000000e+00	24
170	1.000000000000000e+00	26
171	1.000000000000000e+00	4
172	1.000000000000000e+00	8
173	1.000000000000000e+00	18
174	1.000000000000000e+00	10
175	1.000000000000000e+00	4
176	1.000000000000000e+00	16
177	1.000000000000000e+00	4
178	1.000000000000000e+00	24
179	1.000000000000000e+00	26
180	1.000000000000000e+00	8
181	1.000000000000000e+00	18
182	1.000000000000000e+00	6
183	1.000000000000000e+00	10
184	1.000000000000000e+00	30
185	1.000000000000000e+00	14
186	1.000000000000000e+00	28
187	1.000000000000000e+00	14
188	1.000000000000000e+00	10
189	1.000000000000000e+00	30
190	1.000000000000000e+00	16
191	1.000000000000000e+00	8
192	1.000000000000000e+00	14
193	1.000000000000000e+00	6
194	1.000000000000000e+00	16
195	1.000000000000000e+00	18
196	1.000000000000000e+00	24
197	1.000000000000000e+00	6
198	1.000000000000000e+00	4
199	1.000000000000000e+00	6
200	1.000000000000000e+00	6
201	1.000000000000000e+00	6
202	1.000000000000000e+00	8
203	1.000000000000000e+00	16
204	1.000000000000000e+00	2
205	1.000000000000000e+00	6
206	1.000000000000000e+00	2
207	1.000000000000000e+00	6
208	1.000000000000000e+00	6
209	1.000000000000000e+00	2
210	1.000000000000000e+00	2
211	1.000000000000000e+00	12
212	1.000000000000000e+00	24
213	1.000000000000000e+00	4
214	1.000000000000000e+00	2
215	1.000000000000000e+00	16
216	1.000000000000000e+00	12
217	1.000000000000000e+00	18
218	1.000000000000000e+00	18
219	1.000000000000000e+00	10
220	1.000000000000000e+00	8
221	1.000000000000000e+00	4
222	1.000000000000000e+00	18
223	1.000000000000000e+00	14
224	1.000000000000000e+00	8
225	1.000000000000000e+00	4
226	1.000000000000000e+00	8
227	1.000000000000000e+00	8
228	1.000000000000000e+00	14
229	1.000000000000000e+00	8
230	1.000000000000000e+00	4
231	1.000000000000000e+00	8
232	1.000000000000000e+00	10
233	1.000000000000000e+00	16
234	1.000000000000000e+00	4
235	1.000000000000000e+00	4
236	1.000000000000000e+00	34
237	1.000000000000000e+00	10
238	1.000000000000000e+00	10
239	1.000000000000000e+00	10
240	1.000000000000000e+00	4
241	1.000000000000000e+00	10
242	1.000000000000000e+00	8
243	1.000000000000000e+00	16
244	1.000000000000000e+00	6
245	1.000000000000000e+00	4
246	1.000000000000000e+00	8
247	1.000000000000000e+00	4
248	1.000000000000000e+00	2
249	1.000000000000000e+00	8
250	1.000000000000000e+00	10
251	1.000000000000000e+00	22
252	1.000000000000000e+00	4
253	1.000000000000000e+00	30
254	1.000000000000000e+00	2
255	1.000000000000000e+00	14
256	1.000000000000000e+00	2
257	1.000000000000000e+00	6
258	1.000000000000000e+00	14
259	1.000000000000000e+00	2
260	1.000000000000000e+00	8
261	1.000000000000000e+00	12
262	1.000000000000000e+00	28
263	1.000000000000000e+00	12
264	1.000000000000000e+00	8
265	1.000000000000000e+00	38
266	1.000000000000000e+00	4
267	1.000000000000000e+00	14
268	1.000000000000000e+00	4
269	1.000000000000000e+00	28
270	1.000000000000000e+00	30
271	1.000000000000000e+00	12
272	1.000000000000000e+00	12
273	1.000000000000000e+00	12
274	1.000000000000000e+00	16
275	1.000000000000000e+00	8
276	1.000000000000000e+00	6
277	1.000000000000000e+00	46
278	1.000000000000000e+00	30
279	1.000000000000000e+00	16
280	1.000000000000000e+00	4
281	1.000000000000000e+00	10
282	1.000000000000000e+00	6
283	1.000000000000000e+00	28
284	1.000000000000000e+00	18
285	1.000000000000000e+00	8
286	1.000000000000000e+00	6
287	1.000000000000000e+00	22
288	1.000000000000000e+00	12
289	1.000000000000000e+00	4
290	1.000000000000000e+00	6
291	1.000000000000000e+00	16
292	1.000000000000000e+00	14
293	1.000000000000000e+00	8
294	1.000000000000000e+00	26
295	1.000000000000000e+00	2
296	1.000000000000000e+00	4
297	1.000000000000000e+00	20
298	1.000000000000000e+00	4
299	1.000000000000000e+00	2
300	1.000000000000000e+00	4
301	1.000000000000000e+00	38
302	1.000000000000000e+00	8
303	1.000000000000000e+00	26
304	1.000000000000000e+00	8
305	1.000000000000000e+00	4
306	1.000000000000000e+00	2
307	1.000000000000000e+00	10
308	1.000000000000000e+00	26
309	1.000000000000000e+00	6
310	1.000000000000000e+00	6
311	1.000000000000000e+00	6
312	1.000000000000000e+00	2
313	1.000000000000000e+00	4
314	1.000000000000000e+00	2
315	1.000000000000000e+00	16
316	1.000000000000000e+00	6
317	1.000000000000000e+00	12
318	1.000000000000000e+00	4
319	1.000000000000000e+00	4
320	1.000000000000000e+00	10
321	1.000000000000000e+00	6
322	1.000000000000000e+00	18
323	1.000000000000000e+00	14
324	1.000000000000000e+00	24
325	1.000000000000000e+00	8
326	1.000000000000000e+00	34
327	1.000000000000000e+00	6
328	1.000000000000000e+00	24
329	1.000000000000000e+00	10
330	1.000000000000000e+00	2
331	1.000000000000000e+00	8
332	1.000000000000000e+00	2
333	1.000000000000000e+00	34
334	1.000000000000000e+00	20
335	1.000000000000000e+00	20
336	1.000000000000000e+00	12
337	1.000000000000000e+00	12
338	1.000000000000000e+00	10
339	1.000000000000000e+00	4
340	1.000000000000000e+00	4
341	1.000000000000000e+00	26
342	1.000000000000000e+00	34
343	1.000000000000000e+00	6
344	1.000000000000000e+00	2
345	1.000000000000000e+00	38
346	1.000000000000000e+00	26
347	1.000000000000000e+00	2
348	1.000000000000000e+00	2
349	1.000000000000000e+00	6
350	1.000000000000000e+00	30
351	1.000000000000000e+00	16
352	1.000000000000000e+00	34
353	1.000000000000000e+00	14
354	1.000000000000000e+00	16
355	1.000000000000000e+00	32
356	1.000000000000000e+00	10
357	1.000000000000000e+00	6
358	1.000000000000000e+00	8
359	1.000000000000000e+00	8
360	1.000000000000000e+00	10
361	1.000000000000000e+00	38
362	1.000000000000000e+00	12
363	1.000000000000000e+00	14
364	1.000000000000000e+00	26
365	1.000000000000000e+00	4
366	1.000000000000000e+00	2
367	1.000000000000000e+00	14
368	1.000000000000000e+00	6
369	1.000000000000000e+00	22
370	1.000000000000000e+00	10
371	1.000000000000000e+00	20
372	1.000000000000000e+00	6
373	1.000000000000000e+00	12
374	1.000000000000000e+00	6
375	1.000000000000000e+00	22
376	1.000000000000000e+00	6
377	1.000000000000000e+00	14
378	1.000000000000000e+00	8
379	1.000000000000000e+00	2
380	1.000000000000000e+00	14
381	1.000000000000000e+00	6
382	1.000000000000000e+00	30
383	1.000000000000000e+00	2
384	1.000000000000000e+00	2
385	1.000000000000000e+00	12
386	1.000000000000000e+00	20
387	1.000000000000000e+00	14
388	1.000000000000000e+00	14
389	1.000000000000000e+00	2
390	1.000000000000000e+00	2
391	1.000000000000000e+00	10
392	1.000000000000000e+00	8
393	1.000000000000000e+00	42
394	1.000000000000000e+00	20
395	1.000000000000000e+00	2
396	1.000000000000000e+00	20
397	1.000000000000000e+00	6
398	1.000000000000000e+00	10
399	1.000000000000000e+00	2
400	1.000000000000000e+00	10
401	1.000000000000000e+00	24
402	1.000000000000000e+00	16
403	1.000000000000000e+00	4
404	1.000000000000000e+00	8
405	1.000000000000000e+00	6
406	1.000000000000000e+00	2
407	1.000000000000000e+00	16
408	1.000000000000000e+00	10
409	1.000000000000000e+00	14
410	1.000000000000000e+00	18
411	1.000000000000000e+00	20
412	1.000000000000000e+00	2
413	1.000000000000000e+00	26
414	1.000000000000000e+00	10
415	1.000000000000000e+00	2
416	1.000000000000000e+00	12
417	1.000000000000000e+00	12
418	1.000000000000000e+00	56
419	1.000000000000000e+00	8
420	1.000000000000000e+00	10
421	1.000000000000000e+00	16
422	1.000000000000000e+00	12
423	1.000000000000000e+00	16
424	1.000000000000000e+00	14
425	1.000000000000000e+00	8
426	1.000000000000000e+00	14
427	1.000000000000000e+00	10
428	1.000000000000000e+00	8
429	1.000000000000000e+00	6
430	1.000000000000000e+00	14
431	1.000000000000000e+00	4
432	1.000000000000000e+00	2
433	1.000000000000000e+00	4
434	1.000000000000000e+00	8
435	1.000000000000000e+00	12
436	1.000000000000000e+00	8
437	1.000000000000000e+00	12
438	1.000000000000000e+00	2
439	1.000000000000000e+00	2
440	1.000000000000000e+00	10
441	1.000000000000000e+00	2
442	1.000000000000000e+00	10
443	1.000000000000000e+00	2
444	1.000000000000000e+00	24
445	1.000000000000000e+00	2
446	1.000000000000000e+00	38
447	1.000000000000000e+00	10
448	1.000000000000000e+00	16
449	1.000000000000000e+00	6
450	1.000000000000000e+00	14
451	1.000000000000000e+00	12
452	1.000000000000000e+00	32
453	1.000000000000000e+00	4
454	1.000000000000000e+00	24
455	1.000000000000000e+00	4
456	1.000000000000000e+00	36
457	1.000000000000000e+00	16
458	1.000000000000000e+00	6
459	1.000000000000000e+00	12
460	1.000000000000000e+00	4
461	1.000000000000000e+00	24
462	1.000000000000000e+00	2
463	1.000000000000000e+00	6
464	1.000000000000000e+00	20
465	1.000000000000000e+00	10
466	1.000000000000000e+00	8
467	1.000000000000000e+00	28
468	1.000000000000000e+00	28
469	1.000000000000000e+00	8
470	1.000000000000000e+00	10
471	1.000000000000000e+00	6
472	1.000000000000000e+00	28
473	1.000000000000000e+00	6
474	1.000000000000000e+00	28
475	1.000000000000000e+00	8
476	1.000000000000000e+00	8
477	1.000000000000000e+00	4
478	1.000000000000000e+00	2
479	1.000000000000000e+00	6
480	1.000000000000000e+00	4
481	1.000000000000000e+00	12
482	1.000000000000000e+00	8
483	1.000000000000000e+00	12
484	1.000000000000000e+00	30
485	1.000000000000000e+00	12
486	1.000000000000000e+00	2
487	1.000000000000000e+00	10
488	1.000000000000000e+00	10
489	1.000000000000000e+00	14
490	1.000000000000000e+00	20
491	9.499857077950736e-01	198
492	8.999850085897468e-01	156
493	8.499914987710396e-01	174
494	7.999761433154648e-01	294
495	7.499702828193008e-01	280
496	6.999621165126633e-01	344
497	6.499687804626251e-01	292
498	5.999609344004344e-01	212
499	5.499619307843568e-01	344
500	4.999562290154140e-01	240
501	5.499510462981924e-01	318
502	5.999559272440314e-01	278
503	6.499536312570565e-01	320
504	6.999626689605862e-01	272
505	7.499632056795608e-01	310
506	7.999595681285099e-01	276
507	8.499519797591613e-01	244
508	8.999666591399984e-01	272
509	9.499658797323451e-01	244
510	8.999740154552526e-01	318
511	8.499687011631006e-01	244
512	7.999705593984172e-01	274
513	7.499744289639427e-01	312
514	7.999752590304107e-01	282
515	8.499860598484943e-01	208
516	8.999851752263939e-01	298
517	9.499853737118975e-01	284
518	1.000000000000000e+00	24
519	1.000000000000000e+00	4
520	1.000000000000000e+00	16
521	1.000000000000000e+00	26
522	1.000000000000000e+00	12
523	1.000000000000000e+00	6
524	1.000000000000000e+00	4
525	1.000000000000000e+00	6
526	1.000000000000000e+00	4
527	1.000000000000000e+00	34
528	1.000000000000000e+00	14
529	1.000000000000000e+00	10
530	1.000000000000000e+00	6
531	1.000000000000000e+00	26
532	1.000000000000000e+00	10
533	1.000000000000000e+00	20
534	1.000000000000000e+00	8
535	1.000000000000000e+00	42
536	1.000000000000000e+00	6
537	1.000000000000000e+00	6
538	1.000000000000000e+00	20
539	1.000000000000000e+00	16
540	1.000000000000000e+00	42
541	1.000000000000000e+00	6
542	1.000000000000000e+00	26
543	1.000000000000000e+00	8
544	1.000000000000000e+00	30
545	1.000000000000000e+00	38
546	1.000000000000000e+00	8
547	1.000000000000000e+00	2
548	1.000000000000000e+00	18
549	1.000000000000000e+00	22
550	1.000000000000000e+00	26
551	1.000000000000000e+00	6
552	1.000000000000000e+00	24
553	1.000000000000000e+00	12
554	1.000000000000000e+00	10
555	1.000000000000000e+00	4
556	1.000000000000000e+00	32
557	1.000000000000000e+00	2
558	1.000000000000000e+00	4
559	1.000000000000000e+00	6
560	1.000000000000000e+00	18
561	1.000000000000000e+00	4
562	1.000000000000000e+00	16
563	1.000000000000000e+00	8
564	1.000000000000000e+00	12
565	1.000000000000000e+00	32
566	1.000000000000000e+00	12
567	1.000000000000000e+00	2
568	1.000000000000000e+00	2
569	1.000000000000000e+00	14
570	1.000000000000000e+00	2
571	1.000000000000000e+00	30
572	1.000000000000000e+00	22
573	1.000000000000000e+00	16
574	1.000000000000000e+00	8
575	1.000000000000000e+00	14
576	1.000000000000000e+00	2
577	1.000000000000000e+00	2
578	1.000000000000000e+00	26
579	1.000000000000000e+00	4
580	1.000000000000000e+00	26
581	1.000000000000000e+00	30
582	1.000000000000000e+00	8
583	1.000000000000000e+00	14
584	1.000000000000000e+00	6
585	1.000000000000000e+00	2
586	1.000000000000000e+00	6
587	1.000000000000000e+00	8
588	1.000000000000000e+00	8
589	1.000000000000000e+00	8
590	1.000000000000000e+00	2
591	1.000000000000000e+00	14
592	1.000000000000000e+00	4
593	1.000000000000000e+00	8
594	1.000000000000000e+00	14
595	1.000000000000000e+00	24
596	1.000000000000000e+00	42
597	1.000000000000000e+00	14
598	1.000000000000000e+00	26
599	1.000000000000000e+00	2
600	1.000000000000000e+00	2
601	1.000000000000000e+00	8
602	1.000000000000000e+00	2
603	1.000000000000000e+00	4
604	1.000000000000000e+00	22
605	1.000000000000000e+00	2
606	1.000000000000000e+00	10
607	1.000000000000000e+00	2
608	1.000000000000000e+00	6
609	1.000000000000000e+00	6
610	1.000000000000000e+00	8
611	1.000000000000000e+00	24
612	1.000000000000000e+00	22
613	1.000000000000000e+00	8
614	1.000000000000000e+00	10
615	1.000000000000000e+00	42
616	1.000000000000000e+00	2
617	1.000000000000000e+00	8
618	1.000000000000000e+00	4
619	1.000000000000000e+00	16
620	1.000000000000000e+00	4
621	1.000000000000000e+00	8
622	1.000000000000000e+00	6
623	1.000000000000000e+00	18
624	1.000000000000000e+00	4
625	1.000000000000000e+00	2
626	1.000000000000000e+00	14
627	1.000000000000000e+00	2
628	1.000000000000000e+00	10
629	1.000000000000000e+00	32
630	1.000000000000000e+00	10
631	1.000000000000000e+00	22
632	1.000000000000000e+00	10
633	1.000000000000000e+00	16
634	1.000000000000000e+00	10
635	1.000000000000000e+00	12
636	1.000000000000000e+00	26
637	1.000000000000000e+00	8
638	1.000000000000000e+00	2
639	1.000000000000000e+00	4
640	1.000000000000000e+00	14
641	1.000000000000000e+00	26
642	1.000000000000000e+00	6
643	1.000000000000000e+00	18
644	1.000000000000000e+00	6
645	1.000000000000000e+00	8
646	1.000000000000000e+00	20
647	1.000000000000000e+00	2
648	1.000000000000000e+00	8
649	1.000000000000000e+00	8
650	1.000000000000000e+00	8
651	1.000000000000000e+00	2
652	1.000000000000000e+00	4
653	1.000000000000000e+00	20
654	1.000000000000000e+00	8
655	1.000000000000000e+00	6
656	1.000000000000000e+00	12
657	1.000000000000000e+00	6
658	1.000000000000000e+00	4
659	1.000000000000000e+00	18
660	1.000000000000000e+00	4
661	1.000000000000000e+00	22
662	1.000000000000000e+00	6
663	1.000000000000000e+00	12
664	1.000000000000000e+00	38
665	1.000000000000000e+00	8
666	1.000000000000000e+00	12
667	1.000000000000000e+00	18
668	1.000000000000000e+00	6
669	1.000000000000000e+00	8
670	1.000000000000000e+00	4
671	1.000000000000000e+00	2
672	1.000000000000000e+00	14
673	1.000000000000000e+00	4
674	1.000000000000000e+00	16
675	1.000000000000000e+00	2
676	1.000000000000000e+00	24
677	1.000000000000000e+00	10
678	1.000000000000000e+00	40
679	1.000000000000000e+00	20
680	1.000000000000000e+00	4
681	1.000000000000000e+00	14
682	1.000000000000000e+00	4
683	1.000000000000000e+00	6
684	1.000000000000000e+00	10
685	1.000000000000000e+00	6
686	1.000000000000000e+00	4
687	1.000000000000000e+00	8
688	1.000000000000000e+00	8
689	1.000000000000000e+00	22
690	1.000000000000000e+00	18
691	1.000000000000000e+00	4
692	1.000000000000000e+00	6
693	1.000000000000000e+00	38
694	1.000000000000000e+00	6
695	1.000000000000000e+00	8
696	1.000000000000000e+00	8
697	1.000000000000000e+00	8
698	1.000000000000000e+00	14
699	1.000000000000000e+00	14
700	1.000000000000000e+00	4
701	1.000000000000000e+00	14
702	1.000000000000000e+00	10
703	1.000000000000000e+00	2
704	1.000000000000000e+00	2
705	1.000000000000000e+00	12
706	1.000000000000000e+00	12
707	1.000000000000000e+00	14
708	1.000000000000000e+00	6
709	1.000000000000000e+00	4
710	1.000000000000000e+00	4
711	1.000000000000000e+00	4
712	1.000000000000000e+00	2
713	1.000000000000000e+00	12
714	1.000000000000000e+00	16
715	1.000000000000000e+00	22
716	1.000000000000000e+00	8
717	1.000000000000000e+00	16
718	1.000000000000000e+00	32
719	1.000000000000000e+00	12
720	1.000000000000000e+00	32
721	1.000000000000000e+00	20
722	1.000000000000000e+00	16
723	1.000000000000000e+00	2
724	1.000000000000000e+00	12
725	1.000000000000000e+00	14
726	1.000000000000000e+00	20
727	1.000000000000000e+00	12
728	1.000000000000000e+00	14
729	1.000000000000000e+00	2
730	1.000000000000000e+00	22
731	1.000000000000000e+00	30
732	1.000000000000000e+00	10
733	1.000000000000000e+00	10
734	1.000000000000000e+00	8
735	1.000000000000000e+00	4
736	1.000000000000000e+00	4
737	1.000000000000000e+00	6
738	1.000000000000000e+00	10
739	1.000000000000000e+00	4
740	1.000000000000000e+00	20
741	1.000000000000000e+00	10
742	1.000000000000000e+00	8
743	1.000000000000000e+00	10
744	1.000000000000000e+00	10
745	1.000000000000000e+00	6
746	1.000000000000000e+00	12
747	1.000000000000000e+00	16
748	1.000000000000000e+00	20
749	1.000000000000000e+00	2
750	1.000000000000000e+00	2
751	1.000000000000000e+00	4
752	1.000000000000000e+00	14
753	1.000000000000000e+00	10
754	1.000000000000000e+00	22
755	1.000000000000000e+00	56
756	1.000000000000000e+00	18
757	1.000000000000000e+00	16
758	1.000000000000000e+00	20
759	1.000000000000000e+00	4
760	1.000000000000000e+00	18
761	1.000000000000000e+00	2
762	1.000000000000000e+00	20
763	1.000000000000000e+00	12
764	1.000000000000000e+00	2
765	1.000000000000000e+00	8
766	1.000000000000000e+00	2
767	1.000000000000000e+00	2
768	1.000000000000000e+00	8
769	1.000000000000000e+00	6
770	1.000000000000000e+00	8
771	1.000000000000000e+00	18
772	1.000000000000000e+00	16
773	1.000000000000000e+00	18
774	1.000000000000000e+00	4
775	1.000000000000000e+00	24
776	1.000000000000000e+00	14
777	1.000000000000000e+00	6
778	1.000000000000000e+00	2
779	1.000000000000000e+00	4
780	1.000000000000000e+00	4
781	1.000000000000000e+00	8
782	1.000000000000000e+00	30
783	1.000000000000000e+00	8
784	1.000000000000000e+00	2
785	1.000000000000000e+00	8
786	1.000000000000000e+00	2
787	1.000000000000000e+00	8
788	1.000000000000000e+00	20
789	1.000000000000000e+00	8
790	1.000000000000000e+00	8
791	1.000000000000000e+00	10
792	1.000000000000000e+00	16
793	1.000000000000000e+00	14
794	1.000000000000000e+00	4
795	1.000000000000000e+00	4
796	1.000000000000000e+00	8
797	1.000000000000000e+00	4
798	1.000000000000000e+00	26
799	1.000000000000000e+00	6
800	1.000000000000000e+00	16
801	1.000000000000000e+00	2
802	1.000000000000000e+00	20
803	1.000000000000000e+00	10
804	1.000000000000000e+00	24
805	1.000000000000000e+00	20
806	1.000000000000000e+00	4
807	1.000000000000000e+00	14
808	1.000000000000000e+00	8
809	1.000000000000000e+00	10
810	1.000000000000000e+00	12
811	1.000000000000000e+00	6
812	1.000000000000000e+00	4
813	1.000000000000000e+00	60
814	1.000000000000000e+00	20
815	1.000000000000000e+00	2
816	1.000000000000000e+00	18
817	1.000000000000000e+00	8
818	1.000000000000000e+00	12
819	1.000000000000000e+00	2
820	1.000000000000000e+00	2
821	1.000000000000000e+00	12
822	1.000000000000000e+00	22
823	1.000000000000000e+00	4
824	1.000000000000000e+00	34
825	1.000000000000000e+00	10
826	1.000000000000000e+00	2
827	1.000000000000000e+00	2
828	1.000000000000000e+00	10
829	1.000000000000000e+00	36
830	1.000000000000000e+00	16
831	1.000000000000000e+00	16
832	1.000000000000000e+00	6
833	1.000000000000000e+00	30
834	1.000000000000000e+00	10
835	1.000000000000000e+00	36
836	1.000000000000000e+00	10
837	1.000000000000000e+00	14
838	1.000000000000000e+00	6
839	1.000000000000000e+00	4
840	1.000000000000000e+00	14
841	1.000000000000000e+00	4
842	1.000000000000000e+00	10
843	1.000000000000000e+00	6
844	1.000000000000000e+00	14
845	1.000000000000000e+00	26
846	1.000000000000000e+00	10
847	1.000000000000000e+00	2
848	1.000000000000000e+00	22
849	1.000000000000000e+00	4
850	1.000000000000000e+00	38
851	1.000000000000000e+00	6
852	1.000000000000000e+00	24
853	1.000000000000000e+00	20
854	1.000000000000000e+00	4
855	1.000000000000000e+00	6
856	1.000000000000000e+00	2
857	1.000000000000000e+00	20
858	1.000000000000000e+00	4
859	1.000000000000000e+00	18
860	1.000000000000000e+00	28
861	1.000000000000000e+00	22
862	1.000000000000000e+00	16
863	1.000000000000000e+00	4
864	1.000000000000000e+00	20
865	1.000000000000000e+00	6
866	1.000000000000000e+00	6
867	1.000000000000000e+00	14
868	1.000000000000000e+00	2
869	1.000000000000000e+00	8
870	1.000000000000000e+00	2
871	1.000000000000000e+00	14
872	1.000000000000000e+00	14
873	1.000000000000000e+00	12
874	1.000000000000000e+00	14
875	1.000000000000000e+00	46
876	1.000000000000000e+00	12
877	1.000000000000000e+00	16
878	1.000000000000000e+00	10
879	1.000000000000000e+00	6
880	1.000000000000000e+00	50
881	1.000000000000000e+00	20
882	1.000000000000000e+00	14
883	1.000000000000000e+00	2
884	1.000000000000000e+00	2
885	1.000000000000000e+00	2
886	1.000000000000000e+00	2
887	1.000000000000000e+00	32
888	1.000000000000000e+00	4
889	1.000000000000000e+00	2
890	1.000000000000000e+00	6
891	1.000000000000000e+00	38
892	1.000000000000000e+00	14
893	1.000000000000000e+00	8
894	1.000000000000000e+00	12
895	1.000000000000000e+00	6
896	1.000000000000000e+00	2
897	1.000000000000000e+00	14
898	1.000000000000000e+00	16
899	1.000000000000000e+00	14
900	1.000000000000000e+00	4
901	1.000000000000000e+00	8
902	1.000000000000000e+00	18
903	1.000000000000000e+00	22
904	1.000000000000000e+00	8
905	1.000000000000000e+00	8
906	1.000000000000000e+00	12
907	1.000000000000000e+00	4
908	1.000000000000000e+00	40
909	1.000000000000000e+00	6
910	1.000000000000000e+00	2
911	1.000000000000000e+00	2
912	1.000000000000000e+00	2
913	1.000000000000000e+00	4
914	1.000000000000000e+00	8
915	1.000000000000000e+00	8
916	1.000000000000000e+00	8
917	1.000000000000000e+00	36
918	1.000000000000000e+00	22
919	1.000000000000000e+00	12
920	1.000000000000000e+00	2
921	1.000000000000000e+00	30
922	1.000000000000000e+00	10
923	1.000000000000000e+00	16
924	1.000000000000000e+00	12
925	1.000000000000000e+00	12
926	1.000000000000000e+00	32
927	1.000000000000000e+00	8
928	1.000000000000000e+00	22
929	1.000000000000000e+00	6
930	1.000000000000000e+00	8
931	1.000000000000000e+00	28
932	1.000000000000000e+00	22
933	1.000000000000000e+00	14
934	1.000000000000000e+00	6
935	1.000000000000000e+00	12
936	1.000000000000000e+00	16
937	1.000000000000000e+00	2
938	1.000000000000000e+00	4
939	1.000000000000000e+00	8
940	1.000000000000000e+00	20
941	1.000000000000000e+00	22
942	1.000000000000000e+00	6
943	1.000000000000000e+00	14
944	1.000000000000000e+00	12
945	1.000000000000000e+00	4
946	1.000000000000000e+00	12
947	1.000000000000000e+00	2
948	1.000000000000000e+00	12
949	1.000000000000000e+00	6
950	1.000000000000000e+00	28
951	1.000000000000000e+00	4
952	1.000000000000000e+00	4
953	1.000000000000000e+00	2
954	1.000000000000000e+00	18
955	1.000000000000000e+00	6
956	1.000000000000000e+00	12
957	1.000000000000000e+00	14
958	1.000000000000000e+00	10
959	1.000000000000000e+00	16
960	1.000000000000000e+00	6
961	1.000000000000000e+00	48
962	1.000000000000000e+00	14
963	1.000000000000000e+00	10
964	1.000000000000000e+00	4
965	1.000000000000000e+00	4
966	1.000000000000000e+00	6
967	1.000000000000000e+00	10
968	1.000000000000000e+00	24
969	1.000000000000000e+00	6
970	1.000000000000000e+00	6
971	1.000000000000000e+00	4
972	1.000000000000000e+00	4
973	1.000000000000000e+00	4
974	1.000000000000000e+00	6
975	1.000000000000000e+00	6
976	1.000000000000000e+00	6
977	1.000000000000000e+00	2
978	1.000000000000000e+00	4
979	1.000000000000000e+00	14
980	1.000000000000000e+00	4
981	1.000000000000000e+00	8
982	1.000000000000000e+00	22
983	1.000000000000000e+00	4
984	1.000000000000000e+00	24
985	1.000000000000000e+00	2
986	1.000000000000000e+00	2
987	1.000000000000000e+00	22
988	1.000000000000000e+00	14
989	1.000000000000000e+00	8
990	1.000000000000000e+00	6
991	1.000000000000000e+00	6
992	1.000000000000000e+00	30
993	1.000000000000000e+00	4
994	1.000000000000000e+00	6
995	1.000000000000000e+00	10
996	1.000000000000000e+00	8
997	1.000000000000000e+00	40
998	1.000000000000000e+00	20
999	1.000000000000000e+00	8
1000	1.000000000000000e+00	22


Tempo gasto: 6.519015
