Método usado: LUUS JAAKOLA

POSIÇÃO	ÁREA(mm²)	CUSTO

1	1.000000000000000e+00	2
2	1.000000000000000e+00	2
3	1.000000000000000e+00	14
4	1.000000000000000e+00	6
5	1.000000000000000e+00	8
6	1.000000000000000e+00	4
7	1.000000000000000e+00	10
8	1.000000000000000e+00	22
9	1.000000000000000e+00	46
10	1.000000000000000e+00	18
11	1.000000000000000e+00	28
12	1.000000000000000e+00	20
13	1.000000000000000e+00	16
14	1.000000000000000e+00	8
15	1.000000000000000e+00	20
16	1.000000000000000e+00	20
17	1.000000000000000e+00	2
18	1.000000000000000e+00	4
19	1.000000000000000e+00	26
20	1.000000000000000e+00	6
21	1.000000000000000e+00	18
22	1.000000000000000e+00	12
23	1.000000000000000e+00	10
24	1.000000000000000e+00	20
25	1.000000000000000e+00	12
26	1.000000000000000e+00	50
27	1.000000000000000e+00	8
28	1.000000000000000e+00	30
29	1.000000000000000e+00	14
30	1.000000000000000e+00	2
31	1.000000000000000e+00	10
32	1.000000000000000e+00	6
33	1.000000000000000e+00	10
34	1.000000000000000e+00	8
35	1.000000000000000e+00	28
36	1.000000000000000e+00	2
37	1.000000000000000e+00	10
38	1.000000000000000e+00	2
39	1.000000000000000e+00	6
40	1.000000000000000e+00	2
41	1.000000000000000e+00	6
42	1.000000000000000e+00	18
43	1.000000000000000e+00	10
44	1.000000000000000e+00	8
45	1.000000000000000e+00	30
46	1.000000000000000e+00	16
47	1.000000000000000e+00	2
48	1.000000000000000e+00	14
49	1.000000000000000e+00	34
50	1.000000000000000e+00	70
51	1.000000000000000e+00	26
52	1.000000000000000e+00	22
53	1.000000000000000e+00	6
54	1.000000000000000e+00	18
55	1.000000000000000e+00	2
56	1.000000000000000e+00	2
57	1.000000000000000e+00	2
58	1.000000000000000e+00	14
59	1.000000000000000e+00	20
60	1.000000000000000e+00	32
61	1.000000000000000e+00	2
62	1.000000000000000e+00	6
63	1.000000000000000e+00	18
64	1.000000000000000e+00	14
65	1.000000000000000e+00	16
66	1.000000000000000e+00	2
67	1.000000000000000e+00	4
68	1.000000000000000e+00	6
69	1.000000000000000e+00	20
70	1.000000000000000e+00	4
71	1.000000000000000e+00	16
72	1.000000000000000e+00	8
73	1.000000000000000e+00	4
74	1.000000000000000e+00	28
75	1.000000000000000e+00	8
76	1.000000000000000e+00	2
77	1.000000000000000e+00	14
78	1.000000000000000e+00	2
79	1.000000000000000e+00	10
80	1.000000000000000e+00	46
81	1.000000000000000e+00	12
82	1.000000000000000e+00	8
83	1.000000000000000e+00	34
84	1.000000000000000e+00	10
85	1.000000000000000e+00	8
86	1.000000000000000e+00	36
87	1.000000000000000e+00	2
88	1.000000000000000e+00	2
89	1.000000000000000e+00	4
90	1.000000000000000e+00	6
91	1.000000000000000e+00	2
92	1.000000000000000e+00	20
93	1.000000000000000e+00	6
94	1.000000000000000e+00	12
95	1.000000000000000e+00	6
96	1.000000000000000e+00	18
97	1.000000000000000e+00	6
98	1.000000000000000e+00	16
99	1.000000000000000e+00	10
100	1.000000000000000e+00	4
101	1.000000000000000e+00	4
102	1.000000000000000e+00	12
103	1.000000000000000e+00	6
104	1.000000000000000e+00	6
105	1.000000000000000e+00	28
106	1.000000000000000e+00	22
107	1.000000000000000e+00	18
108	1.000000000000000e+00	12
109	1.000000000000000e+00	4
110	1.000000000000000e+00	8
111	1.000000000000000e+00	12
112	1.000000000000000e+00	10
113	1.000000000000000e+00	18
114	1.000000000000000e+00	6
115	1.000000000000000e+00	2
116	1.000000000000000e+00	22
117	1.000000000000000e+00	8
118	1.000000000000000e+00	18
119	1.000000000000000e+00	4
120	1.000000000000000e+00	14
121	1.000000000000000e+00	20
122	1.000000000000000e+00	18
123	1.000000000000000e+00	2
124	1.000000000000000e+00	16
125	1.000000000000000e+00	10
126	1.000000000000000e+00	10
127	1.000000000000000e+00	10
128	1.000000000000000e+00	8
129	1.000000000000000e+00	12
130	1.000000000000000e+00	10
131	1.000000000000000e+00	8
132	1.000000000000000e+00	10
133	1.000000000000000e+00	8
134	1.000000000000000e+00	12
135	1.000000000000000e+00	20
136	1.000000000000000e+00	40
137	1.000000000000000e+00	44
138	1.000000000000000e+00	12
139	1.000000000000000e+00	14
140	1.000000000000000e+00	26
141	1.000000000000000e+00	6
142	1.000000000000000e+00	2
143	1.000000000000000e+00	10
144	1.000000000000000e+00	28
145	1.000000000000000e+00	2
146	1.000000000000000e+00	2
147	1.000000000000000e+00	36
148	1.000000000000000e+00	2
149	1.000000000000000e+00	12
150	1.000000000000000e+00	8
151	1.000000000000000e+00	18
152	1.000000000000000e+00	16
153	1.000000000000000e+00	28
154	1.000000000000000e+00	6
155	1.000000000000000e+00	10
156	1.000000000000000e+00	12
157	1.000000000000000e+00	6
158	1.000000000000000e+00	2
159	1.000000000000000e+00	18
160	1.000000000000000e+00	8
161	1.000000000000000e+00	12
162	1.000000000000000e+00	4
163	1.000000000000000e+00	10
164	1.000000000000000e+00	4
165	1.000000000000000e+00	14
166	1.000000000000000e+00	6
167	1.000000000000000e+00	24
168	1.000000000000000e+00	4
169	1.000000000000000e+00	16
170	1.000000000000000e+00	26
171	1.000000000000000e+00	14
172	1.000000000000000e+00	10
173	1.000000000000000e+00	4
174	1.000000000000000e+00	4
175	1.000000000000000e+00	12
176	1.000000000000000e+00	26
177	1.000000000000000e+00	2
178	1.000000000000000e+00	10
179	1.000000000000000e+00	8
180	1.000000000000000e+00	10
181	1.000000000000000e+00	6
182	1.000000000000000e+00	4
183	1.000000000000000e+00	4
184	1.000000000000000e+00	20
185	1.000000000000000e+00	32
186	1.000000000000000e+00	6
187	1.000000000000000e+00	4
188	1.000000000000000e+00	2
189	1.000000000000000e+00	26
190	1.000000000000000e+00	6
191	1.000000000000000e+00	18
192	1.000000000000000e+00	6
193	1.000000000000000e+00	10
194	1.000000000000000e+00	4
195	1.000000000000000e+00	14
196	1.000000000000000e+00	6
197	1.000000000000000e+00	14
198	1.000000000000000e+00	4
199	1.000000000000000e+00	2
200	1.000000000000000e+00	10
201	1.000000000000000e+00	14
202	1.000000000000000e+00	4
203	1.000000000000000e+00	14
204	1.000000000000000e+00	22
205	1.000000000000000e+00	28
206	1.000000000000000e+00	4
207	1.000000000000000e+00	10
208	1.000000000000000e+00	6
209	1.000000000000000e+00	4
210	1.000000000000000e+00	6
211	1.000000000000000e+00	22
212	1.000000000000000e+00	16
213	1.000000000000000e+00	10
214	1.000000000000000e+00	4
215	1.000000000000000e+00	4
216	1.000000000000000e+00	42
217	1.000000000000000e+00	4
218	1.000000000000000e+00	6
219	1.000000000000000e+00	22
220	1.000000000000000e+00	10
221	1.000000000000000e+00	14
222	1.000000000000000e+00	10
223	1.000000000000000e+00	10
224	1.000000000000000e+00	20
225	1.000000000000000e+00	14
226	1.000000000000000e+00	2
227	1.000000000000000e+00	14
228	1.000000000000000e+00	4
229	1.000000000000000e+00	10
230	1.000000000000000e+00	14
231	1.000000000000000e+00	8
232	1.000000000000000e+00	4
233	1.000000000000000e+00	2
234	1.000000000000000e+00	24
235	1.000000000000000e+00	36
236	1.000000000000000e+00	70
237	1.000000000000000e+00	8
238	1.000000000000000e+00	6
239	1.000000000000000e+00	24
240	1.000000000000000e+00	2
241	1.000000000000000e+00	8
242	1.000000000000000e+00	4
243	1.000000000000000e+00	4
244	1.000000000000000e+00	8
245	1.000000000000000e+00	2
246	1.000000000000000e+00	16
247	1.000000000000000e+00	4
248	1.000000000000000e+00	4
249	1.000000000000000e+00	8
250	1.000000000000000e+00	6
251	1.000000000000000e+00	8
252	1.000000000000000e+00	26
253	1.000000000000000e+00	42
254	1.000000000000000e+00	20
255	1.000000000000000e+00	28
256	1.000000000000000e+00	8
257	1.000000000000000e+00	28
258	1.000000000000000e+00	2
259	1.000000000000000e+00	10
260	1.000000000000000e+00	32
261	1.000000000000000e+00	12
262	1.000000000000000e+00	12
263	1.000000000000000e+00	6
264	1.000000000000000e+00	8
265	1.000000000000000e+00	8
266	1.000000000000000e+00	4
267	1.000000000000000e+00	12
268	1.000000000000000e+00	10
269	1.000000000000000e+00	2
270	1.000000000000000e+00	6
271	1.000000000000000e+00	6
272	1.000000000000000e+00	12
273	1.000000000000000e+00	6
274	1.000000000000000e+00	12
275	1.000000000000000e+00	2
276	1.000000000000000e+00	4
277	1.000000000000000e+00	22
278	1.000000000000000e+00	16
279	1.000000000000000e+00	24
280	1.000000000000000e+00	14
281	1.000000000000000e+00	24
282	1.000000000000000e+00	26
283	1.000000000000000e+00	18
284	1.000000000000000e+00	8
285	1.000000000000000e+00	10
286	1.000000000000000e+00	12
287	1.000000000000000e+00	4
288	1.000000000000000e+00	6
289	1.000000000000000e+00	8
290	1.000000000000000e+00	12
291	1.000000000000000e+00	12
292	1.000000000000000e+00	6
293	1.000000000000000e+00	8
294	1.000000000000000e+00	12
295	1.000000000000000e+00	16
296	1.000000000000000e+00	26
297	1.000000000000000e+00	16
298	1.000000000000000e+00	14
299	1.000000000000000e+00	6
300	1.000000000000000e+00	4
301	1.000000000000000e+00	6
302	1.000000000000000e+00	4
303	1.000000000000000e+00	2
304	1.000000000000000e+00	16
305	1.000000000000000e+00	2
306	1.000000000000000e+00	6
307	1.000000000000000e+00	4
308	1.000000000000000e+00	24
309	1.000000000000000e+00	2
310	1.000000000000000e+00	12
311	1.000000000000000e+00	6
312	1.000000000000000e+00	14
313	1.000000000000000e+00	8
314	1.000000000000000e+00	4
315	1.000000000000000e+00	6
316	1.000000000000000e+00	14
317	1.000000000000000e+00	14
318	1.000000000000000e+00	4
319	1.000000000000000e+00	4
320	1.000000000000000e+00	6
321	1.000000000000000e+00	26
322	1.000000000000000e+00	4
323	1.000000000000000e+00	18
324	1.000000000000000e+00	6
325	1.000000000000000e+00	26
326	1.000000000000000e+00	2
327	1.000000000000000e+00	2
328	1.000000000000000e+00	6
329	1.000000000000000e+00	22
330	1.000000000000000e+00	10
331	1.000000000000000e+00	18
332	1.000000000000000e+00	2
333	1.000000000000000e+00	6
334	1.000000000000000e+00	10
335	1.000000000000000e+00	2
336	1.000000000000000e+00	4
337	1.000000000000000e+00	14
338	1.000000000000000e+00	2
339	1.000000000000000e+00	2
340	1.000000000000000e+00	6
341	1.000000000000000e+00	14
342	1.000000000000000e+00	22
343	1.000000000000000e+00	10
344	1.000000000000000e+00	10
345	1.000000000000000e+00	52
346	1.000000000000000e+00	10
347	1.000000000000000e+00	16
348	1.000000000000000e+00	2
349	1.000000000000000e+00	2
350	1.000000000000000e+00	28
351	1.000000000000000e+00	8
352	1.000000000000000e+00	10
353	1.000000000000000e+00	4
354	1.000000000000000e+00	8
355	1.000000000000000e+00	2
356	1.000000000000000e+00	2
357	1.000000000000000e+00	2
358	1.000000000000000e+00	16
359	1.000000000000000e+00	18
360	1.000000000000000e+00	32
361	1.000000000000000e+00	30
362	1.000000000000000e+00	8
363	1.000000000000000e+00	8
364	1.000000000000000e+00	8
365	1.000000000000000e+00	10
366	1.000000000000000e+00	18
367	1.000000000000000e+00	4
368	1.000000000000000e+00	12
369	1.000000000000000e+00	12
370	1.000000000000000e+00	4
371	1.000000000000000e+00	4
372	1.000000000000000e+00	18
373	1.000000000000000e+00	4
374	1.000000000000000e+00	24
375	1.000000000000000e+00	20
376	1.000000000000000e+00	4
377	1.000000000000000e+00	2
378	1.000000000000000e+00	12
379	1.000000000000000e+00	20
380	1.000000000000000e+00	16
381	1.000000000000000e+00	2
382	1.000000000000000e+00	8
383	1.000000000000000e+00	2
384	1.000000000000000e+00	6
385	1.000000000000000e+00	6
386	1.000000000000000e+00	12
387	1.000000000000000e+00	26
388	1.000000000000000e+00	26
389	1.000000000000000e+00	10
390	1.000000000000000e+00	8
391	1.000000000000000e+00	8
392	1.000000000000000e+00	12
393	1.000000000000000e+00	24
394	1.000000000000000e+00	4
395	1.000000000000000e+00	14
396	1.000000000000000e+00	2
397	1.000000000000000e+00	6
398	1.000000000000000e+00	2
399	1.000000000000000e+00	32
400	1.000000000000000e+00	2
401	1.000000000000000e+00	62
402	1.000000000000000e+00	12
403	1.000000000000000e+00	2
404	1.000000000000000e+00	16
405	1.000000000000000e+00	2
406	1.000000000000000e+00	6
407	1.000000000000000e+00	46
408	1.000000000000000e+00	18
409	1.000000000000000e+00	20
410	1.000000000000000e+00	4
411	1.000000000000000e+00	8
412	1.000000000000000e+00	4
413	1.000000000000000e+00	2
414	1.000000000000000e+00	4
415	1.000000000000000e+00	10
416	1.000000000000000e+00	8
417	1.000000000000000e+00	10
418	1.000000000000000e+00	14
419	1.000000000000000e+00	24
420	1.000000000000000e+00	8
421	1.000000000000000e+00	2
422	1.000000000000000e+00	4
423	1.000000000000000e+00	6
424	1.000000000000000e+00	6
425	1.000000000000000e+00	10
426	1.000000000000000e+00	18
427	1.000000000000000e+00	6
428	1.000000000000000e+00	20
429	1.000000000000000e+00	4
430	1.000000000000000e+00	4
431	1.000000000000000e+00	12
432	1.000000000000000e+00	4
433	1.000000000000000e+00	24
434	1.000000000000000e+00	10
435	1.000000000000000e+00	6
436	1.000000000000000e+00	8
437	1.000000000000000e+00	4
438	1.000000000000000e+00	16
439	1.000000000000000e+00	88
440	1.000000000000000e+00	14
441	1.000000000000000e+00	2
442	1.000000000000000e+00	14
443	1.000000000000000e+00	10
444	1.000000000000000e+00	4
445	1.000000000000000e+00	18
446	1.000000000000000e+00	4
447	1.000000000000000e+00	8
448	1.000000000000000e+00	4
449	1.000000000000000e+00	6
450	1.000000000000000e+00	4
451	1.000000000000000e+00	10
452	1.000000000000000e+00	26
453	1.000000000000000e+00	6
454	1.000000000000000e+00	20
455	1.000000000000000e+00	2
456	1.000000000000000e+00	10
457	1.000000000000000e+00	2
458	1.000000000000000e+00	4
459	1.000000000000000e+00	30
460	1.000000000000000e+00	4
461	1.000000000000000e+00	4
462	1.000000000000000e+00	10
463	1.000000000000000e+00	48
464	1.000000000000000e+00	8
465	1.000000000000000e+00	8
466	1.000000000000000e+00	4
467	1.000000000000000e+00	16
468	1.000000000000000e+00	36
469	1.000000000000000e+00	10
470	1.000000000000000e+00	20
471	1.000000000000000e+00	6
472	1.000000000000000e+00	12
473	1.000000000000000e+00	2
474	1.000000000000000e+00	4
475	1.000000000000000e+00	8
476	1.000000000000000e+00	22
477	1.000000000000000e+00	8
478	1.000000000000000e+00	4
479	1.000000000000000e+00	14
480	1.000000000000000e+00	2
481	1.000000000000000e+00	2
482	1.000000000000000e+00	12
483	1.000000000000000e+00	28
484	1.000000000000000e+00	14
485	1.000000000000000e+00	20
486	1.000000000000000e+00	8
487	1.000000000000000e+00	2
488	1.000000000000000e+00	4
489	1.000000000000000e+00	64
490	1.000000000000000e+00	8
491	9.499981890974840e-01	290
492	9.000023026430344e-01	280
493	8.500050847466807e-01	268
494	8.000061958821929e-01	304
495	7.500047295241855e-01	264
496	7.000153891864955e-01	308
497	6.500181588607427e-01	284
498	6.000183165260639e-01	222
499	5.500148270085087e-01	304
500	5.000226142708314e-01	316
501	5.500313464464760e-01	294
502	6.000361500981818e-01	264
503	6.500316582958295e-01	270
504	7.000422732459979e-01	282
505	7.500369553160010e-01	304
506	8.000304354382001e-01	358
507	8.500336217529916e-01	208
508	9.000313539767428e-01	262
509	9.500493824699706e-01	246
510	9.000452762076744e-01	272
511	8.500434670674446e-01	236
512	8.000501463541480e-01	284
513	7.500510197924355e-01	184
514	8.000396996998560e-01	300
515	8.500402973716773e-01	306
516	9.000543827625949e-01	220
517	9.500756360096784e-01	234
518	1.000000000000000e+00	1000
519	1.000000000000000e+00	10
520	1.000000000000000e+00	22
521	1.000000000000000e+00	12
522	1.000000000000000e+00	4
523	1.000000000000000e+00	20
524	1.000000000000000e+00	14
525	1.000000000000000e+00	10
526	1.000000000000000e+00	12
527	1.000000000000000e+00	2
528	1.000000000000000e+00	16
529	1.000000000000000e+00	2
530	1.000000000000000e+00	26
531	1.000000000000000e+00	12
532	1.000000000000000e+00	10
533	1.000000000000000e+00	40
534	1.000000000000000e+00	16
535	1.000000000000000e+00	8
536	1.000000000000000e+00	28
537	1.000000000000000e+00	24
538	1.000000000000000e+00	44
539	1.000000000000000e+00	34
540	1.000000000000000e+00	2
541	1.000000000000000e+00	52
542	1.000000000000000e+00	2
543	1.000000000000000e+00	4
544	1.000000000000000e+00	16
545	1.000000000000000e+00	14
546	1.000000000000000e+00	6
547	1.000000000000000e+00	32
548	1.000000000000000e+00	12
549	1.000000000000000e+00	2
550	1.000000000000000e+00	6
551	1.000000000000000e+00	10
552	1.000000000000000e+00	10
553	1.000000000000000e+00	28
554	1.000000000000000e+00	18
555	1.000000000000000e+00	2
556	1.000000000000000e+00	12
557	1.000000000000000e+00	4
558	1.000000000000000e+00	6
559	1.000000000000000e+00	12
560	1.000000000000000e+00	6
561	1.000000000000000e+00	12
562	1.000000000000000e+00	2
563	1.000000000000000e+00	6
564	1.000000000000000e+00	10
565	1.000000000000000e+00	2
566	1.000000000000000e+00	4
567	1.000000000000000e+00	24
568	1.000000000000000e+00	18
569	1.000000000000000e+00	6
570	1.000000000000000e+00	8
571	1.000000000000000e+00	2
572	1.000000000000000e+00	6
573	1.000000000000000e+00	2
574	1.000000000000000e+00	30
575	1.000000000000000e+00	12
576	1.000000000000000e+00	6
577	1.000000000000000e+00	14
578	1.000000000000000e+00	26
579	1.000000000000000e+00	6
580	1.000000000000000e+00	28
581	1.000000000000000e+00	4
582	1.000000000000000e+00	2
583	1.000000000000000e+00	6
584	1.000000000000000e+00	12
585	1.000000000000000e+00	12
586	1.000000000000000e+00	12
587	1.000000000000000e+00	4
588	1.000000000000000e+00	4
589	1.000000000000000e+00	36
590	1.000000000000000e+00	2
591	1.000000000000000e+00	2
592	1.000000000000000e+00	8
593	1.000000000000000e+00	24
594	1.000000000000000e+00	2
595	1.000000000000000e+00	24
596	1.000000000000000e+00	12
597	1.000000000000000e+00	6
598	1.000000000000000e+00	46
599	1.000000000000000e+00	16
600	1.000000000000000e+00	2
601	1.000000000000000e+00	2
602	1.000000000000000e+00	12
603	1.000000000000000e+00	2
604	1.000000000000000e+00	16
605	1.000000000000000e+00	16
606	1.000000000000000e+00	2
607	1.000000000000000e+00	2
608	1.000000000000000e+00	12
609	1.000000000000000e+00	16
610	1.000000000000000e+00	6
611	1.000000000000000e+00	18
612	1.000000000000000e+00	14
613	1.000000000000000e+00	12
614	1.000000000000000e+00	2
615	1.000000000000000e+00	8
616	1.000000000000000e+00	16
617	1.000000000000000e+00	2
618	1.000000000000000e+00	2
619	1.000000000000000e+00	4
620	1.000000000000000e+00	2
621	1.000000000000000e+00	10
622	1.000000000000000e+00	12
623	1.000000000000000e+00	44
624	1.000000000000000e+00	8
625	1.000000000000000e+00	28
626	1.000000000000000e+00	36
627	1.000000000000000e+00	6
628	1.000000000000000e+00	14
629	1.000000000000000e+00	8
630	1.000000000000000e+00	8
631	1.000000000000000e+00	2
632	1.000000000000000e+00	28
633	1.000000000000000e+00	6
634	1.000000000000000e+00	20
635	1.000000000000000e+00	6
636	1.000000000000000e+00	14
637	1.000000000000000e+00	16
638	1.000000000000000e+00	12
639	1.000000000000000e+00	2
640	1.000000000000000e+00	14
641	1.000000000000000e+00	2
642	1.000000000000000e+00	8
643	1.000000000000000e+00	24
644	1.000000000000000e+00	8
645	1.000000000000000e+00	18
646	1.000000000000000e+00	14
647	1.000000000000000e+00	32
648	1.000000000000000e+00	8
649	1.000000000000000e+00	12
650	1.000000000000000e+00	2
651	1.000000000000000e+00	12
652	1.000000000000000e+00	16
653	1.000000000000000e+00	4
654	1.000000000000000e+00	10
655	1.000000000000000e+00	18
656	1.000000000000000e+00	10
657	1.000000000000000e+00	22
658	1.000000000000000e+00	4
659	1.000000000000000e+00	36
660	1.000000000000000e+00	2
661	1.000000000000000e+00	4
662	1.000000000000000e+00	12
663	1.000000000000000e+00	8
664	1.000000000000000e+00	8
665	1.000000000000000e+00	14
666	1.000000000000000e+00	8
667	1.000000000000000e+00	6
668	1.000000000000000e+00	40
669	1.000000000000000e+00	10
670	1.000000000000000e+00	12
671	1.000000000000000e+00	14
672	1.000000000000000e+00	6
673	1.000000000000000e+00	2
674	1.000000000000000e+00	4
675	1.000000000000000e+00	4
676	1.000000000000000e+00	38
677	1.000000000000000e+00	14
678	1.000000000000000e+00	26
679	1.000000000000000e+00	22
680	1.000000000000000e+00	34
681	1.000000000000000e+00	2
682	1.000000000000000e+00	2
683	1.000000000000000e+00	12
684	1.000000000000000e+00	12
685	1.000000000000000e+00	8
686	1.000000000000000e+00	8
687	1.000000000000000e+00	6
688	1.000000000000000e+00	8
689	1.000000000000000e+00	2
690	1.000000000000000e+00	8
691	1.000000000000000e+00	18
692	1.000000000000000e+00	2
693	1.000000000000000e+00	22
694	1.000000000000000e+00	8
695	1.000000000000000e+00	14
696	1.000000000000000e+00	2
697	1.000000000000000e+00	12
698	1.000000000000000e+00	14
699	1.000000000000000e+00	18
700	1.000000000000000e+00	2
701	1.000000000000000e+00	8
702	1.000000000000000e+00	8
703	1.000000000000000e+00	14
704	1.000000000000000e+00	14
705	1.000000000000000e+00	12
706	1.000000000000000e+00	20
707	1.000000000000000e+00	26
708	1.000000000000000e+00	16
709	1.000000000000000e+00	6
710	1.000000000000000e+00	2
711	1.000000000000000e+00	6
712	1.000000000000000e+00	10
713	1.000000000000000e+00	10
714	1.000000000000000e+00	16
715	1.000000000000000e+00	20
716	1.000000000000000e+00	12
717	1.000000000000000e+00	4
718	1.000000000000000e+00	8
719	1.000000000000000e+00	6
720	1.000000000000000e+00	26
721	1.000000000000000e+00	6
722	1.000000000000000e+00	6
723	1.000000000000000e+00	20
724	1.000000000000000e+00	2
725	1.000000000000000e+00	2
726	1.000000000000000e+00	10
727	1.000000000000000e+00	6
728	1.000000000000000e+00	26
729	1.000000000000000e+00	4
730	1.000000000000000e+00	18
731	1.000000000000000e+00	12
732	1.000000000000000e+00	4
733	1.000000000000000e+00	8
734	1.000000000000000e+00	4
735	1.000000000000000e+00	30
736	1.000000000000000e+00	12
737	1.000000000000000e+00	16
738	1.000000000000000e+00	4
739	1.000000000000000e+00	12
740	1.000000000000000e+00	6
741	1.000000000000000e+00	2
742	1.000000000000000e+00	6
743	1.000000000000000e+00	8
744	1.000000000000000e+00	2
745	1.000000000000000e+00	2
746	1.000000000000000e+00	2
747	1.000000000000000e+00	2
748	1.000000000000000e+00	4
749	1.000000000000000e+00	8
750	1.000000000000000e+00	10
751	1.000000000000000e+00	18
752	1.000000000000000e+00	4
753	1.000000000000000e+00	2
754	1.000000000000000e+00	18
755	1.000000000000000e+00	4
756	1.000000000000000e+00	4
757	1.000000000000000e+00	18
758	1.000000000000000e+00	24
759	1.000000000000000e+00	14
760	1.000000000000000e+00	18
761	1.000000000000000e+00	12
762	1.000000000000000e+00	2
763	1.000000000000000e+00	4
764	1.000000000000000e+00	12
765	1.000000000000000e+00	6
766	1.000000000000000e+00	8
767	1.000000000000000e+00	2
768	1.000000000000000e+00	30
769	1.000000000000000e+00	16
770	1.000000000000000e+00	18
771	1.000000000000000e+00	6
772	1.000000000000000e+00	6
773	1.000000000000000e+00	34
774	1.000000000000000e+00	14
775	1.000000000000000e+00	4
776	1.000000000000000e+00	4
777	1.000000000000000e+00	8
778	1.000000000000000e+00	20
779	1.000000000000000e+00	18
780	1.000000000000000e+00	30
781	1.000000000000000e+00	12
782	1.000000000000000e+00	12
783	1.000000000000000e+00	8
784	1.000000000000000e+00	10
785	1.000000000000000e+00	20
786	1.000000000000000e+00	10
787	1.000000000000000e+00	16
788	1.000000000000000e+00	14
789	1.000000000000000e+00	6
790	1.000000000000000e+00	26
791	1.000000000000000e+00	22
792	1.000000000000000e+00	8
793	1.000000000000000e+00	16
794	1.000000000000000e+00	12
795	1.000000000000000e+00	26
796	1.000000000000000e+00	16
797	1.000000000000000e+00	30
798	1.000000000000000e+00	8
799	1.000000000000000e+00	20
800	1.000000000000000e+00	8
801	1.000000000000000e+00	16
802	1.000000000000000e+00	26
803	1.000000000000000e+00	2
804	1.000000000000000e+00	16
805	1.000000000000000e+00	4
806	1.000000000000000e+00	16
807	1.000000000000000e+00	16
808	1.000000000000000e+00	34
809	1.000000000000000e+00	14
810	1.000000000000000e+00	6
811	1.000000000000000e+00	12
812	1.000000000000000e+00	6
813	1.000000000000000e+00	10
814	1.000000000000000e+00	22
815	1.000000000000000e+00	8
816	1.000000000000000e+00	4
817	1.000000000000000e+00	6
818	1.000000000000000e+00	24
819	1.000000000000000e+00	14
820	1.000000000000000e+00	20
821	1.000000000000000e+00	14
822	1.000000000000000e+00	28
823	1.000000000000000e+00	4
824	1.000000000000000e+00	16
825	1.000000000000000e+00	20
826	1.000000000000000e+00	6
827	1.000000000000000e+00	14
828	1.000000000000000e+00	2
829	1.000000000000000e+00	2
830	1.000000000000000e+00	6
831	1.000000000000000e+00	12
832	1.000000000000000e+00	24
833	1.000000000000000e+00	16
834	1.000000000000000e+00	28
835	1.000000000000000e+00	2
836	1.000000000000000e+00	2
837	1.000000000000000e+00	14
838	1.000000000000000e+00	10
839	1.000000000000000e+00	16
840	1.000000000000000e+00	2
841	1.000000000000000e+00	22
842	1.000000000000000e+00	36
843	1.000000000000000e+00	20
844	1.000000000000000e+00	2
845	1.000000000000000e+00	6
846	1.000000000000000e+00	14
847	1.000000000000000e+00	38
848	1.000000000000000e+00	4
849	1.000000000000000e+00	8
850	1.000000000000000e+00	6
851	1.000000000000000e+00	10
852	1.000000000000000e+00	28
853	1.000000000000000e+00	10
854	1.000000000000000e+00	22
855	1.000000000000000e+00	10
856	1.000000000000000e+00	2
857	1.000000000000000e+00	44
858	1.000000000000000e+00	36
859	1.000000000000000e+00	6
860	1.000000000000000e+00	8
861	1.000000000000000e+00	4
862	1.000000000000000e+00	36
863	1.000000000000000e+00	22
864	1.000000000000000e+00	4
865	1.000000000000000e+00	2
866	1.000000000000000e+00	12
867	1.000000000000000e+00	6
868	1.000000000000000e+00	4
869	1.000000000000000e+00	28
870	1.000000000000000e+00	6
871	1.000000000000000e+00	12
872	1.000000000000000e+00	4
873	1.000000000000000e+00	12
874	1.000000000000000e+00	2
875	1.000000000000000e+00	4
876	1.000000000000000e+00	6
877	1.000000000000000e+00	6
878	1.000000000000000e+00	8
879	1.000000000000000e+00	20
880	1.000000000000000e+00	6
881	1.000000000000000e+00	2
882	1.000000000000000e+00	6
883	1.000000000000000e+00	42
884	1.000000000000000e+00	10
885	1.000000000000000e+00	6
886	1.000000000000000e+00	6
887	1.000000000000000e+00	14
888	1.000000000000000e+00	4
889	1.000000000000000e+00	2
890	1.000000000000000e+00	6
891	1.000000000000000e+00	16
892	1.000000000000000e+00	4
893	1.000000000000000e+00	2
894	1.000000000000000e+00	14
895	1.000000000000000e+00	6
896	1.000000000000000e+00	4
897	1.000000000000000e+00	4
898	1.000000000000000e+00	14
899	1.000000000000000e+00	10
900	1.000000000000000e+00	16
901	1.000000000000000e+00	14
902	1.000000000000000e+00	6
903	1.000000000000000e+00	16
904	1.000000000000000e+00	2
905	1.000000000000000e+00	40
906	1.000000000000000e+00	4
907	1.000000000000000e+00	4
908	1.000000000000000e+00	20
909	1.000000000000000e+00	16
910	1.000000000000000e+00	2
911	1.000000000000000e+00	14
912	1.000000000000000e+00	24
913	1.000000000000000e+00	20
914	1.000000000000000e+00	12
915	1.000000000000000e+00	6
916	1.000000000000000e+00	2
917	1.000000000000000e+00	2
918	1.000000000000000e+00	18
919	1.000000000000000e+00	16
920	1.000000000000000e+00	2
921	1.000000000000000e+00	28
922	1.000000000000000e+00	10
923	1.000000000000000e+00	6
924	1.000000000000000e+00	2
925	1.000000000000000e+00	8
926	1.000000000000000e+00	24
927	1.000000000000000e+00	8
928	1.000000000000000e+00	12
929	1.000000000000000e+00	22
930	1.000000000000000e+00	2
931	1.000000000000000e+00	6
932	1.000000000000000e+00	4
933	1.000000000000000e+00	4
934	1.000000000000000e+00	12
935	1.000000000000000e+00	8
936	1.000000000000000e+00	16
937	1.000000000000000e+00	2
938	1.000000000000000e+00	4
939	1.000000000000000e+00	16
940	1.000000000000000e+00	28
941	1.000000000000000e+00	46
942	1.000000000000000e+00	14
943	1.000000000000000e+00	2
944	1.000000000000000e+00	2
945	1.000000000000000e+00	4
946	1.000000000000000e+00	6
947	1.000000000000000e+00	16
948	1.000000000000000e+00	6
949	1.000000000000000e+00	10
950	1.000000000000000e+00	6
951	1.000000000000000e+00	14
952	1.000000000000000e+00	10
953	1.000000000000000e+00	2
954	1.000000000000000e+00	18
955	1.000000000000000e+00	8
956	1.000000000000000e+00	34
957	1.000000000000000e+00	6
958	1.000000000000000e+00	34
959	1.000000000000000e+00	30
960	1.000000000000000e+00	10
961	1.000000000000000e+00	2
962	1.000000000000000e+00	4
963	1.000000000000000e+00	2
964	1.000000000000000e+00	6
965	1.000000000000000e+00	4
966	1.000000000000000e+00	28
967	1.000000000000000e+00	2
968	1.000000000000000e+00	4
969	1.000000000000000e+00	16
970	1.000000000000000e+00	12
971	1.000000000000000e+00	8
972	1.000000000000000e+00	26
973	1.000000000000000e+00	4
974	1.000000000000000e+00	8
975	1.000000000000000e+00	44
976	1.000000000000000e+00	6
977	1.000000000000000e+00	4
978	1.000000000000000e+00	4
979	1.000000000000000e+00	2
980	1.000000000000000e+00	2
981	1.000000000000000e+00	36
982	1.000000000000000e+00	6
983	1.000000000000000e+00	4
984	1.000000000000000e+00	2
985	1.000000000000000e+00	2
986	1.000000000000000e+00	2
987	1.000000000000000e+00	16
988	1.000000000000000e+00	14
989	1.000000000000000e+00	10
990	1.000000000000000e+00	10
991	1.000000000000000e+00	20
992	1.000000000000000e+00	24
993	1.000000000000000e+00	20
994	1.000000000000000e+00	2
995	1.000000000000000e+00	8
996	1.000000000000000e+00	2
997	1.000000000000000e+00	4
998	1.000000000000000e+00	10
999	1.000000000000000e+00	26
1000	1.000000000000000e+00	14


Tempo gasto: 6.741846
