Método usado: LUUS JAAKOLA

POSIÇÃO	ÁREA(mm²)	CUSTO

1	1.000000000000000e+00	6
2	1.000000000000000e+00	8
3	1.000000000000000e+00	4
4	1.000000000000000e+00	6
5	1.000000000000000e+00	8
6	1.000000000000000e+00	12
7	1.000000000000000e+00	10
8	1.000000000000000e+00	16
9	1.000000000000000e+00	2
10	1.000000000000000e+00	8
11	1.000000000000000e+00	12
12	1.000000000000000e+00	2
13	1.000000000000000e+00	4
14	1.000000000000000e+00	8
15	1.000000000000000e+00	8
16	1.000000000000000e+00	38
17	1.000000000000000e+00	4
18	1.000000000000000e+00	4
19	1.000000000000000e+00	14
20	1.000000000000000e+00	14
21	1.000000000000000e+00	8
22	1.000000000000000e+00	14
23	1.000000000000000e+00	2
24	1.000000000000000e+00	26
25	1.000000000000000e+00	12
26	1.000000000000000e+00	10
27	1.000000000000000e+00	4
28	1.000000000000000e+00	6
29	1.000000000000000e+00	20
30	1.000000000000000e+00	16
31	1.000000000000000e+00	12
32	1.000000000000000e+00	28
33	1.000000000000000e+00	10
34	1.000000000000000e+00	4
35	1.000000000000000e+00	10
36	1.000000000000000e+00	6
37	1.000000000000000e+00	24
38	1.000000000000000e+00	2
39	1.000000000000000e+00	4
40	1.000000000000000e+00	2
41	1.000000000000000e+00	10
42	1.000000000000000e+00	4
43	1.000000000000000e+00	4
44	1.000000000000000e+00	18
45	1.000000000000000e+00	16
46	1.000000000000000e+00	16
47	1.000000000000000e+00	4
48	1.000000000000000e+00	2
49	1.000000000000000e+00	8
50	1.000000000000000e+00	4
51	1.000000000000000e+00	24
52	1.000000000000000e+00	16
53	1.000000000000000e+00	32
54	1.000000000000000e+00	20
55	1.000000000000000e+00	16
56	1.000000000000000e+00	4
57	1.000000000000000e+00	8
58	1.000000000000000e+00	4
59	1.000000000000000e+00	14
60	1.000000000000000e+00	4
61	1.000000000000000e+00	12
62	1.000000000000000e+00	18
63	1.000000000000000e+00	14
64	1.000000000000000e+00	8
65	1.000000000000000e+00	12
66	1.000000000000000e+00	12
67	1.000000000000000e+00	12
68	1.000000000000000e+00	16
69	1.000000000000000e+00	22
70	1.000000000000000e+00	2
71	1.000000000000000e+00	10
72	1.000000000000000e+00	16
73	1.000000000000000e+00	6
74	1.000000000000000e+00	16
75	1.000000000000000e+00	12
76	1.000000000000000e+00	8
77	1.000000000000000e+00	2
78	1.000000000000000e+00	6
79	1.000000000000000e+00	16
80	1.000000000000000e+00	2
81	1.000000000000000e+00	2
82	1.000000000000000e+00	8
83	1.000000000000000e+00	6
84	1.000000000000000e+00	10
85	1.000000000000000e+00	6
86	1.000000000000000e+00	20
87	1.000000000000000e+00	8
88	1.000000000000000e+00	10
89	1.000000000000000e+00	10
90	1.000000000000000e+00	6
91	1.000000000000000e+00	20
92	1.000000000000000e+00	2
93	1.000000000000000e+00	12
94	1.000000000000000e+00	6
95	1.000000000000000e+00	2
96	1.000000000000000e+00	22
97	1.000000000000000e+00	16
98	1.000000000000000e+00	20
99	1.000000000000000e+00	2
100	1.000000000000000e+00	16
101	1.000000000000000e+00	10
102	1.000000000000000e+00	8
103	1.000000000000000e+00	6
104	1.000000000000000e+00	20
105	1.000000000000000e+00	12
106	1.000000000000000e+00	4
107	1.000000000000000e+00	10
108	1.000000000000000e+00	6
109	1.000000000000000e+00	2
110	1.000000000000000e+00	10
111	1.000000000000000e+00	12
112	1.000000000000000e+00	2
113	1.000000000000000e+00	26
114	1.000000000000000e+00	30
115	1.000000000000000e+00	24
116	1.000000000000000e+00	6
117	1.000000000000000e+00	2
118	1.000000000000000e+00	26
119	1.000000000000000e+00	4
120	1.000000000000000e+00	12
121	1.000000000000000e+00	6
122	1.000000000000000e+00	20
123	1.000000000000000e+00	36
124	1.000000000000000e+00	22
125	1.000000000000000e+00	20
126	1.000000000000000e+00	18
127	1.000000000000000e+00	10
128	1.000000000000000e+00	16
129	1.000000000000000e+00	2
130	1.000000000000000e+00	8
131	1.000000000000000e+00	40
132	1.000000000000000e+00	24
133	1.000000000000000e+00	4
134	1.000000000000000e+00	16
135	1.000000000000000e+00	6
136	1.000000000000000e+00	10
137	1.000000000000000e+00	4
138	1.000000000000000e+00	4
139	1.000000000000000e+00	22
140	1.000000000000000e+00	10
141	1.000000000000000e+00	2
142	1.000000000000000e+00	16
143	1.000000000000000e+00	8
144	1.000000000000000e+00	22
145	1.000000000000000e+00	2
146	1.000000000000000e+00	4
147	1.000000000000000e+00	8
148	1.000000000000000e+00	12
149	1.000000000000000e+00	14
150	1.000000000000000e+00	4
151	1.000000000000000e+00	16
152	1.000000000000000e+00	10
153	1.000000000000000e+00	10
154	1.000000000000000e+00	6
155	1.000000000000000e+00	2
156	1.000000000000000e+00	2
157	1.000000000000000e+00	2
158	1.000000000000000e+00	48
159	1.000000000000000e+00	2
160	1.000000000000000e+00	8
161	1.000000000000000e+00	12
162	1.000000000000000e+00	10
163	1.000000000000000e+00	18
164	1.000000000000000e+00	2
165	1.000000000000000e+00	6
166	1.000000000000000e+00	4
167	1.000000000000000e+00	30
168	1.000000000000000e+00	12
169	1.000000000000000e+00	14
170	1.000000000000000e+00	14
171	1.000000000000000e+00	18
172	1.000000000000000e+00	12
173	1.000000000000000e+00	18
174	1.000000000000000e+00	2
175	1.000000000000000e+00	24
176	1.000000000000000e+00	14
177	1.000000000000000e+00	12
178	1.000000000000000e+00	10
179	1.000000000000000e+00	24
180	1.000000000000000e+00	4
181	1.000000000000000e+00	18
182	1.000000000000000e+00	8
183	1.000000000000000e+00	4
184	1.000000000000000e+00	14
185	1.000000000000000e+00	2
186	1.000000000000000e+00	2
187	1.000000000000000e+00	4
188	1.000000000000000e+00	8
189	1.000000000000000e+00	4
190	1.000000000000000e+00	12
191	1.000000000000000e+00	46
192	1.000000000000000e+00	4
193	1.000000000000000e+00	8
194	1.000000000000000e+00	2
195	1.000000000000000e+00	24
196	1.000000000000000e+00	2
197	1.000000000000000e+00	28
198	1.000000000000000e+00	30
199	1.000000000000000e+00	14
200	1.000000000000000e+00	14
201	1.000000000000000e+00	10
202	1.000000000000000e+00	2
203	1.000000000000000e+00	6
204	1.000000000000000e+00	14
205	1.000000000000000e+00	8
206	1.000000000000000e+00	14
207	1.000000000000000e+00	10
208	1.000000000000000e+00	12
209	1.000000000000000e+00	2
210	1.000000000000000e+00	6
211	1.000000000000000e+00	4
212	1.000000000000000e+00	30
213	1.000000000000000e+00	20
214	1.000000000000000e+00	18
215	1.000000000000000e+00	12
216	1.000000000000000e+00	4
217	1.000000000000000e+00	14
218	1.000000000000000e+00	2
219	1.000000000000000e+00	2
220	1.000000000000000e+00	4
221	1.000000000000000e+00	2
222	1.000000000000000e+00	12
223	1.000000000000000e+00	12
224	1.000000000000000e+00	8
225	1.000000000000000e+00	20
226	1.000000000000000e+00	8
227	1.000000000000000e+00	18
228	1.000000000000000e+00	18
229	1.000000000000000e+00	2
230	1.000000000000000e+00	2
231	1.000000000000000e+00	18
232	1.000000000000000e+00	22
233	1.000000000000000e+00	16
234	1.000000000000000e+00	4
235	1.000000000000000e+00	20
236	1.000000000000000e+00	18
237	1.000000000000000e+00	14
238	1.000000000000000e+00	8
239	1.000000000000000e+00	2
240	1.000000000000000e+00	10
241	1.000000000000000e+00	6
242	1.000000000000000e+00	14
243	1.000000000000000e+00	22
244	1.000000000000000e+00	16
245	1.000000000000000e+00	12
246	1.000000000000000e+00	4
247	1.000000000000000e+00	6
248	1.000000000000000e+00	8
249	1.000000000000000e+00	30
250	1.000000000000000e+00	2
251	1.000000000000000e+00	6
252	1.000000000000000e+00	6
253	1.000000000000000e+00	18
254	1.000000000000000e+00	10
255	1.000000000000000e+00	26
256	1.000000000000000e+00	8
257	1.000000000000000e+00	6
258	1.000000000000000e+00	24
259	1.000000000000000e+00	22
260	1.000000000000000e+00	2
261	1.000000000000000e+00	10
262	1.000000000000000e+00	4
263	1.000000000000000e+00	38
264	1.000000000000000e+00	28
265	1.000000000000000e+00	22
266	1.000000000000000e+00	36
267	1.000000000000000e+00	4
268	1.000000000000000e+00	6
269	1.000000000000000e+00	4
270	1.000000000000000e+00	4
271	1.000000000000000e+00	22
272	1.000000000000000e+00	2
273	1.000000000000000e+00	20
274	1.000000000000000e+00	2
275	1.000000000000000e+00	4
276	1.000000000000000e+00	4
277	1.000000000000000e+00	12
278	1.000000000000000e+00	10
279	1.000000000000000e+00	2
280	1.000000000000000e+00	18
281	1.000000000000000e+00	4
282	1.000000000000000e+00	16
283	1.000000000000000e+00	10
284	1.000000000000000e+00	2
285	1.000000000000000e+00	6
286	1.000000000000000e+00	2
287	1.000000000000000e+00	22
288	1.000000000000000e+00	10
289	1.000000000000000e+00	8
290	1.000000000000000e+00	34
291	1.000000000000000e+00	6
292	1.000000000000000e+00	22
293	1.000000000000000e+00	4
294	1.000000000000000e+00	10
295	1.000000000000000e+00	4
296	1.000000000000000e+00	22
297	1.000000000000000e+00	6
298	1.000000000000000e+00	22
299	1.000000000000000e+00	6
300	1.000000000000000e+00	8
301	1.000000000000000e+00	24
302	1.000000000000000e+00	10
303	1.000000000000000e+00	12
304	1.000000000000000e+00	14
305	1.000000000000000e+00	2
306	1.000000000000000e+00	20
307	1.000000000000000e+00	2
308	1.000000000000000e+00	6
309	1.000000000000000e+00	16
310	1.000000000000000e+00	20
311	1.000000000000000e+00	10
312	1.000000000000000e+00	2
313	1.000000000000000e+00	22
314	1.000000000000000e+00	6
315	1.000000000000000e+00	12
316	1.000000000000000e+00	10
317	1.000000000000000e+00	2
318	1.000000000000000e+00	4
319	1.000000000000000e+00	28
320	1.000000000000000e+00	4
321	1.000000000000000e+00	18
322	1.000000000000000e+00	4
323	1.000000000000000e+00	20
324	1.000000000000000e+00	2
325	1.000000000000000e+00	6
326	1.000000000000000e+00	4
327	1.000000000000000e+00	18
328	1.000000000000000e+00	4
329	1.000000000000000e+00	16
330	1.000000000000000e+00	12
331	1.000000000000000e+00	4
332	1.000000000000000e+00	28
333	1.000000000000000e+00	6
334	1.000000000000000e+00	8
335	1.000000000000000e+00	26
336	1.000000000000000e+00	20
337	1.000000000000000e+00	2
338	1.000000000000000e+00	28
339	1.000000000000000e+00	6
340	1.000000000000000e+00	32
341	1.000000000000000e+00	2
342	1.000000000000000e+00	6
343	1.000000000000000e+00	8
344	1.000000000000000e+00	10
345	1.000000000000000e+00	8
346	1.000000000000000e+00	18
347	1.000000000000000e+00	14
348	1.000000000000000e+00	20
349	1.000000000000000e+00	36
350	1.000000000000000e+00	2
351	1.000000000000000e+00	24
352	1.000000000000000e+00	8
353	1.000000000000000e+00	6
354	1.000000000000000e+00	4
355	1.000000000000000e+00	2
356	1.000000000000000e+00	14
357	1.000000000000000e+00	8
358	1.000000000000000e+00	10
359	1.000000000000000e+00	6
360	1.000000000000000e+00	8
361	1.000000000000000e+00	12
362	1.000000000000000e+00	14
363	1.000000000000000e+00	6
364	1.000000000000000e+00	12
365	1.000000000000000e+00	4
366	1.000000000000000e+00	14
367	1.000000000000000e+00	20
368	1.000000000000000e+00	10
369	1.000000000000000e+00	8
370	1.000000000000000e+00	20
371	1.000000000000000e+00	14
372	1.000000000000000e+00	14
373	1.000000000000000e+00	14
374	1.000000000000000e+00	26
375	1.000000000000000e+00	12
376	1.000000000000000e+00	10
377	1.000000000000000e+00	12
378	1.000000000000000e+00	14
379	1.000000000000000e+00	12
380	1.000000000000000e+00	14
381	1.000000000000000e+00	8
382	1.000000000000000e+00	4
383	1.000000000000000e+00	2
384	1.000000000000000e+00	18
385	1.000000000000000e+00	2
386	1.000000000000000e+00	6
387	1.000000000000000e+00	8
388	1.000000000000000e+00	6
389	1.000000000000000e+00	6
390	1.000000000000000e+00	8
391	1.000000000000000e+00	22
392	1.000000000000000e+00	8
393	1.000000000000000e+00	2
394	1.000000000000000e+00	8
395	1.000000000000000e+00	10
396	1.000000000000000e+00	2
397	1.000000000000000e+00	4
398	1.000000000000000e+00	12
399	1.000000000000000e+00	12
400	1.000000000000000e+00	2
401	1.000000000000000e+00	8
402	1.000000000000000e+00	2
403	1.000000000000000e+00	2
404	1.000000000000000e+00	4
405	1.000000000000000e+00	20
406	1.000000000000000e+00	10
407	1.000000000000000e+00	8
408	1.000000000000000e+00	24
409	1.000000000000000e+00	2
410	1.000000000000000e+00	12
411	1.000000000000000e+00	30
412	1.000000000000000e+00	24
413	1.000000000000000e+00	4
414	1.000000000000000e+00	4
415	1.000000000000000e+00	10
416	1.000000000000000e+00	12
417	1.000000000000000e+00	2
418	1.000000000000000e+00	8
419	1.000000000000000e+00	10
420	1.000000000000000e+00	10
421	1.000000000000000e+00	20
422	1.000000000000000e+00	12
423	1.000000000000000e+00	6
424	1.000000000000000e+00	4
425	1.000000000000000e+00	12
426	1.000000000000000e+00	14
427	1.000000000000000e+00	18
428	1.000000000000000e+00	18
429	1.000000000000000e+00	4
430	1.000000000000000e+00	12
431	1.000000000000000e+00	2
432	1.000000000000000e+00	18
433	1.000000000000000e+00	2
434	1.000000000000000e+00	12
435	1.000000000000000e+00	4
436	1.000000000000000e+00	16
437	1.000000000000000e+00	22
438	1.000000000000000e+00	2
439	1.000000000000000e+00	18
440	1.000000000000000e+00	10
441	1.000000000000000e+00	38
442	1.000000000000000e+00	30
443	1.000000000000000e+00	8
444	1.000000000000000e+00	8
445	1.000000000000000e+00	4
446	1.000000000000000e+00	20
447	1.000000000000000e+00	6
448	1.000000000000000e+00	4
449	1.000000000000000e+00	20
450	1.000000000000000e+00	10
451	1.000000000000000e+00	20
452	1.000000000000000e+00	16
453	1.000000000000000e+00	8
454	1.000000000000000e+00	18
455	1.000000000000000e+00	10
456	1.000000000000000e+00	14
457	1.000000000000000e+00	2
458	1.000000000000000e+00	2
459	1.000000000000000e+00	2
460	1.000000000000000e+00	2
461	1.000000000000000e+00	18
462	1.000000000000000e+00	42
463	1.000000000000000e+00	16
464	1.000000000000000e+00	14
465	1.000000000000000e+00	2
466	1.000000000000000e+00	8
467	1.000000000000000e+00	4
468	1.000000000000000e+00	6
469	1.000000000000000e+00	2
470	1.000000000000000e+00	4
471	1.000000000000000e+00	2
472	1.000000000000000e+00	16
473	1.000000000000000e+00	8
474	1.000000000000000e+00	18
475	1.000000000000000e+00	8
476	1.000000000000000e+00	18
477	1.000000000000000e+00	16
478	1.000000000000000e+00	10
479	1.000000000000000e+00	10
480	1.000000000000000e+00	14
481	1.000000000000000e+00	4
482	1.000000000000000e+00	6
483	1.000000000000000e+00	70
484	1.000000000000000e+00	28
485	1.000000000000000e+00	14
486	1.000000000000000e+00	22
487	1.000000000000000e+00	4
488	1.000000000000000e+00	10
489	1.000000000000000e+00	18
490	1.000000000000000e+00	4
491	9.500060949261374e-01	258
492	9.000218447474255e-01	260
493	8.500302927698529e-01	224
494	8.000348937325292e-01	292
495	7.500391204938001e-01	340
496	7.000497797618038e-01	338
497	6.500484648211209e-01	210
498	6.000377397088275e-01	312
499	5.500403512332156e-01	322
500	5.000367509202771e-01	302
501	5.500438430673597e-01	324
502	6.000531168891918e-01	192
503	6.500655497298518e-01	266
504	7.000844797215395e-01	264
505	7.500886994191874e-01	60
506	8.001069383060574e-01	244
507	8.501086759521780e-01	276
508	9.001075575044148e-01	220
509	9.501165511970348e-01	276
510	9.001186907200661e-01	284
511	8.501136710801865e-01	252
512	8.001174372058392e-01	226
513	7.501128721214937e-01	320
514	8.001340234846123e-01	318
515	8.501425355131500e-01	218
516	9.001581619147704e-01	318
517	9.501666839655697e-01	206
518	1.000000000000000e+00	1000
519	1.000000000000000e+00	12
520	1.000000000000000e+00	22
521	1.000000000000000e+00	8
522	1.000000000000000e+00	2
523	1.000000000000000e+00	14
524	1.000000000000000e+00	14
525	1.000000000000000e+00	8
526	1.000000000000000e+00	32
527	1.000000000000000e+00	6
528	1.000000000000000e+00	2
529	1.000000000000000e+00	6
530	1.000000000000000e+00	10
531	1.000000000000000e+00	12
532	1.000000000000000e+00	16
533	1.000000000000000e+00	6
534	1.000000000000000e+00	14
535	1.000000000000000e+00	4
536	1.000000000000000e+00	10
537	1.000000000000000e+00	14
538	1.000000000000000e+00	18
539	1.000000000000000e+00	2
540	1.000000000000000e+00	6
541	1.000000000000000e+00	12
542	1.000000000000000e+00	22
543	1.000000000000000e+00	30
544	1.000000000000000e+00	2
545	1.000000000000000e+00	2
546	1.000000000000000e+00	2
547	1.000000000000000e+00	18
548	1.000000000000000e+00	18
549	1.000000000000000e+00	6
550	1.000000000000000e+00	8
551	1.000000000000000e+00	6
552	1.000000000000000e+00	18
553	1.000000000000000e+00	10
554	1.000000000000000e+00	34
555	1.000000000000000e+00	20
556	1.000000000000000e+00	4
557	1.000000000000000e+00	20
558	1.000000000000000e+00	40
559	1.000000000000000e+00	10
560	1.000000000000000e+00	4
561	1.000000000000000e+00	2
562	1.000000000000000e+00	4
563	1.000000000000000e+00	8
564	1.000000000000000e+00	32
565	1.000000000000000e+00	10
566	1.000000000000000e+00	30
567	1.000000000000000e+00	10
568	1.000000000000000e+00	4
569	1.000000000000000e+00	6
570	1.000000000000000e+00	14
571	1.000000000000000e+00	6
572	1.000000000000000e+00	28
573	1.000000000000000e+00	4
574	1.000000000000000e+00	8
575	1.000000000000000e+00	24
576	1.000000000000000e+00	12
577	1.000000000000000e+00	4
578	1.000000000000000e+00	18
579	1.000000000000000e+00	18
580	1.000000000000000e+00	24
581	1.000000000000000e+00	8
582	1.000000000000000e+00	14
583	1.000000000000000e+00	14
584	1.000000000000000e+00	6
585	1.000000000000000e+00	6
586	1.000000000000000e+00	2
587	1.000000000000000e+00	6
588	1.000000000000000e+00	6
589	1.000000000000000e+00	16
590	1.000000000000000e+00	16
591	1.000000000000000e+00	6
592	1.000000000000000e+00	4
593	1.000000000000000e+00	2
594	1.000000000000000e+00	10
595	1.000000000000000e+00	10
596	1.000000000000000e+00	14
597	1.000000000000000e+00	20
598	1.000000000000000e+00	14
599	1.000000000000000e+00	14
600	1.000000000000000e+00	4
601	1.000000000000000e+00	6
602	1.000000000000000e+00	26
603	1.000000000000000e+00	22
604	1.000000000000000e+00	16
605	1.000000000000000e+00	2
606	1.000000000000000e+00	22
607	1.000000000000000e+00	4
608	1.000000000000000e+00	16
609	1.000000000000000e+00	18
610	1.000000000000000e+00	8
611	1.000000000000000e+00	12
612	1.000000000000000e+00	20
613	1.000000000000000e+00	26
614	1.000000000000000e+00	12
615	1.000000000000000e+00	4
616	1.000000000000000e+00	6
617	1.000000000000000e+00	26
618	1.000000000000000e+00	8
619	1.000000000000000e+00	6
620	1.000000000000000e+00	4
621	1.000000000000000e+00	10
622	1.000000000000000e+00	16
623	1.000000000000000e+00	12
624	1.000000000000000e+00	8
625	1.000000000000000e+00	10
626	1.000000000000000e+00	22
627	1.000000000000000e+00	2
628	1.000000000000000e+00	2
629	1.000000000000000e+00	16
630	1.000000000000000e+00	8
631	1.000000000000000e+00	8
632	1.000000000000000e+00	14
633	1.000000000000000e+00	8
634	1.000000000000000e+00	14
635	1.000000000000000e+00	12
636	1.000000000000000e+00	2
637	1.000000000000000e+00	2
638	1.000000000000000e+00	22
639	1.000000000000000e+00	8
640	1.000000000000000e+00	4
641	1.000000000000000e+00	12
642	1.000000000000000e+00	2
643	1.000000000000000e+00	4
644	1.000000000000000e+00	2
645	1.000000000000000e+00	30
646	1.000000000000000e+00	2
647	1.000000000000000e+00	8
648	1.000000000000000e+00	14
649	1.000000000000000e+00	10
650	1.000000000000000e+00	6
651	1.000000000000000e+00	10
652	1.000000000000000e+00	14
653	1.000000000000000e+00	14
654	1.000000000000000e+00	4
655	1.000000000000000e+00	8
656	1.000000000000000e+00	8
657	1.000000000000000e+00	46
658	1.000000000000000e+00	10
659	1.000000000000000e+00	14
660	1.000000000000000e+00	12
661	1.000000000000000e+00	18
662	1.000000000000000e+00	6
663	1.000000000000000e+00	20
664	1.000000000000000e+00	14
665	1.000000000000000e+00	4
666	1.000000000000000e+00	6
667	1.000000000000000e+00	12
668	1.000000000000000e+00	4
669	1.000000000000000e+00	10
670	1.000000000000000e+00	16
671	1.000000000000000e+00	4
672	1.000000000000000e+00	2
673	1.000000000000000e+00	4
674	1.000000000000000e+00	12
675	1.000000000000000e+00	34
676	1.000000000000000e+00	14
677	1.000000000000000e+00	30
678	1.000000000000000e+00	2
679	1.000000000000000e+00	14
680	1.000000000000000e+00	18
681	1.000000000000000e+00	14
682	1.000000000000000e+00	12
683	1.000000000000000e+00	4
684	1.000000000000000e+00	12
685	1.000000000000000e+00	18
686	1.000000000000000e+00	14
687	1.000000000000000e+00	28
688	1.000000000000000e+00	12
689	1.000000000000000e+00	12
690	1.000000000000000e+00	12
691	1.000000000000000e+00	24
692	1.000000000000000e+00	38
693	1.000000000000000e+00	2
694	1.000000000000000e+00	20
695	1.000000000000000e+00	6
696	1.000000000000000e+00	22
697	1.000000000000000e+00	4
698	1.000000000000000e+00	14
699	1.000000000000000e+00	2
700	1.000000000000000e+00	8
701	1.000000000000000e+00	18
702	1.000000000000000e+00	16
703	1.000000000000000e+00	22
704	1.000000000000000e+00	10
705	1.000000000000000e+00	4
706	1.000000000000000e+00	8
707	1.000000000000000e+00	14
708	1.000000000000000e+00	4
709	1.000000000000000e+00	2
710	1.000000000000000e+00	6
711	1.000000000000000e+00	26
712	1.000000000000000e+00	18
713	1.000000000000000e+00	12
714	1.000000000000000e+00	14
715	1.000000000000000e+00	10
716	1.000000000000000e+00	18
717	1.000000000000000e+00	4
718	1.000000000000000e+00	8
719	1.000000000000000e+00	6
720	1.000000000000000e+00	10
721	1.000000000000000e+00	16
722	1.000000000000000e+00	6
723	1.000000000000000e+00	22
724	1.000000000000000e+00	10
725	1.000000000000000e+00	14
726	1.000000000000000e+00	12
727	1.000000000000000e+00	8
728	1.000000000000000e+00	6
729	1.000000000000000e+00	16
730	1.000000000000000e+00	52
731	1.000000000000000e+00	2
732	1.000000000000000e+00	20
733	1.000000000000000e+00	2
734	1.000000000000000e+00	6
735	1.000000000000000e+00	6
736	1.000000000000000e+00	10
737	1.000000000000000e+00	12
738	1.000000000000000e+00	2
739	1.000000000000000e+00	2
740	1.000000000000000e+00	12
741	1.000000000000000e+00	4
742	1.000000000000000e+00	8
743	1.000000000000000e+00	24
744	1.000000000000000e+00	18
745	1.000000000000000e+00	12
746	1.000000000000000e+00	20
747	1.000000000000000e+00	10
748	1.000000000000000e+00	10
749	1.000000000000000e+00	8
750	1.000000000000000e+00	26
751	1.000000000000000e+00	2
752	1.000000000000000e+00	52
753	1.000000000000000e+00	10
754	1.000000000000000e+00	4
755	1.000000000000000e+00	18
756	1.000000000000000e+00	4
757	1.000000000000000e+00	24
758	1.000000000000000e+00	18
759	1.000000000000000e+00	22
760	1.000000000000000e+00	10
761	1.000000000000000e+00	38
762	1.000000000000000e+00	12
763	1.000000000000000e+00	12
764	1.000000000000000e+00	22
765	1.000000000000000e+00	6
766	1.000000000000000e+00	8
767	1.000000000000000e+00	6
768	1.000000000000000e+00	22
769	1.000000000000000e+00	2
770	1.000000000000000e+00	28
771	1.000000000000000e+00	26
772	1.000000000000000e+00	22
773	1.000000000000000e+00	6
774	1.000000000000000e+00	12
775	1.000000000000000e+00	12
776	1.000000000000000e+00	18
777	1.000000000000000e+00	6
778	1.000000000000000e+00	4
779	1.000000000000000e+00	12
780	1.000000000000000e+00	6
781	1.000000000000000e+00	10
782	1.000000000000000e+00	28
783	1.000000000000000e+00	2
784	1.000000000000000e+00	2
785	1.000000000000000e+00	10
786	1.000000000000000e+00	8
787	1.000000000000000e+00	8
788	1.000000000000000e+00	8
789	1.000000000000000e+00	4
790	1.000000000000000e+00	14
791	1.000000000000000e+00	2
792	1.000000000000000e+00	4
793	1.000000000000000e+00	16
794	1.000000000000000e+00	4
795	1.000000000000000e+00	4
796	1.000000000000000e+00	2
797	1.000000000000000e+00	20
798	1.000000000000000e+00	14
799	1.000000000000000e+00	10
800	1.000000000000000e+00	12
801	1.000000000000000e+00	6
802	1.000000000000000e+00	10
803	1.000000000000000e+00	6
804	1.000000000000000e+00	14
805	1.000000000000000e+00	30
806	1.000000000000000e+00	26
807	1.000000000000000e+00	8
808	1.000000000000000e+00	26
809	1.000000000000000e+00	28
810	1.000000000000000e+00	24
811	1.000000000000000e+00	2
812	1.000000000000000e+00	2
813	1.000000000000000e+00	4
814	1.000000000000000e+00	16
815	1.000000000000000e+00	48
816	1.000000000000000e+00	10
817	1.000000000000000e+00	14
818	1.000000000000000e+00	22
819	1.000000000000000e+00	8
820	1.000000000000000e+00	28
821	1.000000000000000e+00	4
822	1.000000000000000e+00	42
823	1.000000000000000e+00	14
824	1.000000000000000e+00	8
825	1.000000000000000e+00	8
826	1.000000000000000e+00	4
827	1.000000000000000e+00	8
828	1.000000000000000e+00	14
829	1.000000000000000e+00	2
830	1.000000000000000e+00	6
831	1.000000000000000e+00	6
832	1.000000000000000e+00	6
833	1.000000000000000e+00	6
834	1.000000000000000e+00	6
835	1.000000000000000e+00	10
836	1.000000000000000e+00	2
837	1.000000000000000e+00	6
838	1.000000000000000e+00	12
839	1.000000000000000e+00	8
840	1.000000000000000e+00	20
841	1.000000000000000e+00	30
842	1.000000000000000e+00	18
843	1.000000000000000e+00	28
844	1.000000000000000e+00	4
845	1.000000000000000e+00	6
846	1.000000000000000e+00	4
847	1.000000000000000e+00	20
848	1.000000000000000e+00	18
849	1.000000000000000e+00	16
850	1.000000000000000e+00	2
851	1.000000000000000e+00	10
852	1.000000000000000e+00	14
853	1.000000000000000e+00	4
854	1.000000000000000e+00	20
855	1.000000000000000e+00	12
856	1.000000000000000e+00	28
857	1.000000000000000e+00	8
858	1.000000000000000e+00	2
859	1.000000000000000e+00	20
860	1.000000000000000e+00	24
861	1.000000000000000e+00	22
862	1.000000000000000e+00	32
863	1.000000000000000e+00	14
864	1.000000000000000e+00	14
865	1.000000000000000e+00	8
866	1.000000000000000e+00	2
867	1.000000000000000e+00	12
868	1.000000000000000e+00	8
869	1.000000000000000e+00	16
870	1.000000000000000e+00	20
871	1.000000000000000e+00	4
872	1.000000000000000e+00	30
873	1.000000000000000e+00	10
874	1.000000000000000e+00	10
875	1.000000000000000e+00	14
876	1.000000000000000e+00	18
877	1.000000000000000e+00	22
878	1.000000000000000e+00	12
879	1.000000000000000e+00	8
880	1.000000000000000e+00	28
881	1.000000000000000e+00	22
882	1.000000000000000e+00	18
883	1.000000000000000e+00	34
884	1.000000000000000e+00	12
885	1.000000000000000e+00	14
886	1.000000000000000e+00	4
887	1.000000000000000e+00	2
888	1.000000000000000e+00	24
889	1.000000000000000e+00	64
890	1.000000000000000e+00	24
891	1.000000000000000e+00	14
892	1.000000000000000e+00	6
893	1.000000000000000e+00	4
894	1.000000000000000e+00	4
895	1.000000000000000e+00	16
896	1.000000000000000e+00	36
897	1.000000000000000e+00	36
898	1.000000000000000e+00	16
899	1.000000000000000e+00	4
900	1.000000000000000e+00	6
901	1.000000000000000e+00	4
902	1.000000000000000e+00	12
903	1.000000000000000e+00	8
904	1.000000000000000e+00	24
905	1.000000000000000e+00	2
906	1.000000000000000e+00	10
907	1.000000000000000e+00	10
908	1.000000000000000e+00	16
909	1.000000000000000e+00	16
910	1.000000000000000e+00	30
911	1.000000000000000e+00	14
912	1.000000000000000e+00	2
913	1.000000000000000e+00	10
914	1.000000000000000e+00	2
915	1.000000000000000e+00	32
916	1.000000000000000e+00	32
917	1.000000000000000e+00	24
918	1.000000000000000e+00	4
919	1.000000000000000e+00	20
920	1.000000000000000e+00	54
921	1.000000000000000e+00	2
922	1.000000000000000e+00	2
923	1.000000000000000e+00	4
924	1.000000000000000e+00	32
925	1.000000000000000e+00	8
926	1.000000000000000e+00	14
927	1.000000000000000e+00	4
928	1.000000000000000e+00	2
929	1.000000000000000e+00	18
930	1.000000000000000e+00	10
931	1.000000000000000e+00	4
932	1.000000000000000e+00	8
933	1.000000000000000e+00	12
934	1.000000000000000e+00	20
935	1.000000000000000e+00	22
936	1.000000000000000e+00	16
937	1.000000000000000e+00	8
938	1.000000000000000e+00	12
939	1.000000000000000e+00	18
940	1.000000000000000e+00	4
941	1.000000000000000e+00	10
942	1.000000000000000e+00	2
943	1.000000000000000e+00	20
944	1.000000000000000e+00	14
945	1.000000000000000e+00	12
946	1.000000000000000e+00	8
947	1.000000000000000e+00	2
948	1.000000000000000e+00	4
949	1.000000000000000e+00	16
950	1.000000000000000e+00	18
951	1.000000000000000e+00	28
952	1.000000000000000e+00	6
953	1.000000000000000e+00	12
954	1.000000000000000e+00	18
955	1.000000000000000e+00	6
956	1.000000000000000e+00	14
957	1.000000000000000e+00	28
958	1.000000000000000e+00	2
959	1.000000000000000e+00	8
960	1.000000000000000e+00	6
961	1.000000000000000e+00	6
962	1.000000000000000e+00	8
963	1.000000000000000e+00	24
964	1.000000000000000e+00	12
965	1.000000000000000e+00	36
966	1.000000000000000e+00	14
967	1.000000000000000e+00	6
968	1.000000000000000e+00	36
969	1.000000000000000e+00	20
970	1.000000000000000e+00	10
971	1.000000000000000e+00	4
972	1.000000000000000e+00	22
973	1.000000000000000e+00	16
974	1.000000000000000e+00	26
975	1.000000000000000e+00	2
976	1.000000000000000e+00	6
977	1.000000000000000e+00	6
978	1.000000000000000e+00	24
979	1.000000000000000e+00	16
980	1.000000000000000e+00	2
981	1.000000000000000e+00	12
982	1.000000000000000e+00	6
983	1.000000000000000e+00	6
984	1.000000000000000e+00	6
985	1.000000000000000e+00	14
986	1.000000000000000e+00	4
987	1.000000000000000e+00	24
988	1.000000000000000e+00	10
989	1.000000000000000e+00	12
990	1.000000000000000e+00	16
991	1.000000000000000e+00	6
992	1.000000000000000e+00	6
993	1.000000000000000e+00	8
994	1.000000000000000e+00	10
995	1.000000000000000e+00	2
996	1.000000000000000e+00	10
997	1.000000000000000e+00	28
998	1.000000000000000e+00	10
999	1.000000000000000e+00	4
1000	1.000000000000000e+00	8


Tempo gasto: 6.983925
