Método usado: LUUS JAAKOLA

POSIÇÃO	ÁREA(mm²)	CUSTO

1	1.000000000000000e+00	8
2	1.000000000000000e+00	2
3	1.000000000000000e+00	4
4	1.000000000000000e+00	8
5	1.000000000000000e+00	24
6	1.000000000000000e+00	18
7	1.000000000000000e+00	14
8	1.000000000000000e+00	16
9	1.000000000000000e+00	4
10	1.000000000000000e+00	26
11	1.000000000000000e+00	8
12	1.000000000000000e+00	8
13	1.000000000000000e+00	4
14	1.000000000000000e+00	4
15	1.000000000000000e+00	4
16	1.000000000000000e+00	14
17	1.000000000000000e+00	38
18	1.000000000000000e+00	24
19	1.000000000000000e+00	16
20	1.000000000000000e+00	2
21	1.000000000000000e+00	2
22	1.000000000000000e+00	16
23	1.000000000000000e+00	4
24	1.000000000000000e+00	20
25	1.000000000000000e+00	24
26	1.000000000000000e+00	10
27	1.000000000000000e+00	4
28	1.000000000000000e+00	20
29	1.000000000000000e+00	4
30	1.000000000000000e+00	6
31	1.000000000000000e+00	22
32	1.000000000000000e+00	4
33	1.000000000000000e+00	16
34	1.000000000000000e+00	8
35	1.000000000000000e+00	8
36	1.000000000000000e+00	2
37	1.000000000000000e+00	8
38	1.000000000000000e+00	14
39	1.000000000000000e+00	4
40	1.000000000000000e+00	38
41	1.000000000000000e+00	10
42	1.000000000000000e+00	6
43	1.000000000000000e+00	16
44	1.000000000000000e+00	14
45	1.000000000000000e+00	2
46	1.000000000000000e+00	30
47	1.000000000000000e+00	20
48	1.000000000000000e+00	18
49	1.000000000000000e+00	8
50	1.000000000000000e+00	16
51	1.000000000000000e+00	20
52	1.000000000000000e+00	2
53	1.000000000000000e+00	4
54	1.000000000000000e+00	36
55	1.000000000000000e+00	4
56	1.000000000000000e+00	16
57	1.000000000000000e+00	26
58	1.000000000000000e+00	8
59	1.000000000000000e+00	18
60	1.000000000000000e+00	4
61	1.000000000000000e+00	12
62	1.000000000000000e+00	16
63	1.000000000000000e+00	10
64	1.000000000000000e+00	8
65	1.000000000000000e+00	4
66	1.000000000000000e+00	16
67	1.000000000000000e+00	8
68	1.000000000000000e+00	38
69	1.000000000000000e+00	36
70	1.000000000000000e+00	6
71	1.000000000000000e+00	18
72	1.000000000000000e+00	2
73	1.000000000000000e+00	32
74	1.000000000000000e+00	6
75	1.000000000000000e+00	16
76	1.000000000000000e+00	26
77	1.000000000000000e+00	2
78	1.000000000000000e+00	18
79	1.000000000000000e+00	20
80	1.000000000000000e+00	6
81	1.000000000000000e+00	26
82	1.000000000000000e+00	28
83	1.000000000000000e+00	8
84	1.000000000000000e+00	10
85	1.000000000000000e+00	38
86	1.000000000000000e+00	4
87	1.000000000000000e+00	28
88	1.000000000000000e+00	10
89	1.000000000000000e+00	8
90	1.000000000000000e+00	18
91	1.000000000000000e+00	6
92	1.000000000000000e+00	10
93	1.000000000000000e+00	2
94	1.000000000000000e+00	4
95	1.000000000000000e+00	2
96	1.000000000000000e+00	6
97	1.000000000000000e+00	8
98	1.000000000000000e+00	4
99	1.000000000000000e+00	4
100	1.000000000000000e+00	14
101	1.000000000000000e+00	6
102	1.000000000000000e+00	14
103	1.000000000000000e+00	26
104	1.000000000000000e+00	2
105	1.000000000000000e+00	14
106	1.000000000000000e+00	4
107	1.000000000000000e+00	18
108	1.000000000000000e+00	6
109	1.000000000000000e+00	2
110	1.000000000000000e+00	12
111	1.000000000000000e+00	8
112	1.000000000000000e+00	4
113	1.000000000000000e+00	28
114	1.000000000000000e+00	18
115	1.000000000000000e+00	2
116	1.000000000000000e+00	10
117	1.000000000000000e+00	8
118	1.000000000000000e+00	20
119	1.000000000000000e+00	14
120	1.000000000000000e+00	24
121	1.000000000000000e+00	4
122	1.000000000000000e+00	10
123	1.000000000000000e+00	4
124	1.000000000000000e+00	8
125	1.000000000000000e+00	8
126	1.000000000000000e+00	8
127	1.000000000000000e+00	6
128	1.000000000000000e+00	48
129	1.000000000000000e+00	4
130	1.000000000000000e+00	84
131	1.000000000000000e+00	20
132	1.000000000000000e+00	24
133	1.000000000000000e+00	2
134	1.000000000000000e+00	24
135	1.000000000000000e+00	20
136	1.000000000000000e+00	8
137	1.000000000000000e+00	2
138	1.000000000000000e+00	10
139	1.000000000000000e+00	28
140	1.000000000000000e+00	46
141	1.000000000000000e+00	14
142	1.000000000000000e+00	4
143	1.000000000000000e+00	12
144	1.000000000000000e+00	12
145	1.000000000000000e+00	8
146	1.000000000000000e+00	4
147	1.000000000000000e+00	32
148	1.000000000000000e+00	4
149	1.000000000000000e+00	6
150	1.000000000000000e+00	34
151	1.000000000000000e+00	14
152	1.000000000000000e+00	2
153	1.000000000000000e+00	6
154	1.000000000000000e+00	2
155	1.000000000000000e+00	20
156	1.000000000000000e+00	16
157	1.000000000000000e+00	20
158	1.000000000000000e+00	12
159	1.000000000000000e+00	8
160	1.000000000000000e+00	4
161	1.000000000000000e+00	18
162	1.000000000000000e+00	4
163	1.000000000000000e+00	20
164	1.000000000000000e+00	18
165	1.000000000000000e+00	10
166	1.000000000000000e+00	2
167	1.000000000000000e+00	12
168	1.000000000000000e+00	16
169	1.000000000000000e+00	24
170	1.000000000000000e+00	30
171	1.000000000000000e+00	2
172	1.000000000000000e+00	12
173	1.000000000000000e+00	4
174	1.000000000000000e+00	14
175	1.000000000000000e+00	18
176	1.000000000000000e+00	14
177	1.000000000000000e+00	2
178	1.000000000000000e+00	2
179	1.000000000000000e+00	2
180	1.000000000000000e+00	12
181	1.000000000000000e+00	20
182	1.000000000000000e+00	10
183	1.000000000000000e+00	4
184	1.000000000000000e+00	18
185	1.000000000000000e+00	26
186	1.000000000000000e+00	20
187	1.000000000000000e+00	8
188	1.000000000000000e+00	24
189	1.000000000000000e+00	12
190	1.000000000000000e+00	6
191	1.000000000000000e+00	10
192	1.000000000000000e+00	34
193	1.000000000000000e+00	12
194	1.000000000000000e+00	40
195	1.000000000000000e+00	26
196	1.000000000000000e+00	8
197	1.000000000000000e+00	2
198	1.000000000000000e+00	18
199	1.000000000000000e+00	10
200	1.000000000000000e+00	18
201	1.000000000000000e+00	16
202	1.000000000000000e+00	10
203	1.000000000000000e+00	14
204	1.000000000000000e+00	2
205	1.000000000000000e+00	2
206	1.000000000000000e+00	8
207	1.000000000000000e+00	14
208	1.000000000000000e+00	4
209	1.000000000000000e+00	4
210	1.000000000000000e+00	10
211	1.000000000000000e+00	10
212	1.000000000000000e+00	20
213	1.000000000000000e+00	14
214	1.000000000000000e+00	2
215	1.000000000000000e+00	28
216	1.000000000000000e+00	16
217	1.000000000000000e+00	28
218	1.000000000000000e+00	48
219	1.000000000000000e+00	2
220	1.000000000000000e+00	2
221	1.000000000000000e+00	8
222	1.000000000000000e+00	10
223	1.000000000000000e+00	22
224	1.000000000000000e+00	6
225	1.000000000000000e+00	40
226	1.000000000000000e+00	10
227	1.000000000000000e+00	12
228	1.000000000000000e+00	2
229	1.000000000000000e+00	4
230	1.000000000000000e+00	32
231	1.000000000000000e+00	12
232	1.000000000000000e+00	22
233	1.000000000000000e+00	10
234	1.000000000000000e+00	6
235	1.000000000000000e+00	10
236	1.000000000000000e+00	8
237	1.000000000000000e+00	28
238	1.000000000000000e+00	20
239	1.000000000000000e+00	2
240	1.000000000000000e+00	10
241	1.000000000000000e+00	22
242	1.000000000000000e+00	14
243	1.000000000000000e+00	20
244	1.000000000000000e+00	6
245	1.000000000000000e+00	10
246	1.000000000000000e+00	8
247	1.000000000000000e+00	4
248	1.000000000000000e+00	16
249	1.000000000000000e+00	2
250	1.000000000000000e+00	2
251	1.000000000000000e+00	12
252	1.000000000000000e+00	52
253	1.000000000000000e+00	14
254	1.000000000000000e+00	2
255	1.000000000000000e+00	2
256	1.000000000000000e+00	2
257	1.000000000000000e+00	4
258	1.000000000000000e+00	10
259	1.000000000000000e+00	6
260	1.000000000000000e+00	10
261	1.000000000000000e+00	26
262	1.000000000000000e+00	10
263	1.000000000000000e+00	32
264	1.000000000000000e+00	34
265	1.000000000000000e+00	10
266	1.000000000000000e+00	2
267	1.000000000000000e+00	16
268	1.000000000000000e+00	6
269	1.000000000000000e+00	4
270	1.000000000000000e+00	4
271	1.000000000000000e+00	8
272	1.000000000000000e+00	10
273	1.000000000000000e+00	14
274	1.000000000000000e+00	20
275	1.000000000000000e+00	4
276	1.000000000000000e+00	4
277	1.000000000000000e+00	4
278	1.000000000000000e+00	4
279	1.000000000000000e+00	10
280	1.000000000000000e+00	20
281	1.000000000000000e+00	20
282	1.000000000000000e+00	12
283	1.000000000000000e+00	8
284	1.000000000000000e+00	12
285	1.000000000000000e+00	2
286	1.000000000000000e+00	12
287	1.000000000000000e+00	4
288	1.000000000000000e+00	8
289	1.000000000000000e+00	28
290	1.000000000000000e+00	18
291	1.000000000000000e+00	10
292	1.000000000000000e+00	12
293	1.000000000000000e+00	8
294	1.000000000000000e+00	2
295	1.000000000000000e+00	22
296	1.000000000000000e+00	2
297	1.000000000000000e+00	8
298	1.000000000000000e+00	2
299	1.000000000000000e+00	6
300	1.000000000000000e+00	38
301	1.000000000000000e+00	4
302	1.000000000000000e+00	26
303	1.000000000000000e+00	2
304	1.000000000000000e+00	60
305	1.000000000000000e+00	4
306	1.000000000000000e+00	8
307	1.000000000000000e+00	10
308	1.000000000000000e+00	18
309	1.000000000000000e+00	2
310	1.000000000000000e+00	2
311	1.000000000000000e+00	10
312	1.000000000000000e+00	8
313	1.000000000000000e+00	22
314	1.000000000000000e+00	20
315	1.000000000000000e+00	32
316	1.000000000000000e+00	4
317	1.000000000000000e+00	2
318	1.000000000000000e+00	2
319	1.000000000000000e+00	58
320	1.000000000000000e+00	30
321	1.000000000000000e+00	10
322	1.000000000000000e+00	8
323	1.000000000000000e+00	4
324	1.000000000000000e+00	4
325	1.000000000000000e+00	18
326	1.000000000000000e+00	54
327	1.000000000000000e+00	10
328	1.000000000000000e+00	16
329	1.000000000000000e+00	22
330	1.000000000000000e+00	30
331	1.000000000000000e+00	22
332	1.000000000000000e+00	12
333	1.000000000000000e+00	6
334	1.000000000000000e+00	26
335	1.000000000000000e+00	16
336	1.000000000000000e+00	6
337	1.000000000000000e+00	20
338	1.000000000000000e+00	2
339	1.000000000000000e+00	2
340	1.000000000000000e+00	16
341	1.000000000000000e+00	4
342	1.000000000000000e+00	10
343	1.000000000000000e+00	6
344	1.000000000000000e+00	10
345	1.000000000000000e+00	2
346	1.000000000000000e+00	12
347	1.000000000000000e+00	12
348	1.000000000000000e+00	34
349	1.000000000000000e+00	2
350	1.000000000000000e+00	8
351	1.000000000000000e+00	8
352	1.000000000000000e+00	6
353	1.000000000000000e+00	12
354	1.000000000000000e+00	2
355	1.000000000000000e+00	4
356	1.000000000000000e+00	6
357	1.000000000000000e+00	28
358	1.000000000000000e+00	2
359	1.000000000000000e+00	20
360	1.000000000000000e+00	4
361	1.000000000000000e+00	4
362	1.000000000000000e+00	4
363	1.000000000000000e+00	24
364	1.000000000000000e+00	2
365	1.000000000000000e+00	6
366	1.000000000000000e+00	14
367	1.000000000000000e+00	16
368	1.000000000000000e+00	18
369	1.000000000000000e+00	22
370	1.000000000000000e+00	18
371	1.000000000000000e+00	24
372	1.000000000000000e+00	8
373	1.000000000000000e+00	6
374	1.000000000000000e+00	6
375	1.000000000000000e+00	12
376	1.000000000000000e+00	6
377	1.000000000000000e+00	12
378	1.000000000000000e+00	2
379	1.000000000000000e+00	14
380	1.000000000000000e+00	6
381	1.000000000000000e+00	10
382	1.000000000000000e+00	12
383	1.000000000000000e+00	18
384	1.000000000000000e+00	6
385	1.000000000000000e+00	16
386	1.000000000000000e+00	8
387	1.000000000000000e+00	4
388	1.000000000000000e+00	30
389	1.000000000000000e+00	6
390	1.000000000000000e+00	10
391	1.000000000000000e+00	6
392	1.000000000000000e+00	6
393	1.000000000000000e+00	22
394	1.000000000000000e+00	12
395	1.000000000000000e+00	8
396	1.000000000000000e+00	14
397	1.000000000000000e+00	18
398	1.000000000000000e+00	2
399	1.000000000000000e+00	4
400	1.000000000000000e+00	2
401	1.000000000000000e+00	2
402	1.000000000000000e+00	2
403	1.000000000000000e+00	6
404	1.000000000000000e+00	4
405	1.000000000000000e+00	4
406	1.000000000000000e+00	18
407	1.000000000000000e+00	2
408	1.000000000000000e+00	16
409	1.000000000000000e+00	16
410	1.000000000000000e+00	2
411	1.000000000000000e+00	2
412	1.000000000000000e+00	2
413	1.000000000000000e+00	2
414	1.000000000000000e+00	4
415	1.000000000000000e+00	6
416	1.000000000000000e+00	12
417	1.000000000000000e+00	6
418	1.000000000000000e+00	10
419	1.000000000000000e+00	2
420	1.000000000000000e+00	2
421	1.000000000000000e+00	14
422	1.000000000000000e+00	26
423	1.000000000000000e+00	12
424	1.000000000000000e+00	4
425	1.000000000000000e+00	8
426	1.000000000000000e+00	16
427	1.000000000000000e+00	14
428	1.000000000000000e+00	2
429	1.000000000000000e+00	4
430	1.000000000000000e+00	20
431	1.000000000000000e+00	30
432	1.000000000000000e+00	10
433	1.000000000000000e+00	10
434	1.000000000000000e+00	6
435	1.000000000000000e+00	16
436	1.000000000000000e+00	10
437	1.000000000000000e+00	14
438	1.000000000000000e+00	22
439	1.000000000000000e+00	8
440	1.000000000000000e+00	10
441	1.000000000000000e+00	12
442	1.000000000000000e+00	4
443	1.000000000000000e+00	20
444	1.000000000000000e+00	2
445	1.000000000000000e+00	10
446	1.000000000000000e+00	8
447	1.000000000000000e+00	2
448	1.000000000000000e+00	4
449	1.000000000000000e+00	8
450	1.000000000000000e+00	16
451	1.000000000000000e+00	40
452	1.000000000000000e+00	10
453	1.000000000000000e+00	26
454	1.000000000000000e+00	66
455	1.000000000000000e+00	6
456	1.000000000000000e+00	30
457	1.000000000000000e+00	2
458	1.000000000000000e+00	6
459	1.000000000000000e+00	2
460	1.000000000000000e+00	6
461	1.000000000000000e+00	26
462	1.000000000000000e+00	2
463	1.000000000000000e+00	6
464	1.000000000000000e+00	18
465	1.000000000000000e+00	8
466	1.000000000000000e+00	4
467	1.000000000000000e+00	52
468	1.000000000000000e+00	16
469	1.000000000000000e+00	4
470	1.000000000000000e+00	10
471	1.000000000000000e+00	2
472	1.000000000000000e+00	8
473	1.000000000000000e+00	6
474	1.000000000000000e+00	10
475	1.000000000000000e+00	8
476	1.000000000000000e+00	10
477	1.000000000000000e+00	14
478	1.000000000000000e+00	12
479	1.000000000000000e+00	4
480	1.000000000000000e+00	8
481	1.000000000000000e+00	8
482	1.000000000000000e+00	12
483	1.000000000000000e+00	22
484	1.000000000000000e+00	2
485	1.000000000000000e+00	8
486	1.000000000000000e+00	18
487	1.000000000000000e+00	14
488	1.000000000000000e+00	4
489	1.000000000000000e+00	2
490	1.000000000000000e+00	2
491	9.500143540346286e-01	274
492	9.000140085325122e-01	216
493	8.500056276154518e-01	342
494	8.000028593247577e-01	316
495	7.499986443426776e-01	272
496	7.000014776230012e-01	188
497	6.500064996589066e-01	232
498	6.000108409658523e-01	294
499	5.500010074068860e-01	344
500	5.000067006628477e-01	334
501	5.500000482317609e-01	284
502	6.000038594776393e-01	308
503	6.500167280016189e-01	304
504	7.000131796448584e-01	294
505	7.500194676530695e-01	266
506	8.000253171152001e-01	294
507	8.500174588233895e-01	312
508	9.000188765827681e-01	298
509	9.500257618874571e-01	228
510	9.000156500660983e-01	220
511	8.500148818761039e-01	284
512	8.000059459334777e-01	262
513	7.499947368494937e-01	314
514	7.999970051956397e-01	250
515	8.500003706072635e-01	310
516	9.000036445384787e-01	278
517	9.500009269766486e-01	338
518	1.000000000000000e+00	2
519	1.000000000000000e+00	20
520	1.000000000000000e+00	14
521	1.000000000000000e+00	2
522	1.000000000000000e+00	14
523	1.000000000000000e+00	8
524	1.000000000000000e+00	4
525	1.000000000000000e+00	4
526	1.000000000000000e+00	8
527	1.000000000000000e+00	14
528	1.000000000000000e+00	2
529	1.000000000000000e+00	10
530	1.000000000000000e+00	6
531	1.000000000000000e+00	6
532	1.000000000000000e+00	10
533	1.000000000000000e+00	6
534	1.000000000000000e+00	6
535	1.000000000000000e+00	8
536	1.000000000000000e+00	4
537	1.000000000000000e+00	16
538	1.000000000000000e+00	2
539	1.000000000000000e+00	24
540	1.000000000000000e+00	8
541	1.000000000000000e+00	10
542	1.000000000000000e+00	4
543	1.000000000000000e+00	22
544	1.000000000000000e+00	16
545	1.000000000000000e+00	4
546	1.000000000000000e+00	2
547	1.000000000000000e+00	12
548	1.000000000000000e+00	6
549	1.000000000000000e+00	2
550	1.000000000000000e+00	22
551	1.000000000000000e+00	4
552	1.000000000000000e+00	6
553	1.000000000000000e+00	10
554	1.000000000000000e+00	24
555	1.000000000000000e+00	4
556	1.000000000000000e+00	16
557	1.000000000000000e+00	18
558	1.000000000000000e+00	8
559	1.000000000000000e+00	2
560	1.000000000000000e+00	2
561	1.000000000000000e+00	12
562	1.000000000000000e+00	6
563	1.000000000000000e+00	2
564	1.000000000000000e+00	30
565	1.000000000000000e+00	8
566	1.000000000000000e+00	4
567	1.000000000000000e+00	4
568	1.000000000000000e+00	12
569	1.000000000000000e+00	2
570	1.000000000000000e+00	18
571	1.000000000000000e+00	20
572	1.000000000000000e+00	18
573	1.000000000000000e+00	8
574	1.000000000000000e+00	10
575	1.000000000000000e+00	26
576	1.000000000000000e+00	10
577	1.000000000000000e+00	6
578	1.000000000000000e+00	10
579	1.000000000000000e+00	18
580	1.000000000000000e+00	24
581	1.000000000000000e+00	24
582	1.000000000000000e+00	20
583	1.000000000000000e+00	22
584	1.000000000000000e+00	10
585	1.000000000000000e+00	20
586	1.000000000000000e+00	6
587	1.000000000000000e+00	38
588	1.000000000000000e+00	16
589	1.000000000000000e+00	2
590	1.000000000000000e+00	18
591	1.000000000000000e+00	8
592	1.000000000000000e+00	16
593	1.000000000000000e+00	12
594	1.000000000000000e+00	14
595	1.000000000000000e+00	14
596	1.000000000000000e+00	38
597	1.000000000000000e+00	14
598	1.000000000000000e+00	4
599	1.000000000000000e+00	8
600	1.000000000000000e+00	4
601	1.000000000000000e+00	10
602	1.000000000000000e+00	2
603	1.000000000000000e+00	2
604	1.000000000000000e+00	2
605	1.000000000000000e+00	16
606	1.000000000000000e+00	6
607	1.000000000000000e+00	2
608	1.000000000000000e+00	14
609	1.000000000000000e+00	14
610	1.000000000000000e+00	2
611	1.000000000000000e+00	46
612	1.000000000000000e+00	6
613	1.000000000000000e+00	4
614	1.000000000000000e+00	2
615	1.000000000000000e+00	20
616	1.000000000000000e+00	10
617	1.000000000000000e+00	12
618	1.000000000000000e+00	8
619	1.000000000000000e+00	14
620	1.000000000000000e+00	6
621	1.000000000000000e+00	2
622	1.000000000000000e+00	4
623	1.000000000000000e+00	16
624	1.000000000000000e+00	10
625	1.000000000000000e+00	32
626	1.000000000000000e+00	14
627	1.000000000000000e+00	2
628	1.000000000000000e+00	8
629	1.000000000000000e+00	22
630	1.000000000000000e+00	6
631	1.000000000000000e+00	8
632	1.000000000000000e+00	20
633	1.000000000000000e+00	8
634	1.000000000000000e+00	12
635	1.000000000000000e+00	10
636	1.000000000000000e+00	6
637	1.000000000000000e+00	2
638	1.000000000000000e+00	2
639	1.000000000000000e+00	6
640	1.000000000000000e+00	2
641	1.000000000000000e+00	2
642	1.000000000000000e+00	8
643	1.000000000000000e+00	18
644	1.000000000000000e+00	8
645	1.000000000000000e+00	2
646	1.000000000000000e+00	2
647	1.000000000000000e+00	22
648	1.000000000000000e+00	2
649	1.000000000000000e+00	86
650	1.000000000000000e+00	18
651	1.000000000000000e+00	2
652	1.000000000000000e+00	6
653	1.000000000000000e+00	2
654	1.000000000000000e+00	18
655	1.000000000000000e+00	4
656	1.000000000000000e+00	4
657	1.000000000000000e+00	46
658	1.000000000000000e+00	4
659	1.000000000000000e+00	16
660	1.000000000000000e+00	6
661	1.000000000000000e+00	4
662	1.000000000000000e+00	30
663	1.000000000000000e+00	18
664	1.000000000000000e+00	24
665	1.000000000000000e+00	4
666	1.000000000000000e+00	10
667	1.000000000000000e+00	12
668	1.000000000000000e+00	58
669	1.000000000000000e+00	14
670	1.000000000000000e+00	16
671	1.000000000000000e+00	6
672	1.000000000000000e+00	4
673	1.000000000000000e+00	26
674	1.000000000000000e+00	4
675	1.000000000000000e+00	8
676	1.000000000000000e+00	14
677	1.000000000000000e+00	8
678	1.000000000000000e+00	8
679	1.000000000000000e+00	24
680	1.000000000000000e+00	12
681	1.000000000000000e+00	36
682	1.000000000000000e+00	8
683	1.000000000000000e+00	16
684	1.000000000000000e+00	4
685	1.000000000000000e+00	20
686	1.000000000000000e+00	4
687	1.000000000000000e+00	14
688	1.000000000000000e+00	14
689	1.000000000000000e+00	26
690	1.000000000000000e+00	6
691	1.000000000000000e+00	16
692	1.000000000000000e+00	14
693	1.000000000000000e+00	8
694	1.000000000000000e+00	8
695	1.000000000000000e+00	2
696	1.000000000000000e+00	2
697	1.000000000000000e+00	16
698	1.000000000000000e+00	6
699	1.000000000000000e+00	16
700	1.000000000000000e+00	6
701	1.000000000000000e+00	26
702	1.000000000000000e+00	14
703	1.000000000000000e+00	20
704	1.000000000000000e+00	12
705	1.000000000000000e+00	2
706	1.000000000000000e+00	12
707	1.000000000000000e+00	48
708	1.000000000000000e+00	8
709	1.000000000000000e+00	4
710	1.000000000000000e+00	2
711	1.000000000000000e+00	4
712	1.000000000000000e+00	8
713	1.000000000000000e+00	6
714	1.000000000000000e+00	4
715	1.000000000000000e+00	10
716	1.000000000000000e+00	10
717	1.000000000000000e+00	14
718	1.000000000000000e+00	4
719	1.000000000000000e+00	2
720	1.000000000000000e+00	28
721	1.000000000000000e+00	6
722	1.000000000000000e+00	20
723	1.000000000000000e+00	28
724	1.000000000000000e+00	14
725	1.000000000000000e+00	20
726	1.000000000000000e+00	20
727	1.000000000000000e+00	6
728	1.000000000000000e+00	4
729	1.000000000000000e+00	20
730	1.000000000000000e+00	6
731	1.000000000000000e+00	8
732	1.000000000000000e+00	4
733	1.000000000000000e+00	14
734	1.000000000000000e+00	6
735	1.000000000000000e+00	10
736	1.000000000000000e+00	4
737	1.000000000000000e+00	12
738	1.000000000000000e+00	10
739	1.000000000000000e+00	10
740	1.000000000000000e+00	6
741	1.000000000000000e+00	18
742	1.000000000000000e+00	48
743	1.000000000000000e+00	2
744	1.000000000000000e+00	10
745	1.000000000000000e+00	2
746	1.000000000000000e+00	4
747	1.000000000000000e+00	4
748	1.000000000000000e+00	2
749	1.000000000000000e+00	24
750	1.000000000000000e+00	12
751	1.000000000000000e+00	2
752	1.000000000000000e+00	10
753	1.000000000000000e+00	10
754	1.000000000000000e+00	16
755	1.000000000000000e+00	8
756	1.000000000000000e+00	32
757	1.000000000000000e+00	16
758	1.000000000000000e+00	6
759	1.000000000000000e+00	26
760	1.000000000000000e+00	14
761	1.000000000000000e+00	22
762	1.000000000000000e+00	18
763	1.000000000000000e+00	12
764	1.000000000000000e+00	32
765	1.000000000000000e+00	2
766	1.000000000000000e+00	20
767	1.000000000000000e+00	10
768	1.000000000000000e+00	16
769	1.000000000000000e+00	2
770	1.000000000000000e+00	6
771	1.000000000000000e+00	14
772	1.000000000000000e+00	12
773	1.000000000000000e+00	10
774	1.000000000000000e+00	6
775	1.000000000000000e+00	12
776	1.000000000000000e+00	12
777	1.000000000000000e+00	10
778	1.000000000000000e+00	4
779	1.000000000000000e+00	12
780	1.000000000000000e+00	2
781	1.000000000000000e+00	24
782	1.000000000000000e+00	6
783	1.000000000000000e+00	16
784	1.000000000000000e+00	4
785	1.000000000000000e+00	12
786	1.000000000000000e+00	4
787	1.000000000000000e+00	44
788	1.000000000000000e+00	18
789	1.000000000000000e+00	24
790	1.000000000000000e+00	10
791	1.000000000000000e+00	12
792	1.000000000000000e+00	18
793	1.000000000000000e+00	40
794	1.000000000000000e+00	20
795	1.000000000000000e+00	4
796	1.000000000000000e+00	18
797	1.000000000000000e+00	2
798	1.000000000000000e+00	40
799	1.000000000000000e+00	10
800	1.000000000000000e+00	14
801	1.000000000000000e+00	22
802	1.000000000000000e+00	16
803	1.000000000000000e+00	12
804	1.000000000000000e+00	8
805	1.000000000000000e+00	4
806	1.000000000000000e+00	28
807	1.000000000000000e+00	4
808	1.000000000000000e+00	4
809	1.000000000000000e+00	18
810	1.000000000000000e+00	26
811	1.000000000000000e+00	6
812	1.000000000000000e+00	4
813	1.000000000000000e+00	10
814	1.000000000000000e+00	6
815	1.000000000000000e+00	18
816	1.000000000000000e+00	6
817	1.000000000000000e+00	4
818	1.000000000000000e+00	2
819	1.000000000000000e+00	6
820	1.000000000000000e+00	8
821	1.000000000000000e+00	2
822	1.000000000000000e+00	14
823	1.000000000000000e+00	26
824	1.000000000000000e+00	14
825	1.000000000000000e+00	12
826	1.000000000000000e+00	34
827	1.000000000000000e+00	10
828	1.000000000000000e+00	2
829	1.000000000000000e+00	2
830	1.000000000000000e+00	4
831	1.000000000000000e+00	4
832	1.000000000000000e+00	16
833	1.000000000000000e+00	2
834	1.000000000000000e+00	2
835	1.000000000000000e+00	12
836	1.000000000000000e+00	2
837	1.000000000000000e+00	2
838	1.000000000000000e+00	2
839	1.000000000000000e+00	2
840	1.000000000000000e+00	16
841	1.000000000000000e+00	20
842	1.000000000000000e+00	18
843	1.000000000000000e+00	2
844	1.000000000000000e+00	8
845	1.000000000000000e+00	4
846	1.000000000000000e+00	14
847	1.000000000000000e+00	32
848	1.000000000000000e+00	18
849	1.000000000000000e+00	20
850	1.000000000000000e+00	6
851	1.000000000000000e+00	6
852	1.000000000000000e+00	36
853	1.000000000000000e+00	2
854	1.000000000000000e+00	8
855	1.000000000000000e+00	18
856	1.000000000000000e+00	8
857	1.000000000000000e+00	22
858	1.000000000000000e+00	10
859	1.000000000000000e+00	8
860	1.000000000000000e+00	4
861	1.000000000000000e+00	16
862	1.000000000000000e+00	8
863	1.000000000000000e+00	20
864	1.000000000000000e+00	8
865	1.000000000000000e+00	10
866	1.000000000000000e+00	2
867	1.000000000000000e+00	10
868	1.000000000000000e+00	2
869	1.000000000000000e+00	26
870	1.000000000000000e+00	26
871	1.000000000000000e+00	18
872	1.000000000000000e+00	18
873	1.000000000000000e+00	2
874	1.000000000000000e+00	18
875	1.000000000000000e+00	28
876	1.000000000000000e+00	6
877	1.000000000000000e+00	6
878	1.000000000000000e+00	14
879	1.000000000000000e+00	4
880	1.000000000000000e+00	6
881	1.000000000000000e+00	12
882	1.000000000000000e+00	12
883	1.000000000000000e+00	2
884	1.000000000000000e+00	2
885	1.000000000000000e+00	10
886	1.000000000000000e+00	2
887	1.000000000000000e+00	2
888	1.000000000000000e+00	12
889	1.000000000000000e+00	16
890	1.000000000000000e+00	8
891	1.000000000000000e+00	10
892	1.000000000000000e+00	6
893	1.000000000000000e+00	10
894	1.000000000000000e+00	8
895	1.000000000000000e+00	36
896	1.000000000000000e+00	20
897	1.000000000000000e+00	14
898	1.000000000000000e+00	12
899	1.000000000000000e+00	6
900	1.000000000000000e+00	20
901	1.000000000000000e+00	2
902	1.000000000000000e+00	2
903	1.000000000000000e+00	12
904	1.000000000000000e+00	16
905	1.000000000000000e+00	8
906	1.000000000000000e+00	4
907	1.000000000000000e+00	26
908	1.000000000000000e+00	10
909	1.000000000000000e+00	2
910	1.000000000000000e+00	24
911	1.000000000000000e+00	14
912	1.000000000000000e+00	8
913	1.000000000000000e+00	14
914	1.000000000000000e+00	4
915	1.000000000000000e+00	8
916	1.000000000000000e+00	6
917	1.000000000000000e+00	4
918	1.000000000000000e+00	2
919	1.000000000000000e+00	4
920	1.000000000000000e+00	8
921	1.000000000000000e+00	6
922	1.000000000000000e+00	14
923	1.000000000000000e+00	18
924	1.000000000000000e+00	2
925	1.000000000000000e+00	24
926	1.000000000000000e+00	8
927	1.000000000000000e+00	8
928	1.000000000000000e+00	20
929	1.000000000000000e+00	6
930	1.000000000000000e+00	32
931	1.000000000000000e+00	10
932	1.000000000000000e+00	18
933	1.000000000000000e+00	6
934	1.000000000000000e+00	8
935	1.000000000000000e+00	4
936	1.000000000000000e+00	16
937	1.000000000000000e+00	2
938	1.000000000000000e+00	16
939	1.000000000000000e+00	18
940	1.000000000000000e+00	6
941	1.000000000000000e+00	12
942	1.000000000000000e+00	24
943	1.000000000000000e+00	4
944	1.000000000000000e+00	14
945	1.000000000000000e+00	8
946	1.000000000000000e+00	2
947	1.000000000000000e+00	22
948	1.000000000000000e+00	12
949	1.000000000000000e+00	6
950	1.000000000000000e+00	16
951	1.000000000000000e+00	22
952	1.000000000000000e+00	24
953	1.000000000000000e+00	4
954	1.000000000000000e+00	8
955	1.000000000000000e+00	4
956	1.000000000000000e+00	12
957	1.000000000000000e+00	16
958	1.000000000000000e+00	14
959	1.000000000000000e+00	2
960	1.000000000000000e+00	34
961	1.000000000000000e+00	4
962	1.000000000000000e+00	8
963	1.000000000000000e+00	10
964	1.000000000000000e+00	4
965	1.000000000000000e+00	2
966	1.000000000000000e+00	18
967	1.000000000000000e+00	6
968	1.000000000000000e+00	26
969	1.000000000000000e+00	44
970	1.000000000000000e+00	2
971	1.000000000000000e+00	4
972	1.000000000000000e+00	54
973	1.000000000000000e+00	28
974	1.000000000000000e+00	28
975	1.000000000000000e+00	16
976	1.000000000000000e+00	6
977	1.000000000000000e+00	2
978	1.000000000000000e+00	2
979	1.000000000000000e+00	8
980	1.000000000000000e+00	6
981	1.000000000000000e+00	4
982	1.000000000000000e+00	6
983	1.000000000000000e+00	44
984	1.000000000000000e+00	4
985	1.000000000000000e+00	4
986	1.000000000000000e+00	34
987	1.000000000000000e+00	8
988	1.000000000000000e+00	2
989	1.000000000000000e+00	2
990	1.000000000000000e+00	8
991	1.000000000000000e+00	12
992	1.000000000000000e+00	18
993	1.000000000000000e+00	2
994	1.000000000000000e+00	16
995	1.000000000000000e+00	16
996	1.000000000000000e+00	8
997	1.000000000000000e+00	2
998	1.000000000000000e+00	18
999	1.000000000000000e+00	14
1000	1.000000000000000e+00	2


Tempo gasto: 6.540607
