Método usado: LUUS JAAKOLA

POSIÇÃO	ÁREA(mm²)	CUSTO

1	1.000000000000000e+00	12
2	1.000000000000000e+00	4
3	1.000000000000000e+00	20
4	1.000000000000000e+00	8
5	1.000000000000000e+00	10
6	1.000000000000000e+00	22
7	1.000000000000000e+00	12
8	1.000000000000000e+00	2
9	1.000000000000000e+00	10
10	1.000000000000000e+00	6
11	1.000000000000000e+00	26
12	1.000000000000000e+00	4
13	1.000000000000000e+00	14
14	1.000000000000000e+00	28
15	1.000000000000000e+00	14
16	1.000000000000000e+00	22
17	1.000000000000000e+00	12
18	1.000000000000000e+00	4
19	1.000000000000000e+00	28
20	1.000000000000000e+00	16
21	1.000000000000000e+00	28
22	1.000000000000000e+00	12
23	1.000000000000000e+00	10
24	1.000000000000000e+00	4
25	1.000000000000000e+00	20
26	1.000000000000000e+00	10
27	1.000000000000000e+00	2
28	1.000000000000000e+00	4
29	1.000000000000000e+00	10
30	1.000000000000000e+00	22
31	1.000000000000000e+00	16
32	1.000000000000000e+00	30
33	1.000000000000000e+00	4
34	1.000000000000000e+00	12
35	1.000000000000000e+00	8
36	1.000000000000000e+00	16
37	1.000000000000000e+00	2
38	1.000000000000000e+00	8
39	1.000000000000000e+00	12
40	1.000000000000000e+00	10
41	1.000000000000000e+00	8
42	1.000000000000000e+00	10
43	1.000000000000000e+00	4
44	1.000000000000000e+00	2
45	1.000000000000000e+00	4
46	1.000000000000000e+00	8
47	1.000000000000000e+00	22
48	1.000000000000000e+00	14
49	1.000000000000000e+00	6
50	1.000000000000000e+00	12
51	1.000000000000000e+00	2
52	1.000000000000000e+00	28
53	1.000000000000000e+00	14
54	1.000000000000000e+00	18
55	1.000000000000000e+00	2
56	1.000000000000000e+00	14
57	1.000000000000000e+00	10
58	1.000000000000000e+00	12
59	1.000000000000000e+00	10
60	1.000000000000000e+00	12
61	1.000000000000000e+00	12
62	1.000000000000000e+00	4
63	1.000000000000000e+00	2
64	1.000000000000000e+00	28
65	1.000000000000000e+00	8
66	1.000000000000000e+00	4
67	1.000000000000000e+00	30
68	1.000000000000000e+00	28
69	1.000000000000000e+00	2
70	1.000000000000000e+00	10
71	1.000000000000000e+00	18
72	1.000000000000000e+00	6
73	1.000000000000000e+00	24
74	1.000000000000000e+00	16
75	1.000000000000000e+00	8
76	1.000000000000000e+00	2
77	1.000000000000000e+00	6
78	1.000000000000000e+00	16
79	1.000000000000000e+00	4
80	1.000000000000000e+00	6
81	1.000000000000000e+00	4
82	1.000000000000000e+00	30
83	1.000000000000000e+00	2
84	1.000000000000000e+00	40
85	1.000000000000000e+00	16
86	1.000000000000000e+00	4
87	1.000000000000000e+00	56
88	1.000000000000000e+00	10
89	1.000000000000000e+00	12
90	1.000000000000000e+00	24
91	1.000000000000000e+00	32
92	1.000000000000000e+00	4
93	1.000000000000000e+00	6
94	1.000000000000000e+00	14
95	1.000000000000000e+00	24
96	1.000000000000000e+00	2
97	1.000000000000000e+00	6
98	1.000000000000000e+00	2
99	1.000000000000000e+00	8
100	1.000000000000000e+00	2
101	1.000000000000000e+00	40
102	1.000000000000000e+00	6
103	1.000000000000000e+00	18
104	1.000000000000000e+00	6
105	1.000000000000000e+00	2
106	1.000000000000000e+00	24
107	1.000000000000000e+00	20
108	1.000000000000000e+00	2
109	1.000000000000000e+00	14
110	1.000000000000000e+00	2
111	1.000000000000000e+00	24
112	1.000000000000000e+00	14
113	1.000000000000000e+00	2
114	1.000000000000000e+00	2
115	1.000000000000000e+00	20
116	1.000000000000000e+00	12
117	1.000000000000000e+00	12
118	1.000000000000000e+00	4
119	1.000000000000000e+00	6
120	1.000000000000000e+00	32
121	1.000000000000000e+00	2
122	1.000000000000000e+00	18
123	1.000000000000000e+00	6
124	1.000000000000000e+00	22
125	1.000000000000000e+00	16
126	1.000000000000000e+00	12
127	1.000000000000000e+00	6
128	1.000000000000000e+00	30
129	1.000000000000000e+00	10
130	1.000000000000000e+00	10
131	1.000000000000000e+00	4
132	1.000000000000000e+00	6
133	1.000000000000000e+00	2
134	1.000000000000000e+00	2
135	1.000000000000000e+00	10
136	1.000000000000000e+00	14
137	1.000000000000000e+00	20
138	1.000000000000000e+00	16
139	1.000000000000000e+00	18
140	1.000000000000000e+00	10
141	1.000000000000000e+00	20
142	1.000000000000000e+00	4
143	1.000000000000000e+00	10
144	1.000000000000000e+00	2
145	1.000000000000000e+00	2
146	1.000000000000000e+00	6
147	1.000000000000000e+00	4
148	1.000000000000000e+00	10
149	1.000000000000000e+00	20
150	1.000000000000000e+00	18
151	1.000000000000000e+00	4
152	1.000000000000000e+00	22
153	1.000000000000000e+00	14
154	1.000000000000000e+00	30
155	1.000000000000000e+00	16
156	1.000000000000000e+00	14
157	1.000000000000000e+00	2
158	1.000000000000000e+00	26
159	1.000000000000000e+00	6
160	1.000000000000000e+00	2
161	1.000000000000000e+00	6
162	1.000000000000000e+00	2
163	1.000000000000000e+00	8
164	1.000000000000000e+00	8
165	1.000000000000000e+00	10
166	1.000000000000000e+00	2
167	1.000000000000000e+00	8
168	1.000000000000000e+00	12
169	1.000000000000000e+00	26
170	1.000000000000000e+00	8
171	1.000000000000000e+00	2
172	1.000000000000000e+00	12
173	1.000000000000000e+00	2
174	1.000000000000000e+00	18
175	1.000000000000000e+00	42
176	1.000000000000000e+00	10
177	1.000000000000000e+00	8
178	1.000000000000000e+00	10
179	1.000000000000000e+00	8
180	1.000000000000000e+00	24
181	1.000000000000000e+00	2
182	1.000000000000000e+00	16
183	1.000000000000000e+00	22
184	1.000000000000000e+00	12
185	1.000000000000000e+00	6
186	1.000000000000000e+00	6
187	1.000000000000000e+00	18
188	1.000000000000000e+00	20
189	1.000000000000000e+00	8
190	1.000000000000000e+00	8
191	1.000000000000000e+00	22
192	1.000000000000000e+00	16
193	1.000000000000000e+00	8
194	1.000000000000000e+00	6
195	1.000000000000000e+00	14
196	1.000000000000000e+00	8
197	1.000000000000000e+00	4
198	1.000000000000000e+00	20
199	1.000000000000000e+00	6
200	1.000000000000000e+00	14
201	1.000000000000000e+00	8
202	1.000000000000000e+00	10
203	1.000000000000000e+00	8
204	1.000000000000000e+00	86
205	1.000000000000000e+00	28
206	1.000000000000000e+00	2
207	1.000000000000000e+00	12
208	1.000000000000000e+00	20
209	1.000000000000000e+00	4
210	1.000000000000000e+00	14
211	1.000000000000000e+00	4
212	1.000000000000000e+00	8
213	1.000000000000000e+00	6
214	1.000000000000000e+00	2
215	1.000000000000000e+00	2
216	1.000000000000000e+00	16
217	1.000000000000000e+00	4
218	1.000000000000000e+00	14
219	1.000000000000000e+00	10
220	1.000000000000000e+00	26
221	1.000000000000000e+00	8
222	1.000000000000000e+00	16
223	1.000000000000000e+00	2
224	1.000000000000000e+00	2
225	1.000000000000000e+00	6
226	1.000000000000000e+00	2
227	1.000000000000000e+00	16
228	1.000000000000000e+00	6
229	1.000000000000000e+00	28
230	1.000000000000000e+00	10
231	1.000000000000000e+00	2
232	1.000000000000000e+00	2
233	1.000000000000000e+00	30
234	1.000000000000000e+00	2
235	1.000000000000000e+00	14
236	1.000000000000000e+00	16
237	1.000000000000000e+00	10
238	1.000000000000000e+00	14
239	1.000000000000000e+00	8
240	1.000000000000000e+00	18
241	1.000000000000000e+00	6
242	1.000000000000000e+00	20
243	1.000000000000000e+00	8
244	1.000000000000000e+00	2
245	1.000000000000000e+00	18
246	1.000000000000000e+00	4
247	1.000000000000000e+00	22
248	1.000000000000000e+00	2
249	1.000000000000000e+00	2
250	1.000000000000000e+00	18
251	1.000000000000000e+00	10
252	1.000000000000000e+00	6
253	1.000000000000000e+00	10
254	1.000000000000000e+00	8
255	1.000000000000000e+00	18
256	1.000000000000000e+00	36
257	1.000000000000000e+00	8
258	1.000000000000000e+00	10
259	1.000000000000000e+00	8
260	1.000000000000000e+00	56
261	1.000000000000000e+00	22
262	1.000000000000000e+00	8
263	1.000000000000000e+00	26
264	1.000000000000000e+00	34
265	1.000000000000000e+00	10
266	1.000000000000000e+00	4
267	1.000000000000000e+00	2
268	1.000000000000000e+00	2
269	1.000000000000000e+00	12
270	1.000000000000000e+00	10
271	1.000000000000000e+00	2
272	1.000000000000000e+00	20
273	1.000000000000000e+00	10
274	1.000000000000000e+00	8
275	1.000000000000000e+00	10
276	1.000000000000000e+00	6
277	1.000000000000000e+00	10
278	1.000000000000000e+00	8
279	1.000000000000000e+00	20
280	1.000000000000000e+00	32
281	1.000000000000000e+00	2
282	1.000000000000000e+00	4
283	1.000000000000000e+00	2
284	1.000000000000000e+00	14
285	1.000000000000000e+00	8
286	1.000000000000000e+00	4
287	1.000000000000000e+00	6
288	1.000000000000000e+00	6
289	1.000000000000000e+00	24
290	1.000000000000000e+00	8
291	1.000000000000000e+00	22
292	1.000000000000000e+00	14
293	1.000000000000000e+00	8
294	1.000000000000000e+00	2
295	1.000000000000000e+00	12
296	1.000000000000000e+00	18
297	1.000000000000000e+00	48
298	1.000000000000000e+00	6
299	1.000000000000000e+00	2
300	1.000000000000000e+00	8
301	1.000000000000000e+00	8
302	1.000000000000000e+00	4
303	1.000000000000000e+00	2
304	1.000000000000000e+00	30
305	1.000000000000000e+00	8
306	1.000000000000000e+00	8
307	1.000000000000000e+00	4
308	1.000000000000000e+00	2
309	1.000000000000000e+00	2
310	1.000000000000000e+00	12
311	1.000000000000000e+00	8
312	1.000000000000000e+00	4
313	1.000000000000000e+00	4
314	1.000000000000000e+00	6
315	1.000000000000000e+00	8
316	1.000000000000000e+00	14
317	1.000000000000000e+00	12
318	1.000000000000000e+00	6
319	1.000000000000000e+00	12
320	1.000000000000000e+00	12
321	1.000000000000000e+00	22
322	1.000000000000000e+00	4
323	1.000000000000000e+00	22
324	1.000000000000000e+00	22
325	1.000000000000000e+00	12
326	1.000000000000000e+00	6
327	1.000000000000000e+00	6
328	1.000000000000000e+00	52
329	1.000000000000000e+00	6
330	1.000000000000000e+00	20
331	1.000000000000000e+00	2
332	1.000000000000000e+00	24
333	1.000000000000000e+00	34
334	1.000000000000000e+00	4
335	1.000000000000000e+00	20
336	1.000000000000000e+00	22
337	1.000000000000000e+00	2
338	1.000000000000000e+00	10
339	1.000000000000000e+00	4
340	1.000000000000000e+00	2
341	1.000000000000000e+00	22
342	1.000000000000000e+00	2
343	1.000000000000000e+00	8
344	1.000000000000000e+00	4
345	1.000000000000000e+00	4
346	1.000000000000000e+00	6
347	1.000000000000000e+00	4
348	1.000000000000000e+00	2
349	1.000000000000000e+00	6
350	1.000000000000000e+00	2
351	1.000000000000000e+00	8
352	1.000000000000000e+00	20
353	1.000000000000000e+00	34
354	1.000000000000000e+00	24
355	1.000000000000000e+00	2
356	1.000000000000000e+00	2
357	1.000000000000000e+00	20
358	1.000000000000000e+00	26
359	1.000000000000000e+00	8
360	1.000000000000000e+00	14
361	1.000000000000000e+00	8
362	1.000000000000000e+00	14
363	1.000000000000000e+00	8
364	1.000000000000000e+00	26
365	1.000000000000000e+00	4
366	1.000000000000000e+00	8
367	1.000000000000000e+00	8
368	1.000000000000000e+00	4
369	1.000000000000000e+00	14
370	1.000000000000000e+00	6
371	1.000000000000000e+00	2
372	1.000000000000000e+00	28
373	1.000000000000000e+00	58
374	1.000000000000000e+00	4
375	1.000000000000000e+00	2
376	1.000000000000000e+00	18
377	1.000000000000000e+00	14
378	1.000000000000000e+00	10
379	1.000000000000000e+00	10
380	1.000000000000000e+00	14
381	1.000000000000000e+00	14
382	1.000000000000000e+00	6
383	1.000000000000000e+00	8
384	1.000000000000000e+00	8
385	1.000000000000000e+00	22
386	1.000000000000000e+00	14
387	1.000000000000000e+00	2
388	1.000000000000000e+00	2
389	1.000000000000000e+00	12
390	1.000000000000000e+00	36
391	1.000000000000000e+00	4
392	1.000000000000000e+00	2
393	1.000000000000000e+00	6
394	1.000000000000000e+00	22
395	1.000000000000000e+00	40
396	1.000000000000000e+00	20
397	1.000000000000000e+00	14
398	1.000000000000000e+00	12
399	1.000000000000000e+00	2
400	1.000000000000000e+00	8
401	1.000000000000000e+00	4
402	1.000000000000000e+00	12
403	1.000000000000000e+00	6
404	1.000000000000000e+00	22
405	1.000000000000000e+00	6
406	1.000000000000000e+00	14
407	1.000000000000000e+00	4
408	1.000000000000000e+00	30
409	1.000000000000000e+00	42
410	1.000000000000000e+00	12
411	1.000000000000000e+00	20
412	1.000000000000000e+00	32
413	1.000000000000000e+00	8
414	1.000000000000000e+00	10
415	1.000000000000000e+00	4
416	1.000000000000000e+00	2
417	1.000000000000000e+00	26
418	1.000000000000000e+00	2
419	1.000000000000000e+00	42
420	1.000000000000000e+00	24
421	1.000000000000000e+00	16
422	1.000000000000000e+00	2
423	1.000000000000000e+00	2
424	1.000000000000000e+00	8
425	1.000000000000000e+00	18
426	1.000000000000000e+00	8
427	1.000000000000000e+00	2
428	1.000000000000000e+00	10
429	1.000000000000000e+00	6
430	1.000000000000000e+00	10
431	1.000000000000000e+00	42
432	1.000000000000000e+00	8
433	1.000000000000000e+00	14
434	1.000000000000000e+00	4
435	1.000000000000000e+00	4
436	1.000000000000000e+00	4
437	1.000000000000000e+00	16
438	1.000000000000000e+00	6
439	1.000000000000000e+00	10
440	1.000000000000000e+00	14
441	1.000000000000000e+00	24
442	1.000000000000000e+00	12
443	1.000000000000000e+00	14
444	1.000000000000000e+00	4
445	1.000000000000000e+00	2
446	1.000000000000000e+00	8
447	1.000000000000000e+00	10
448	1.000000000000000e+00	30
449	1.000000000000000e+00	8
450	1.000000000000000e+00	16
451	1.000000000000000e+00	6
452	1.000000000000000e+00	6
453	1.000000000000000e+00	2
454	1.000000000000000e+00	4
455	1.000000000000000e+00	10
456	1.000000000000000e+00	24
457	1.000000000000000e+00	4
458	1.000000000000000e+00	32
459	1.000000000000000e+00	24
460	1.000000000000000e+00	18
461	1.000000000000000e+00	12
462	1.000000000000000e+00	8
463	1.000000000000000e+00	16
464	1.000000000000000e+00	14
465	1.000000000000000e+00	10
466	1.000000000000000e+00	12
467	1.000000000000000e+00	2
468	1.000000000000000e+00	38
469	1.000000000000000e+00	4
470	1.000000000000000e+00	18
471	1.000000000000000e+00	18
472	1.000000000000000e+00	20
473	1.000000000000000e+00	16
474	1.000000000000000e+00	18
475	1.000000000000000e+00	8
476	1.000000000000000e+00	22
477	1.000000000000000e+00	24
478	1.000000000000000e+00	24
479	1.000000000000000e+00	20
480	1.000000000000000e+00	12
481	1.000000000000000e+00	14
482	1.000000000000000e+00	4
483	1.000000000000000e+00	24
484	1.000000000000000e+00	6
485	1.000000000000000e+00	16
486	1.000000000000000e+00	24
487	1.000000000000000e+00	10
488	1.000000000000000e+00	12
489	1.000000000000000e+00	8
490	1.000000000000000e+00	16
491	9.499958289215381e-01	314
492	8.999890197042720e-01	242
493	8.499905485022413e-01	268
494	8.000040248280214e-01	314
495	7.499940178430277e-01	296
496	6.999874591901188e-01	302
497	6.499819479237463e-01	254
498	5.999807499343931e-01	174
499	5.499907016350298e-01	270
500	4.999927487053565e-01	152
501	5.499848127551141e-01	284
502	5.999796125077725e-01	348
503	6.499698066304833e-01	296
504	6.999723933150108e-01	318
505	7.499613805634917e-01	284
506	7.999739537989154e-01	216
507	8.499759811705053e-01	312
508	8.999832059375285e-01	180
509	9.499823533724663e-01	198
510	8.999724380357651e-01	256
511	8.499862920374086e-01	302
512	7.999851571047879e-01	318
513	7.499907466409143e-01	268
514	7.999786109150252e-01	246
515	8.499922714212887e-01	188
516	8.999817640525959e-01	328
517	9.499838303038557e-01	320
518	1.000000000000000e+00	8
519	1.000000000000000e+00	2
520	1.000000000000000e+00	4
521	1.000000000000000e+00	32
522	1.000000000000000e+00	24
523	1.000000000000000e+00	6
524	1.000000000000000e+00	4
525	1.000000000000000e+00	14
526	1.000000000000000e+00	14
527	1.000000000000000e+00	2
528	1.000000000000000e+00	2
529	1.000000000000000e+00	4
530	1.000000000000000e+00	10
531	1.000000000000000e+00	6
532	1.000000000000000e+00	4
533	1.000000000000000e+00	18
534	1.000000000000000e+00	4
535	1.000000000000000e+00	8
536	1.000000000000000e+00	18
537	1.000000000000000e+00	2
538	1.000000000000000e+00	2
539	1.000000000000000e+00	22
540	1.000000000000000e+00	2
541	1.000000000000000e+00	16
542	1.000000000000000e+00	12
543	1.000000000000000e+00	38
544	1.000000000000000e+00	30
545	1.000000000000000e+00	4
546	1.000000000000000e+00	4
547	1.000000000000000e+00	2
548	1.000000000000000e+00	6
549	1.000000000000000e+00	4
550	1.000000000000000e+00	4
551	1.000000000000000e+00	6
552	1.000000000000000e+00	14
553	1.000000000000000e+00	18
554	1.000000000000000e+00	6
555	1.000000000000000e+00	16
556	1.000000000000000e+00	6
557	1.000000000000000e+00	6
558	1.000000000000000e+00	6
559	1.000000000000000e+00	16
560	1.000000000000000e+00	24
561	1.000000000000000e+00	12
562	1.000000000000000e+00	52
563	1.000000000000000e+00	4
564	1.000000000000000e+00	8
565	1.000000000000000e+00	22
566	1.000000000000000e+00	8
567	1.000000000000000e+00	14
568	1.000000000000000e+00	28
569	1.000000000000000e+00	2
570	1.000000000000000e+00	2
571	1.000000000000000e+00	26
572	1.000000000000000e+00	12
573	1.000000000000000e+00	2
574	1.000000000000000e+00	48
575	1.000000000000000e+00	4
576	1.000000000000000e+00	4
577	1.000000000000000e+00	16
578	1.000000000000000e+00	20
579	1.000000000000000e+00	18
580	1.000000000000000e+00	2
581	1.000000000000000e+00	22
582	1.000000000000000e+00	12
583	1.000000000000000e+00	10
584	1.000000000000000e+00	8
585	1.000000000000000e+00	4
586	1.000000000000000e+00	16
587	1.000000000000000e+00	6
588	1.000000000000000e+00	26
589	1.000000000000000e+00	6
590	1.000000000000000e+00	8
591	1.000000000000000e+00	4
592	1.000000000000000e+00	20
593	1.000000000000000e+00	4
594	1.000000000000000e+00	28
595	1.000000000000000e+00	8
596	1.000000000000000e+00	8
597	1.000000000000000e+00	16
598	1.000000000000000e+00	2
599	1.000000000000000e+00	18
600	1.000000000000000e+00	28
601	1.000000000000000e+00	18
602	1.000000000000000e+00	6
603	1.000000000000000e+00	4
604	1.000000000000000e+00	10
605	1.000000000000000e+00	28
606	1.000000000000000e+00	16
607	1.000000000000000e+00	10
608	1.000000000000000e+00	2
609	1.000000000000000e+00	14
610	1.000000000000000e+00	20
611	1.000000000000000e+00	4
612	1.000000000000000e+00	6
613	1.000000000000000e+00	2
614	1.000000000000000e+00	4
615	1.000000000000000e+00	24
616	1.000000000000000e+00	8
617	1.000000000000000e+00	2
618	1.000000000000000e+00	10
619	1.000000000000000e+00	10
620	1.000000000000000e+00	10
621	1.000000000000000e+00	20
622	1.000000000000000e+00	22
623	1.000000000000000e+00	12
624	1.000000000000000e+00	44
625	1.000000000000000e+00	6
626	1.000000000000000e+00	8
627	1.000000000000000e+00	10
628	1.000000000000000e+00	2
629	1.000000000000000e+00	14
630	1.000000000000000e+00	10
631	1.000000000000000e+00	12
632	1.000000000000000e+00	12
633	1.000000000000000e+00	18
634	1.000000000000000e+00	28
635	1.000000000000000e+00	38
636	1.000000000000000e+00	18
637	1.000000000000000e+00	16
638	1.000000000000000e+00	2
639	1.000000000000000e+00	12
640	1.000000000000000e+00	8
641	1.000000000000000e+00	2
642	1.000000000000000e+00	22
643	1.000000000000000e+00	10
644	1.000000000000000e+00	6
645	1.000000000000000e+00	22
646	1.000000000000000e+00	18
647	1.000000000000000e+00	14
648	1.000000000000000e+00	4
649	1.000000000000000e+00	14
650	1.000000000000000e+00	2
651	1.000000000000000e+00	2
652	1.000000000000000e+00	2
653	1.000000000000000e+00	12
654	1.000000000000000e+00	8
655	1.000000000000000e+00	4
656	1.000000000000000e+00	2
657	1.000000000000000e+00	24
658	1.000000000000000e+00	12
659	1.000000000000000e+00	12
660	1.000000000000000e+00	6
661	1.000000000000000e+00	12
662	1.000000000000000e+00	10
663	1.000000000000000e+00	8
664	1.000000000000000e+00	4
665	1.000000000000000e+00	26
666	1.000000000000000e+00	10
667	1.000000000000000e+00	8
668	1.000000000000000e+00	6
669	1.000000000000000e+00	12
670	1.000000000000000e+00	62
671	1.000000000000000e+00	2
672	1.000000000000000e+00	24
673	1.000000000000000e+00	68
674	1.000000000000000e+00	26
675	1.000000000000000e+00	18
676	1.000000000000000e+00	8
677	1.000000000000000e+00	8
678	1.000000000000000e+00	16
679	1.000000000000000e+00	16
680	1.000000000000000e+00	32
681	1.000000000000000e+00	8
682	1.000000000000000e+00	6
683	1.000000000000000e+00	2
684	1.000000000000000e+00	4
685	1.000000000000000e+00	28
686	1.000000000000000e+00	2
687	1.000000000000000e+00	6
688	1.000000000000000e+00	6
689	1.000000000000000e+00	4
690	1.000000000000000e+00	6
691	1.000000000000000e+00	6
692	1.000000000000000e+00	6
693	1.000000000000000e+00	4
694	1.000000000000000e+00	12
695	1.000000000000000e+00	26
696	1.000000000000000e+00	48
697	1.000000000000000e+00	42
698	1.000000000000000e+00	10
699	1.000000000000000e+00	14
700	1.000000000000000e+00	2
701	1.000000000000000e+00	8
702	1.000000000000000e+00	26
703	1.000000000000000e+00	2
704	1.000000000000000e+00	4
705	1.000000000000000e+00	4
706	1.000000000000000e+00	20
707	1.000000000000000e+00	4
708	1.000000000000000e+00	10
709	1.000000000000000e+00	8
710	1.000000000000000e+00	4
711	1.000000000000000e+00	2
712	1.000000000000000e+00	10
713	1.000000000000000e+00	18
714	1.000000000000000e+00	20
715	1.000000000000000e+00	12
716	1.000000000000000e+00	10
717	1.000000000000000e+00	16
718	1.000000000000000e+00	6
719	1.000000000000000e+00	46
720	1.000000000000000e+00	8
721	1.000000000000000e+00	6
722	1.000000000000000e+00	22
723	1.000000000000000e+00	12
724	1.000000000000000e+00	8
725	1.000000000000000e+00	40
726	1.000000000000000e+00	4
727	1.000000000000000e+00	2
728	1.000000000000000e+00	20
729	1.000000000000000e+00	22
730	1.000000000000000e+00	2
731	1.000000000000000e+00	8
732	1.000000000000000e+00	8
733	1.000000000000000e+00	32
734	1.000000000000000e+00	18
735	1.000000000000000e+00	26
736	1.000000000000000e+00	6
737	1.000000000000000e+00	6
738	1.000000000000000e+00	6
739	1.000000000000000e+00	14
740	1.000000000000000e+00	2
741	1.000000000000000e+00	14
742	1.000000000000000e+00	2
743	1.000000000000000e+00	10
744	1.000000000000000e+00	12
745	1.000000000000000e+00	6
746	1.000000000000000e+00	2
747	1.000000000000000e+00	10
748	1.000000000000000e+00	10
749	1.000000000000000e+00	26
750	1.000000000000000e+00	36
751	1.000000000000000e+00	12
752	1.000000000000000e+00	16
753	1.000000000000000e+00	2
754	1.000000000000000e+00	6
755	1.000000000000000e+00	2
756	1.000000000000000e+00	38
757	1.000000000000000e+00	8
758	1.000000000000000e+00	8
759	1.000000000000000e+00	30
760	1.000000000000000e+00	22
761	1.000000000000000e+00	18
762	1.000000000000000e+00	6
763	1.000000000000000e+00	16
764	1.000000000000000e+00	4
765	1.000000000000000e+00	4
766	1.000000000000000e+00	12
767	1.000000000000000e+00	50
768	1.000000000000000e+00	16
769	1.000000000000000e+00	36
770	1.000000000000000e+00	14
771	1.000000000000000e+00	8
772	1.000000000000000e+00	28
773	1.000000000000000e+00	8
774	1.000000000000000e+00	10
775	1.000000000000000e+00	4
776	1.000000000000000e+00	2
777	1.000000000000000e+00	2
778	1.000000000000000e+00	42
779	1.000000000000000e+00	40
780	1.000000000000000e+00	26
781	1.000000000000000e+00	4
782	1.000000000000000e+00	6
783	1.000000000000000e+00	4
784	1.000000000000000e+00	28
785	1.000000000000000e+00	36
786	1.000000000000000e+00	2
787	1.000000000000000e+00	16
788	1.000000000000000e+00	12
789	1.000000000000000e+00	2
790	1.000000000000000e+00	4
791	1.000000000000000e+00	2
792	1.000000000000000e+00	58
793	1.000000000000000e+00	30
794	1.000000000000000e+00	12
795	1.000000000000000e+00	8
796	1.000000000000000e+00	10
797	1.000000000000000e+00	10
798	1.000000000000000e+00	4
799	1.000000000000000e+00	18
800	1.000000000000000e+00	4
801	1.000000000000000e+00	4
802	1.000000000000000e+00	16
803	1.000000000000000e+00	20
804	1.000000000000000e+00	40
805	1.000000000000000e+00	14
806	1.000000000000000e+00	2
807	1.000000000000000e+00	4
808	1.000000000000000e+00	10
809	1.000000000000000e+00	20
810	1.000000000000000e+00	6
811	1.000000000000000e+00	2
812	1.000000000000000e+00	8
813	1.000000000000000e+00	12
814	1.000000000000000e+00	6
815	1.000000000000000e+00	24
816	1.000000000000000e+00	8
817	1.000000000000000e+00	14
818	1.000000000000000e+00	4
819	1.000000000000000e+00	2
820	1.000000000000000e+00	14
821	1.000000000000000e+00	6
822	1.000000000000000e+00	12
823	1.000000000000000e+00	10
824	1.000000000000000e+00	4
825	1.000000000000000e+00	16
826	1.000000000000000e+00	2
827	1.000000000000000e+00	14
828	1.000000000000000e+00	4
829	1.000000000000000e+00	16
830	1.000000000000000e+00	4
831	1.000000000000000e+00	4
832	1.000000000000000e+00	16
833	1.000000000000000e+00	26
834	1.000000000000000e+00	12
835	1.000000000000000e+00	44
836	1.000000000000000e+00	8
837	1.000000000000000e+00	4
838	1.000000000000000e+00	16
839	1.000000000000000e+00	20
840	1.000000000000000e+00	8
841	1.000000000000000e+00	2
842	1.000000000000000e+00	4
843	1.000000000000000e+00	2
844	1.000000000000000e+00	14
845	1.000000000000000e+00	14
846	1.000000000000000e+00	12
847	1.000000000000000e+00	4
848	1.000000000000000e+00	4
849	1.000000000000000e+00	4
850	1.000000000000000e+00	6
851	1.000000000000000e+00	30
852	1.000000000000000e+00	14
853	1.000000000000000e+00	12
854	1.000000000000000e+00	12
855	1.000000000000000e+00	36
856	1.000000000000000e+00	46
857	1.000000000000000e+00	10
858	1.000000000000000e+00	30
859	1.000000000000000e+00	6
860	1.000000000000000e+00	10
861	1.000000000000000e+00	6
862	1.000000000000000e+00	4
863	1.000000000000000e+00	16
864	1.000000000000000e+00	12
865	1.000000000000000e+00	8
866	1.000000000000000e+00	26
867	1.000000000000000e+00	12
868	1.000000000000000e+00	6
869	1.000000000000000e+00	12
870	1.000000000000000e+00	22
871	1.000000000000000e+00	10
872	1.000000000000000e+00	8
873	1.000000000000000e+00	2
874	1.000000000000000e+00	20
875	1.000000000000000e+00	18
876	1.000000000000000e+00	8
877	1.000000000000000e+00	10
878	1.000000000000000e+00	6
879	1.000000000000000e+00	8
880	1.000000000000000e+00	2
881	1.000000000000000e+00	16
882	1.000000000000000e+00	24
883	1.000000000000000e+00	4
884	1.000000000000000e+00	32
885	1.000000000000000e+00	2
886	1.000000000000000e+00	8
887	1.000000000000000e+00	10
888	1.000000000000000e+00	20
889	1.000000000000000e+00	20
890	1.000000000000000e+00	12
891	1.000000000000000e+00	4
892	1.000000000000000e+00	14
893	1.000000000000000e+00	14
894	1.000000000000000e+00	10
895	1.000000000000000e+00	10
896	1.000000000000000e+00	6
897	1.000000000000000e+00	4
898	1.000000000000000e+00	8
899	1.000000000000000e+00	6
900	1.000000000000000e+00	2
901	1.000000000000000e+00	6
902	1.000000000000000e+00	6
903	1.000000000000000e+00	8
904	1.000000000000000e+00	12
905	1.000000000000000e+00	14
906	1.000000000000000e+00	4
907	1.000000000000000e+00	14
908	1.000000000000000e+00	8
909	1.000000000000000e+00	2
910	1.000000000000000e+00	18
911	1.000000000000000e+00	16
912	1.000000000000000e+00	14
913	1.000000000000000e+00	6
914	1.000000000000000e+00	4
915	1.000000000000000e+00	26
916	1.000000000000000e+00	22
917	1.000000000000000e+00	14
918	1.000000000000000e+00	6
919	1.000000000000000e+00	12
920	1.000000000000000e+00	6
921	1.000000000000000e+00	20
922	1.000000000000000e+00	2
923	1.000000000000000e+00	6
924	1.000000000000000e+00	4
925	1.000000000000000e+00	12
926	1.000000000000000e+00	22
927	1.000000000000000e+00	6
928	1.000000000000000e+00	8
929	1.000000000000000e+00	4
930	1.000000000000000e+00	4
931	1.000000000000000e+00	12
932	1.000000000000000e+00	24
933	1.000000000000000e+00	12
934	1.000000000000000e+00	10
935	1.000000000000000e+00	2
936	1.000000000000000e+00	10
937	1.000000000000000e+00	14
938	1.000000000000000e+00	10
939	1.000000000000000e+00	8
940	1.000000000000000e+00	4
941	1.000000000000000e+00	6
942	1.000000000000000e+00	4
943	1.000000000000000e+00	20
944	1.000000000000000e+00	2
945	1.000000000000000e+00	6
946	1.000000000000000e+00	20
947	1.000000000000000e+00	4
948	1.000000000000000e+00	28
949	1.000000000000000e+00	8
950	1.000000000000000e+00	2
951	1.000000000000000e+00	12
952	1.000000000000000e+00	16
953	1.000000000000000e+00	12
954	1.000000000000000e+00	24
955	1.000000000000000e+00	4
956	1.000000000000000e+00	16
957	1.000000000000000e+00	4
958	1.000000000000000e+00	4
959	1.000000000000000e+00	20
960	1.000000000000000e+00	4
961	1.000000000000000e+00	30
962	1.000000000000000e+00	10
963	1.000000000000000e+00	10
964	1.000000000000000e+00	18
965	1.000000000000000e+00	18
966	1.000000000000000e+00	20
967	1.000000000000000e+00	16
968	1.000000000000000e+00	6
969	1.000000000000000e+00	16
970	1.000000000000000e+00	2
971	1.000000000000000e+00	50
972	1.000000000000000e+00	10
973	1.000000000000000e+00	10
974	1.000000000000000e+00	16
975	1.000000000000000e+00	44
976	1.000000000000000e+00	12
977	1.000000000000000e+00	22
978	1.000000000000000e+00	32
979	1.000000000000000e+00	18
980	1.000000000000000e+00	20
981	1.000000000000000e+00	4
982	1.000000000000000e+00	10
983	1.000000000000000e+00	26
984	1.000000000000000e+00	2
985	1.000000000000000e+00	24
986	1.000000000000000e+00	18
987	1.000000000000000e+00	18
988	1.000000000000000e+00	2
989	1.000000000000000e+00	10
990	1.000000000000000e+00	4
991	1.000000000000000e+00	18
992	1.000000000000000e+00	14
993	1.000000000000000e+00	2
994	1.000000000000000e+00	4
995	1.000000000000000e+00	18
996	1.000000000000000e+00	22
997	1.000000000000000e+00	4
998	1.000000000000000e+00	10
999	1.000000000000000e+00	8
1000	1.000000000000000e+00	4


Tempo gasto: 6.692392
