Método usado: LUUS JAAKOLA

POSIÇÃO	ÁREA(mm²)	CUSTO

1	1.000000000000000e+00	2
2	1.000000000000000e+00	8
3	1.000000000000000e+00	34
4	1.000000000000000e+00	6
5	1.000000000000000e+00	6
6	1.000000000000000e+00	8
7	1.000000000000000e+00	4
8	1.000000000000000e+00	8
9	1.000000000000000e+00	14
10	1.000000000000000e+00	4
11	1.000000000000000e+00	18
12	1.000000000000000e+00	2
13	1.000000000000000e+00	12
14	1.000000000000000e+00	4
15	1.000000000000000e+00	10
16	1.000000000000000e+00	10
17	1.000000000000000e+00	10
18	1.000000000000000e+00	24
19	1.000000000000000e+00	2
20	1.000000000000000e+00	8
21	1.000000000000000e+00	34
22	1.000000000000000e+00	30
23	1.000000000000000e+00	12
24	1.000000000000000e+00	12
25	1.000000000000000e+00	14
26	1.000000000000000e+00	24
27	1.000000000000000e+00	4
28	1.000000000000000e+00	34
29	1.000000000000000e+00	20
30	1.000000000000000e+00	14
31	1.000000000000000e+00	6
32	1.000000000000000e+00	14
33	1.000000000000000e+00	24
34	1.000000000000000e+00	6
35	1.000000000000000e+00	30
36	1.000000000000000e+00	8
37	1.000000000000000e+00	24
38	1.000000000000000e+00	10
39	1.000000000000000e+00	20
40	1.000000000000000e+00	2
41	1.000000000000000e+00	4
42	1.000000000000000e+00	4
43	1.000000000000000e+00	64
44	1.000000000000000e+00	2
45	1.000000000000000e+00	2
46	1.000000000000000e+00	30
47	1.000000000000000e+00	6
48	1.000000000000000e+00	4
49	1.000000000000000e+00	2
50	1.000000000000000e+00	40
51	1.000000000000000e+00	28
52	1.000000000000000e+00	4
53	1.000000000000000e+00	16
54	1.000000000000000e+00	8
55	1.000000000000000e+00	8
56	1.000000000000000e+00	14
57	1.000000000000000e+00	10
58	1.000000000000000e+00	14
59	1.000000000000000e+00	10
60	1.000000000000000e+00	26
61	1.000000000000000e+00	4
62	1.000000000000000e+00	26
63	1.000000000000000e+00	2
64	1.000000000000000e+00	36
65	1.000000000000000e+00	32
66	1.000000000000000e+00	14
67	1.000000000000000e+00	22
68	1.000000000000000e+00	4
69	1.000000000000000e+00	24
70	1.000000000000000e+00	4
71	1.000000000000000e+00	2
72	1.000000000000000e+00	8
73	1.000000000000000e+00	30
74	1.000000000000000e+00	14
75	1.000000000000000e+00	12
76	1.000000000000000e+00	10
77	1.000000000000000e+00	20
78	1.000000000000000e+00	6
79	1.000000000000000e+00	10
80	1.000000000000000e+00	2
81	1.000000000000000e+00	10
82	1.000000000000000e+00	12
83	1.000000000000000e+00	6
84	1.000000000000000e+00	18
85	1.000000000000000e+00	10
86	1.000000000000000e+00	6
87	1.000000000000000e+00	22
88	1.000000000000000e+00	6
89	1.000000000000000e+00	32
90	1.000000000000000e+00	14
91	1.000000000000000e+00	14
92	1.000000000000000e+00	4
93	1.000000000000000e+00	8
94	1.000000000000000e+00	4
95	1.000000000000000e+00	12
96	1.000000000000000e+00	20
97	1.000000000000000e+00	2
98	1.000000000000000e+00	8
99	1.000000000000000e+00	20
100	1.000000000000000e+00	6
101	1.000000000000000e+00	2
102	1.000000000000000e+00	2
103	1.000000000000000e+00	12
104	1.000000000000000e+00	16
105	1.000000000000000e+00	12
106	1.000000000000000e+00	4
107	1.000000000000000e+00	8
108	1.000000000000000e+00	4
109	1.000000000000000e+00	4
110	1.000000000000000e+00	4
111	1.000000000000000e+00	20
112	1.000000000000000e+00	18
113	1.000000000000000e+00	14
114	1.000000000000000e+00	10
115	1.000000000000000e+00	14
116	1.000000000000000e+00	2
117	1.000000000000000e+00	6
118	1.000000000000000e+00	22
119	1.000000000000000e+00	18
120	1.000000000000000e+00	22
121	1.000000000000000e+00	8
122	1.000000000000000e+00	2
123	1.000000000000000e+00	2
124	1.000000000000000e+00	10
125	1.000000000000000e+00	8
126	1.000000000000000e+00	10
127	1.000000000000000e+00	14
128	1.000000000000000e+00	24
129	1.000000000000000e+00	26
130	1.000000000000000e+00	2
131	1.000000000000000e+00	10
132	1.000000000000000e+00	38
133	1.000000000000000e+00	2
134	1.000000000000000e+00	4
135	1.000000000000000e+00	22
136	1.000000000000000e+00	6
137	1.000000000000000e+00	26
138	1.000000000000000e+00	8
139	1.000000000000000e+00	16
140	1.000000000000000e+00	4
141	1.000000000000000e+00	2
142	1.000000000000000e+00	14
143	1.000000000000000e+00	14
144	1.000000000000000e+00	6
145	1.000000000000000e+00	28
146	1.000000000000000e+00	4
147	1.000000000000000e+00	12
148	1.000000000000000e+00	2
149	1.000000000000000e+00	38
150	1.000000000000000e+00	2
151	1.000000000000000e+00	8
152	1.000000000000000e+00	8
153	1.000000000000000e+00	4
154	1.000000000000000e+00	8
155	1.000000000000000e+00	4
156	1.000000000000000e+00	16
157	1.000000000000000e+00	10
158	1.000000000000000e+00	12
159	1.000000000000000e+00	4
160	1.000000000000000e+00	28
161	1.000000000000000e+00	8
162	1.000000000000000e+00	4
163	1.000000000000000e+00	4
164	1.000000000000000e+00	20
165	1.000000000000000e+00	14
166	1.000000000000000e+00	4
167	1.000000000000000e+00	14
168	1.000000000000000e+00	6
169	1.000000000000000e+00	26
170	1.000000000000000e+00	14
171	1.000000000000000e+00	8
172	1.000000000000000e+00	2
173	1.000000000000000e+00	20
174	1.000000000000000e+00	4
175	1.000000000000000e+00	6
176	1.000000000000000e+00	2
177	1.000000000000000e+00	6
178	1.000000000000000e+00	20
179	1.000000000000000e+00	4
180	1.000000000000000e+00	22
181	1.000000000000000e+00	14
182	1.000000000000000e+00	16
183	1.000000000000000e+00	10
184	1.000000000000000e+00	4
185	1.000000000000000e+00	4
186	1.000000000000000e+00	34
187	1.000000000000000e+00	6
188	1.000000000000000e+00	18
189	1.000000000000000e+00	12
190	1.000000000000000e+00	24
191	1.000000000000000e+00	2
192	1.000000000000000e+00	12
193	1.000000000000000e+00	2
194	1.000000000000000e+00	18
195	1.000000000000000e+00	2
196	1.000000000000000e+00	18
197	1.000000000000000e+00	28
198	1.000000000000000e+00	4
199	1.000000000000000e+00	14
200	1.000000000000000e+00	16
201	1.000000000000000e+00	2
202	1.000000000000000e+00	2
203	1.000000000000000e+00	6
204	1.000000000000000e+00	24
205	1.000000000000000e+00	2
206	1.000000000000000e+00	2
207	1.000000000000000e+00	6
208	1.000000000000000e+00	18
209	1.000000000000000e+00	14
210	1.000000000000000e+00	18
211	1.000000000000000e+00	2
212	1.000000000000000e+00	8
213	1.000000000000000e+00	2
214	1.000000000000000e+00	4
215	1.000000000000000e+00	2
216	1.000000000000000e+00	34
217	1.000000000000000e+00	16
218	1.000000000000000e+00	16
219	1.000000000000000e+00	8
220	1.000000000000000e+00	26
221	1.000000000000000e+00	6
222	1.000000000000000e+00	4
223	1.000000000000000e+00	6
224	1.000000000000000e+00	16
225	1.000000000000000e+00	10
226	1.000000000000000e+00	4
227	1.000000000000000e+00	6
228	1.000000000000000e+00	18
229	1.000000000000000e+00	2
230	1.000000000000000e+00	8
231	1.000000000000000e+00	24
232	1.000000000000000e+00	10
233	1.000000000000000e+00	6
234	1.000000000000000e+00	50
235	1.000000000000000e+00	16
236	1.000000000000000e+00	6
237	1.000000000000000e+00	14
238	1.000000000000000e+00	2
239	1.000000000000000e+00	38
240	1.000000000000000e+00	10
241	1.000000000000000e+00	2
242	1.000000000000000e+00	4
243	1.000000000000000e+00	4
244	1.000000000000000e+00	2
245	1.000000000000000e+00	12
246	1.000000000000000e+00	42
247	1.000000000000000e+00	18
248	1.000000000000000e+00	18
249	1.000000000000000e+00	16
250	1.000000000000000e+00	4
251	1.000000000000000e+00	34
252	1.000000000000000e+00	28
253	1.000000000000000e+00	26
254	1.000000000000000e+00	42
255	1.000000000000000e+00	4
256	1.000000000000000e+00	30
257	1.000000000000000e+00	16
258	1.000000000000000e+00	24
259	1.000000000000000e+00	20
260	1.000000000000000e+00	8
261	1.000000000000000e+00	6
262	1.000000000000000e+00	6
263	1.000000000000000e+00	6
264	1.000000000000000e+00	26
265	1.000000000000000e+00	6
266	1.000000000000000e+00	8
267	1.000000000000000e+00	2
268	1.000000000000000e+00	8
269	1.000000000000000e+00	14
270	1.000000000000000e+00	28
271	1.000000000000000e+00	2
272	1.000000000000000e+00	6
273	1.000000000000000e+00	14
274	1.000000000000000e+00	8
275	1.000000000000000e+00	8
276	1.000000000000000e+00	46
277	1.000000000000000e+00	16
278	1.000000000000000e+00	22
279	1.000000000000000e+00	12
280	1.000000000000000e+00	30
281	1.000000000000000e+00	30
282	1.000000000000000e+00	24
283	1.000000000000000e+00	4
284	1.000000000000000e+00	10
285	1.000000000000000e+00	28
286	1.000000000000000e+00	2
287	1.000000000000000e+00	8
288	1.000000000000000e+00	16
289	1.000000000000000e+00	6
290	1.000000000000000e+00	8
291	1.000000000000000e+00	16
292	1.000000000000000e+00	2
293	1.000000000000000e+00	14
294	1.000000000000000e+00	4
295	1.000000000000000e+00	4
296	1.000000000000000e+00	2
297	1.000000000000000e+00	8
298	1.000000000000000e+00	2
299	1.000000000000000e+00	8
300	1.000000000000000e+00	2
301	1.000000000000000e+00	6
302	1.000000000000000e+00	16
303	1.000000000000000e+00	4
304	1.000000000000000e+00	22
305	1.000000000000000e+00	18
306	1.000000000000000e+00	6
307	1.000000000000000e+00	4
308	1.000000000000000e+00	22
309	1.000000000000000e+00	2
310	1.000000000000000e+00	22
311	1.000000000000000e+00	18
312	1.000000000000000e+00	2
313	1.000000000000000e+00	28
314	1.000000000000000e+00	18
315	1.000000000000000e+00	8
316	1.000000000000000e+00	14
317	1.000000000000000e+00	14
318	1.000000000000000e+00	2
319	1.000000000000000e+00	6
320	1.000000000000000e+00	8
321	1.000000000000000e+00	20
322	1.000000000000000e+00	2
323	1.000000000000000e+00	14
324	1.000000000000000e+00	2
325	1.000000000000000e+00	34
326	1.000000000000000e+00	4
327	1.000000000000000e+00	2
328	1.000000000000000e+00	10
329	1.000000000000000e+00	10
330	1.000000000000000e+00	16
331	1.000000000000000e+00	10
332	1.000000000000000e+00	4
333	1.000000000000000e+00	4
334	1.000000000000000e+00	14
335	1.000000000000000e+00	2
336	1.000000000000000e+00	4
337	1.000000000000000e+00	8
338	1.000000000000000e+00	2
339	1.000000000000000e+00	4
340	1.000000000000000e+00	2
341	1.000000000000000e+00	4
342	1.000000000000000e+00	2
343	1.000000000000000e+00	12
344	1.000000000000000e+00	8
345	1.000000000000000e+00	10
346	1.000000000000000e+00	10
347	1.000000000000000e+00	16
348	1.000000000000000e+00	2
349	1.000000000000000e+00	8
350	1.000000000000000e+00	10
351	1.000000000000000e+00	8
352	1.000000000000000e+00	2
353	1.000000000000000e+00	28
354	1.000000000000000e+00	22
355	1.000000000000000e+00	4
356	1.000000000000000e+00	2
357	1.000000000000000e+00	14
358	1.000000000000000e+00	2
359	1.000000000000000e+00	16
360	1.000000000000000e+00	2
361	1.000000000000000e+00	14
362	1.000000000000000e+00	2
363	1.000000000000000e+00	4
364	1.000000000000000e+00	20
365	1.000000000000000e+00	18
366	1.000000000000000e+00	36
367	1.000000000000000e+00	4
368	1.000000000000000e+00	2
369	1.000000000000000e+00	10
370	1.000000000000000e+00	8
371	1.000000000000000e+00	12
372	1.000000000000000e+00	6
373	1.000000000000000e+00	10
374	1.000000000000000e+00	4
375	1.000000000000000e+00	6
376	1.000000000000000e+00	4
377	1.000000000000000e+00	18
378	1.000000000000000e+00	4
379	1.000000000000000e+00	26
380	1.000000000000000e+00	4
381	1.000000000000000e+00	4
382	1.000000000000000e+00	8
383	1.000000000000000e+00	4
384	1.000000000000000e+00	24
385	1.000000000000000e+00	16
386	1.000000000000000e+00	12
387	1.000000000000000e+00	32
388	1.000000000000000e+00	18
389	1.000000000000000e+00	2
390	1.000000000000000e+00	4
391	1.000000000000000e+00	12
392	1.000000000000000e+00	48
393	1.000000000000000e+00	8
394	1.000000000000000e+00	12
395	1.000000000000000e+00	8
396	1.000000000000000e+00	24
397	1.000000000000000e+00	6
398	1.000000000000000e+00	2
399	1.000000000000000e+00	6
400	1.000000000000000e+00	18
401	1.000000000000000e+00	4
402	1.000000000000000e+00	10
403	1.000000000000000e+00	20
404	1.000000000000000e+00	14
405	1.000000000000000e+00	10
406	1.000000000000000e+00	6
407	1.000000000000000e+00	6
408	1.000000000000000e+00	12
409	1.000000000000000e+00	2
410	1.000000000000000e+00	4
411	1.000000000000000e+00	14
412	1.000000000000000e+00	22
413	1.000000000000000e+00	8
414	1.000000000000000e+00	30
415	1.000000000000000e+00	6
416	1.000000000000000e+00	2
417	1.000000000000000e+00	24
418	1.000000000000000e+00	4
419	1.000000000000000e+00	10
420	1.000000000000000e+00	14
421	1.000000000000000e+00	10
422	1.000000000000000e+00	38
423	1.000000000000000e+00	16
424	1.000000000000000e+00	30
425	1.000000000000000e+00	12
426	1.000000000000000e+00	24
427	1.000000000000000e+00	4
428	1.000000000000000e+00	12
429	1.000000000000000e+00	4
430	1.000000000000000e+00	4
431	1.000000000000000e+00	10
432	1.000000000000000e+00	14
433	1.000000000000000e+00	6
434	1.000000000000000e+00	2
435	1.000000000000000e+00	4
436	1.000000000000000e+00	12
437	1.000000000000000e+00	4
438	1.000000000000000e+00	12
439	1.000000000000000e+00	6
440	1.000000000000000e+00	4
441	1.000000000000000e+00	30
442	1.000000000000000e+00	8
443	1.000000000000000e+00	18
444	1.000000000000000e+00	10
445	1.000000000000000e+00	34
446	1.000000000000000e+00	14
447	1.000000000000000e+00	20
448	1.000000000000000e+00	28
449	1.000000000000000e+00	2
450	1.000000000000000e+00	4
451	1.000000000000000e+00	12
452	1.000000000000000e+00	2
453	1.000000000000000e+00	6
454	1.000000000000000e+00	10
455	1.000000000000000e+00	36
456	1.000000000000000e+00	38
457	1.000000000000000e+00	18
458	1.000000000000000e+00	10
459	1.000000000000000e+00	8
460	1.000000000000000e+00	10
461	1.000000000000000e+00	2
462	1.000000000000000e+00	2
463	1.000000000000000e+00	12
464	1.000000000000000e+00	6
465	1.000000000000000e+00	2
466	1.000000000000000e+00	16
467	1.000000000000000e+00	2
468	1.000000000000000e+00	16
469	1.000000000000000e+00	2
470	1.000000000000000e+00	12
471	1.000000000000000e+00	14
472	1.000000000000000e+00	6
473	1.000000000000000e+00	4
474	1.000000000000000e+00	22
475	1.000000000000000e+00	24
476	1.000000000000000e+00	30
477	1.000000000000000e+00	18
478	1.000000000000000e+00	4
479	1.000000000000000e+00	14
480	1.000000000000000e+00	14
481	1.000000000000000e+00	12
482	1.000000000000000e+00	44
483	1.000000000000000e+00	14
484	1.000000000000000e+00	16
485	1.000000000000000e+00	4
486	1.000000000000000e+00	4
487	1.000000000000000e+00	12
488	1.000000000000000e+00	12
489	1.000000000000000e+00	14
490	1.000000000000000e+00	20
491	9.500123556604183e-01	274
492	9.000128127437639e-01	222
493	8.500172228992783e-01	308
494	8.000211913145221e-01	256
495	7.500237918435513e-01	304
496	7.000305419746198e-01	276
497	6.500368457027048e-01	276
498	6.000298974766879e-01	292
499	5.500351353179068e-01	318
500	5.000256209646445e-01	252
501	5.500360047611380e-01	258
502	6.000283036858796e-01	360
503	6.500403001870801e-01	292
504	7.000487165012184e-01	248
505	7.500649566912230e-01	290
506	8.000841845126596e-01	190
507	8.500858127370381e-01	116
508	9.001021145678809e-01	258
509	9.500997375567344e-01	312
510	9.000960325709716e-01	246
511	8.500787539844116e-01	260
512	8.000577867278135e-01	346
513	7.500404256129191e-01	94
514	8.000282147946906e-01	312
515	8.500386283238616e-01	208
516	9.000248138537223e-01	310
517	9.500403966947575e-01	274
518	1.000000000000000e+00	1000
519	1.000000000000000e+00	6
520	1.000000000000000e+00	20
521	1.000000000000000e+00	2
522	1.000000000000000e+00	6
523	1.000000000000000e+00	18
524	1.000000000000000e+00	6
525	1.000000000000000e+00	8
526	1.000000000000000e+00	6
527	1.000000000000000e+00	10
528	1.000000000000000e+00	20
529	1.000000000000000e+00	4
530	1.000000000000000e+00	58
531	1.000000000000000e+00	6
532	1.000000000000000e+00	2
533	1.000000000000000e+00	30
534	1.000000000000000e+00	14
535	1.000000000000000e+00	2
536	1.000000000000000e+00	14
537	1.000000000000000e+00	4
538	1.000000000000000e+00	12
539	1.000000000000000e+00	4
540	1.000000000000000e+00	34
541	1.000000000000000e+00	6
542	1.000000000000000e+00	20
543	1.000000000000000e+00	2
544	1.000000000000000e+00	8
545	1.000000000000000e+00	22
546	1.000000000000000e+00	4
547	1.000000000000000e+00	4
548	1.000000000000000e+00	2
549	1.000000000000000e+00	14
550	1.000000000000000e+00	4
551	1.000000000000000e+00	18
552	1.000000000000000e+00	34
553	1.000000000000000e+00	8
554	1.000000000000000e+00	14
555	1.000000000000000e+00	6
556	1.000000000000000e+00	14
557	1.000000000000000e+00	4
558	1.000000000000000e+00	12
559	1.000000000000000e+00	8
560	1.000000000000000e+00	8
561	1.000000000000000e+00	6
562	1.000000000000000e+00	14
563	1.000000000000000e+00	2
564	1.000000000000000e+00	12
565	1.000000000000000e+00	4
566	1.000000000000000e+00	8
567	1.000000000000000e+00	18
568	1.000000000000000e+00	6
569	1.000000000000000e+00	2
570	1.000000000000000e+00	20
571	1.000000000000000e+00	16
572	1.000000000000000e+00	22
573	1.000000000000000e+00	4
574	1.000000000000000e+00	10
575	1.000000000000000e+00	30
576	1.000000000000000e+00	2
577	1.000000000000000e+00	14
578	1.000000000000000e+00	6
579	1.000000000000000e+00	2
580	1.000000000000000e+00	22
581	1.000000000000000e+00	4
582	1.000000000000000e+00	2
583	1.000000000000000e+00	4
584	1.000000000000000e+00	4
585	1.000000000000000e+00	20
586	1.000000000000000e+00	10
587	1.000000000000000e+00	22
588	1.000000000000000e+00	32
589	1.000000000000000e+00	10
590	1.000000000000000e+00	10
591	1.000000000000000e+00	10
592	1.000000000000000e+00	10
593	1.000000000000000e+00	32
594	1.000000000000000e+00	10
595	1.000000000000000e+00	6
596	1.000000000000000e+00	14
597	1.000000000000000e+00	4
598	1.000000000000000e+00	10
599	1.000000000000000e+00	10
600	1.000000000000000e+00	32
601	1.000000000000000e+00	16
602	1.000000000000000e+00	10
603	1.000000000000000e+00	28
604	1.000000000000000e+00	12
605	1.000000000000000e+00	32
606	1.000000000000000e+00	6
607	1.000000000000000e+00	10
608	1.000000000000000e+00	10
609	1.000000000000000e+00	22
610	1.000000000000000e+00	10
611	1.000000000000000e+00	8
612	1.000000000000000e+00	4
613	1.000000000000000e+00	16
614	1.000000000000000e+00	4
615	1.000000000000000e+00	20
616	1.000000000000000e+00	20
617	1.000000000000000e+00	10
618	1.000000000000000e+00	4
619	1.000000000000000e+00	6
620	1.000000000000000e+00	12
621	1.000000000000000e+00	10
622	1.000000000000000e+00	28
623	1.000000000000000e+00	44
624	1.000000000000000e+00	6
625	1.000000000000000e+00	6
626	1.000000000000000e+00	8
627	1.000000000000000e+00	4
628	1.000000000000000e+00	30
629	1.000000000000000e+00	16
630	1.000000000000000e+00	4
631	1.000000000000000e+00	2
632	1.000000000000000e+00	6
633	1.000000000000000e+00	12
634	1.000000000000000e+00	8
635	1.000000000000000e+00	4
636	1.000000000000000e+00	12
637	1.000000000000000e+00	28
638	1.000000000000000e+00	12
639	1.000000000000000e+00	26
640	1.000000000000000e+00	52
641	1.000000000000000e+00	14
642	1.000000000000000e+00	24
643	1.000000000000000e+00	2
644	1.000000000000000e+00	6
645	1.000000000000000e+00	18
646	1.000000000000000e+00	18
647	1.000000000000000e+00	2
648	1.000000000000000e+00	44
649	1.000000000000000e+00	4
650	1.000000000000000e+00	10
651	1.000000000000000e+00	10
652	1.000000000000000e+00	12
653	1.000000000000000e+00	16
654	1.000000000000000e+00	6
655	1.000000000000000e+00	42
656	1.000000000000000e+00	16
657	1.000000000000000e+00	14
658	1.000000000000000e+00	12
659	1.000000000000000e+00	30
660	1.000000000000000e+00	22
661	1.000000000000000e+00	4
662	1.000000000000000e+00	8
663	1.000000000000000e+00	8
664	1.000000000000000e+00	10
665	1.000000000000000e+00	2
666	1.000000000000000e+00	20
667	1.000000000000000e+00	18
668	1.000000000000000e+00	2
669	1.000000000000000e+00	4
670	1.000000000000000e+00	28
671	1.000000000000000e+00	46
672	1.000000000000000e+00	6
673	1.000000000000000e+00	12
674	1.000000000000000e+00	6
675	1.000000000000000e+00	36
676	1.000000000000000e+00	36
677	1.000000000000000e+00	12
678	1.000000000000000e+00	4
679	1.000000000000000e+00	8
680	1.000000000000000e+00	18
681	1.000000000000000e+00	32
682	1.000000000000000e+00	6
683	1.000000000000000e+00	2
684	1.000000000000000e+00	10
685	1.000000000000000e+00	2
686	1.000000000000000e+00	10
687	1.000000000000000e+00	12
688	1.000000000000000e+00	14
689	1.000000000000000e+00	16
690	1.000000000000000e+00	48
691	1.000000000000000e+00	6
692	1.000000000000000e+00	6
693	1.000000000000000e+00	16
694	1.000000000000000e+00	12
695	1.000000000000000e+00	12
696	1.000000000000000e+00	20
697	1.000000000000000e+00	18
698	1.000000000000000e+00	16
699	1.000000000000000e+00	4
700	1.000000000000000e+00	6
701	1.000000000000000e+00	14
702	1.000000000000000e+00	6
703	1.000000000000000e+00	2
704	1.000000000000000e+00	6
705	1.000000000000000e+00	8
706	1.000000000000000e+00	6
707	1.000000000000000e+00	24
708	1.000000000000000e+00	14
709	1.000000000000000e+00	32
710	1.000000000000000e+00	10
711	1.000000000000000e+00	4
712	1.000000000000000e+00	12
713	1.000000000000000e+00	22
714	1.000000000000000e+00	12
715	1.000000000000000e+00	20
716	1.000000000000000e+00	14
717	1.000000000000000e+00	26
718	1.000000000000000e+00	6
719	1.000000000000000e+00	20
720	1.000000000000000e+00	22
721	1.000000000000000e+00	2
722	1.000000000000000e+00	2
723	1.000000000000000e+00	10
724	1.000000000000000e+00	8
725	1.000000000000000e+00	6
726	1.000000000000000e+00	4
727	1.000000000000000e+00	18
728	1.000000000000000e+00	6
729	1.000000000000000e+00	8
730	1.000000000000000e+00	30
731	1.000000000000000e+00	68
732	1.000000000000000e+00	4
733	1.000000000000000e+00	26
734	1.000000000000000e+00	6
735	1.000000000000000e+00	6
736	1.000000000000000e+00	4
737	1.000000000000000e+00	22
738	1.000000000000000e+00	6
739	1.000000000000000e+00	16
740	1.000000000000000e+00	4
741	1.000000000000000e+00	6
742	1.000000000000000e+00	8
743	1.000000000000000e+00	4
744	1.000000000000000e+00	6
745	1.000000000000000e+00	4
746	1.000000000000000e+00	12
747	1.000000000000000e+00	10
748	1.000000000000000e+00	22
749	1.000000000000000e+00	14
750	1.000000000000000e+00	2
751	1.000000000000000e+00	22
752	1.000000000000000e+00	6
753	1.000000000000000e+00	14
754	1.000000000000000e+00	10
755	1.000000000000000e+00	2
756	1.000000000000000e+00	10
757	1.000000000000000e+00	18
758	1.000000000000000e+00	26
759	1.000000000000000e+00	4
760	1.000000000000000e+00	12
761	1.000000000000000e+00	6
762	1.000000000000000e+00	2
763	1.000000000000000e+00	6
764	1.000000000000000e+00	2
765	1.000000000000000e+00	6
766	1.000000000000000e+00	4
767	1.000000000000000e+00	6
768	1.000000000000000e+00	8
769	1.000000000000000e+00	12
770	1.000000000000000e+00	16
771	1.000000000000000e+00	8
772	1.000000000000000e+00	2
773	1.000000000000000e+00	10
774	1.000000000000000e+00	14
775	1.000000000000000e+00	8
776	1.000000000000000e+00	6
777	1.000000000000000e+00	16
778	1.000000000000000e+00	2
779	1.000000000000000e+00	14
780	1.000000000000000e+00	8
781	1.000000000000000e+00	12
782	1.000000000000000e+00	4
783	1.000000000000000e+00	18
784	1.000000000000000e+00	10
785	1.000000000000000e+00	38
786	1.000000000000000e+00	14
787	1.000000000000000e+00	6
788	1.000000000000000e+00	2
789	1.000000000000000e+00	2
790	1.000000000000000e+00	10
791	1.000000000000000e+00	4
792	1.000000000000000e+00	38
793	1.000000000000000e+00	2
794	1.000000000000000e+00	6
795	1.000000000000000e+00	8
796	1.000000000000000e+00	4
797	1.000000000000000e+00	18
798	1.000000000000000e+00	22
799	1.000000000000000e+00	4
800	1.000000000000000e+00	4
801	1.000000000000000e+00	10
802	1.000000000000000e+00	16
803	1.000000000000000e+00	6
804	1.000000000000000e+00	18
805	1.000000000000000e+00	4
806	1.000000000000000e+00	16
807	1.000000000000000e+00	6
808	1.000000000000000e+00	26
809	1.000000000000000e+00	14
810	1.000000000000000e+00	24
811	1.000000000000000e+00	24
812	1.000000000000000e+00	4
813	1.000000000000000e+00	6
814	1.000000000000000e+00	12
815	1.000000000000000e+00	14
816	1.000000000000000e+00	14
817	1.000000000000000e+00	8
818	1.000000000000000e+00	10
819	1.000000000000000e+00	8
820	1.000000000000000e+00	4
821	1.000000000000000e+00	24
822	1.000000000000000e+00	4
823	1.000000000000000e+00	18
824	1.000000000000000e+00	8
825	1.000000000000000e+00	6
826	1.000000000000000e+00	4
827	1.000000000000000e+00	30
828	1.000000000000000e+00	14
829	1.000000000000000e+00	4
830	1.000000000000000e+00	14
831	1.000000000000000e+00	34
832	1.000000000000000e+00	18
833	1.000000000000000e+00	28
834	1.000000000000000e+00	6
835	1.000000000000000e+00	12
836	1.000000000000000e+00	2
837	1.000000000000000e+00	14
838	1.000000000000000e+00	12
839	1.000000000000000e+00	10
840	1.000000000000000e+00	28
841	1.000000000000000e+00	6
842	1.000000000000000e+00	18
843	1.000000000000000e+00	14
844	1.000000000000000e+00	20
845	1.000000000000000e+00	32
846	1.000000000000000e+00	6
847	1.000000000000000e+00	40
848	1.000000000000000e+00	16
849	1.000000000000000e+00	16
850	1.000000000000000e+00	14
851	1.000000000000000e+00	22
852	1.000000000000000e+00	6
853	1.000000000000000e+00	10
854	1.000000000000000e+00	2
855	1.000000000000000e+00	8
856	1.000000000000000e+00	6
857	1.000000000000000e+00	36
858	1.000000000000000e+00	4
859	1.000000000000000e+00	4
860	1.000000000000000e+00	6
861	1.000000000000000e+00	10
862	1.000000000000000e+00	18
863	1.000000000000000e+00	16
864	1.000000000000000e+00	24
865	1.000000000000000e+00	8
866	1.000000000000000e+00	10
867	1.000000000000000e+00	8
868	1.000000000000000e+00	8
869	1.000000000000000e+00	4
870	1.000000000000000e+00	10
871	1.000000000000000e+00	4
872	1.000000000000000e+00	4
873	1.000000000000000e+00	12
874	1.000000000000000e+00	30
875	1.000000000000000e+00	12
876	1.000000000000000e+00	26
877	1.000000000000000e+00	2
878	1.000000000000000e+00	2
879	1.000000000000000e+00	4
880	1.000000000000000e+00	4
881	1.000000000000000e+00	4
882	1.000000000000000e+00	6
883	1.000000000000000e+00	8
884	1.000000000000000e+00	8
885	1.000000000000000e+00	18
886	1.000000000000000e+00	4
887	1.000000000000000e+00	2
888	1.000000000000000e+00	6
889	1.000000000000000e+00	4
890	1.000000000000000e+00	8
891	1.000000000000000e+00	24
892	1.000000000000000e+00	2
893	1.000000000000000e+00	14
894	1.000000000000000e+00	2
895	1.000000000000000e+00	8
896	1.000000000000000e+00	2
897	1.000000000000000e+00	14
898	1.000000000000000e+00	12
899	1.000000000000000e+00	6
900	1.000000000000000e+00	16
901	1.000000000000000e+00	8
902	1.000000000000000e+00	8
903	1.000000000000000e+00	16
904	1.000000000000000e+00	6
905	1.000000000000000e+00	10
906	1.000000000000000e+00	18
907	1.000000000000000e+00	12
908	1.000000000000000e+00	2
909	1.000000000000000e+00	10
910	1.000000000000000e+00	12
911	1.000000000000000e+00	16
912	1.000000000000000e+00	6
913	1.000000000000000e+00	4
914	1.000000000000000e+00	12
915	1.000000000000000e+00	10
916	1.000000000000000e+00	8
917	1.000000000000000e+00	16
918	1.000000000000000e+00	12
919	1.000000000000000e+00	16
920	1.000000000000000e+00	24
921	1.000000000000000e+00	2
922	1.000000000000000e+00	2
923	1.000000000000000e+00	4
924	1.000000000000000e+00	6
925	1.000000000000000e+00	2
926	1.000000000000000e+00	2
927	1.000000000000000e+00	8
928	1.000000000000000e+00	6
929	1.000000000000000e+00	2
930	1.000000000000000e+00	6
931	1.000000000000000e+00	4
932	1.000000000000000e+00	12
933	1.000000000000000e+00	4
934	1.000000000000000e+00	14
935	1.000000000000000e+00	4
936	1.000000000000000e+00	6
937	1.000000000000000e+00	4
938	1.000000000000000e+00	28
939	1.000000000000000e+00	4
940	1.000000000000000e+00	18
941	1.000000000000000e+00	6
942	1.000000000000000e+00	16
943	1.000000000000000e+00	2
944	1.000000000000000e+00	26
945	1.000000000000000e+00	10
946	1.000000000000000e+00	38
947	1.000000000000000e+00	4
948	1.000000000000000e+00	28
949	1.000000000000000e+00	14
950	1.000000000000000e+00	6
951	1.000000000000000e+00	10
952	1.000000000000000e+00	14
953	1.000000000000000e+00	18
954	1.000000000000000e+00	4
955	1.000000000000000e+00	18
956	1.000000000000000e+00	12
957	1.000000000000000e+00	16
958	1.000000000000000e+00	6
959	1.000000000000000e+00	4
960	1.000000000000000e+00	10
961	1.000000000000000e+00	18
962	1.000000000000000e+00	8
963	1.000000000000000e+00	2
964	1.000000000000000e+00	4
965	1.000000000000000e+00	24
966	1.000000000000000e+00	32
967	1.000000000000000e+00	2
968	1.000000000000000e+00	12
969	1.000000000000000e+00	14
970	1.000000000000000e+00	2
971	1.000000000000000e+00	22
972	1.000000000000000e+00	6
973	1.000000000000000e+00	20
974	1.000000000000000e+00	8
975	1.000000000000000e+00	8
976	1.000000000000000e+00	48
977	1.000000000000000e+00	10
978	1.000000000000000e+00	14
979	1.000000000000000e+00	2
980	1.000000000000000e+00	68
981	1.000000000000000e+00	12
982	1.000000000000000e+00	12
983	1.000000000000000e+00	4
984	1.000000000000000e+00	10
985	1.000000000000000e+00	18
986	1.000000000000000e+00	16
987	1.000000000000000e+00	10
988	1.000000000000000e+00	10
989	1.000000000000000e+00	8
990	1.000000000000000e+00	20
991	1.000000000000000e+00	4
992	1.000000000000000e+00	4
993	1.000000000000000e+00	8
994	1.000000000000000e+00	10
995	1.000000000000000e+00	2
996	1.000000000000000e+00	44
997	1.000000000000000e+00	34
998	1.000000000000000e+00	14
999	1.000000000000000e+00	16
1000	1.000000000000000e+00	12


Tempo gasto: 6.782017
