Método usado: LUUS JAAKOLA

POSIÇÃO	ÁREA(mm²)	CUSTO

1	1.000000000000000e+00	22
2	1.000000000000000e+00	12
3	1.000000000000000e+00	2
4	1.000000000000000e+00	2
5	1.000000000000000e+00	18
6	1.000000000000000e+00	8
7	1.000000000000000e+00	4
8	1.000000000000000e+00	4
9	1.000000000000000e+00	20
10	1.000000000000000e+00	26
11	1.000000000000000e+00	4
12	1.000000000000000e+00	14
13	1.000000000000000e+00	16
14	1.000000000000000e+00	4
15	1.000000000000000e+00	4
16	1.000000000000000e+00	4
17	1.000000000000000e+00	24
18	1.000000000000000e+00	2
19	1.000000000000000e+00	24
20	1.000000000000000e+00	4
21	1.000000000000000e+00	2
22	1.000000000000000e+00	8
23	1.000000000000000e+00	10
24	1.000000000000000e+00	10
25	1.000000000000000e+00	16
26	1.000000000000000e+00	12
27	1.000000000000000e+00	10
28	1.000000000000000e+00	4
29	1.000000000000000e+00	12
30	1.000000000000000e+00	44
31	1.000000000000000e+00	4
32	1.000000000000000e+00	2
33	1.000000000000000e+00	38
34	1.000000000000000e+00	20
35	1.000000000000000e+00	2
36	1.000000000000000e+00	2
37	1.000000000000000e+00	6
38	1.000000000000000e+00	10
39	1.000000000000000e+00	32
40	1.000000000000000e+00	16
41	1.000000000000000e+00	6
42	1.000000000000000e+00	18
43	1.000000000000000e+00	2
44	1.000000000000000e+00	16
45	1.000000000000000e+00	32
46	1.000000000000000e+00	26
47	1.000000000000000e+00	14
48	1.000000000000000e+00	8
49	1.000000000000000e+00	12
50	1.000000000000000e+00	18
51	1.000000000000000e+00	18
52	1.000000000000000e+00	28
53	1.000000000000000e+00	52
54	1.000000000000000e+00	10
55	1.000000000000000e+00	26
56	1.000000000000000e+00	10
57	1.000000000000000e+00	14
58	1.000000000000000e+00	6
59	1.000000000000000e+00	8
60	1.000000000000000e+00	8
61	1.000000000000000e+00	4
62	1.000000000000000e+00	12
63	1.000000000000000e+00	42
64	1.000000000000000e+00	8
65	1.000000000000000e+00	10
66	1.000000000000000e+00	10
67	1.000000000000000e+00	24
68	1.000000000000000e+00	46
69	1.000000000000000e+00	6
70	1.000000000000000e+00	16
71	1.000000000000000e+00	8
72	1.000000000000000e+00	6
73	1.000000000000000e+00	8
74	1.000000000000000e+00	22
75	1.000000000000000e+00	2
76	1.000000000000000e+00	16
77	1.000000000000000e+00	6
78	1.000000000000000e+00	8
79	1.000000000000000e+00	10
80	1.000000000000000e+00	32
81	1.000000000000000e+00	26
82	1.000000000000000e+00	4
83	1.000000000000000e+00	4
84	1.000000000000000e+00	38
85	1.000000000000000e+00	12
86	1.000000000000000e+00	8
87	1.000000000000000e+00	16
88	1.000000000000000e+00	8
89	1.000000000000000e+00	20
90	1.000000000000000e+00	6
91	1.000000000000000e+00	30
92	1.000000000000000e+00	10
93	1.000000000000000e+00	2
94	1.000000000000000e+00	24
95	1.000000000000000e+00	24
96	1.000000000000000e+00	2
97	1.000000000000000e+00	4
98	1.000000000000000e+00	8
99	1.000000000000000e+00	70
100	1.000000000000000e+00	22
101	1.000000000000000e+00	16
102	1.000000000000000e+00	10
103	1.000000000000000e+00	18
104	1.000000000000000e+00	8
105	1.000000000000000e+00	24
106	1.000000000000000e+00	4
107	1.000000000000000e+00	14
108	1.000000000000000e+00	12
109	1.000000000000000e+00	6
110	1.000000000000000e+00	46
111	1.000000000000000e+00	8
112	1.000000000000000e+00	4
113	1.000000000000000e+00	12
114	1.000000000000000e+00	24
115	1.000000000000000e+00	6
116	1.000000000000000e+00	8
117	1.000000000000000e+00	12
118	1.000000000000000e+00	30
119	1.000000000000000e+00	22
120	1.000000000000000e+00	16
121	1.000000000000000e+00	4
122	1.000000000000000e+00	20
123	1.000000000000000e+00	14
124	1.000000000000000e+00	28
125	1.000000000000000e+00	12
126	1.000000000000000e+00	16
127	1.000000000000000e+00	22
128	1.000000000000000e+00	12
129	1.000000000000000e+00	2
130	1.000000000000000e+00	16
131	1.000000000000000e+00	4
132	1.000000000000000e+00	18
133	1.000000000000000e+00	6
134	1.000000000000000e+00	24
135	1.000000000000000e+00	12
136	1.000000000000000e+00	8
137	1.000000000000000e+00	28
138	1.000000000000000e+00	12
139	1.000000000000000e+00	8
140	1.000000000000000e+00	2
141	1.000000000000000e+00	16
142	1.000000000000000e+00	10
143	1.000000000000000e+00	2
144	1.000000000000000e+00	14
145	1.000000000000000e+00	4
146	1.000000000000000e+00	6
147	1.000000000000000e+00	12
148	1.000000000000000e+00	10
149	1.000000000000000e+00	6
150	1.000000000000000e+00	8
151	1.000000000000000e+00	4
152	1.000000000000000e+00	6
153	1.000000000000000e+00	6
154	1.000000000000000e+00	2
155	1.000000000000000e+00	22
156	1.000000000000000e+00	22
157	1.000000000000000e+00	28
158	1.000000000000000e+00	18
159	1.000000000000000e+00	2
160	1.000000000000000e+00	4
161	1.000000000000000e+00	8
162	1.000000000000000e+00	6
163	1.000000000000000e+00	10
164	1.000000000000000e+00	4
165	1.000000000000000e+00	22
166	1.000000000000000e+00	16
167	1.000000000000000e+00	6
168	1.000000000000000e+00	6
169	1.000000000000000e+00	8
170	1.000000000000000e+00	12
171	1.000000000000000e+00	2
172	1.000000000000000e+00	8
173	1.000000000000000e+00	14
174	1.000000000000000e+00	6
175	1.000000000000000e+00	12
176	1.000000000000000e+00	14
177	1.000000000000000e+00	14
178	1.000000000000000e+00	4
179	1.000000000000000e+00	4
180	1.000000000000000e+00	24
181	1.000000000000000e+00	14
182	1.000000000000000e+00	26
183	1.000000000000000e+00	12
184	1.000000000000000e+00	6
185	1.000000000000000e+00	14
186	1.000000000000000e+00	10
187	1.000000000000000e+00	4
188	1.000000000000000e+00	10
189	1.000000000000000e+00	32
190	1.000000000000000e+00	18
191	1.000000000000000e+00	10
192	1.000000000000000e+00	8
193	1.000000000000000e+00	10
194	1.000000000000000e+00	16
195	1.000000000000000e+00	6
196	1.000000000000000e+00	8
197	1.000000000000000e+00	40
198	1.000000000000000e+00	2
199	1.000000000000000e+00	6
200	1.000000000000000e+00	4
201	1.000000000000000e+00	18
202	1.000000000000000e+00	2
203	1.000000000000000e+00	6
204	1.000000000000000e+00	18
205	1.000000000000000e+00	14
206	1.000000000000000e+00	4
207	1.000000000000000e+00	22
208	1.000000000000000e+00	6
209	1.000000000000000e+00	14
210	1.000000000000000e+00	28
211	1.000000000000000e+00	8
212	1.000000000000000e+00	30
213	1.000000000000000e+00	4
214	1.000000000000000e+00	36
215	1.000000000000000e+00	12
216	1.000000000000000e+00	10
217	1.000000000000000e+00	12
218	1.000000000000000e+00	2
219	1.000000000000000e+00	6
220	1.000000000000000e+00	14
221	1.000000000000000e+00	12
222	1.000000000000000e+00	8
223	1.000000000000000e+00	12
224	1.000000000000000e+00	6
225	1.000000000000000e+00	16
226	1.000000000000000e+00	8
227	1.000000000000000e+00	2
228	1.000000000000000e+00	22
229	1.000000000000000e+00	6
230	1.000000000000000e+00	8
231	1.000000000000000e+00	4
232	1.000000000000000e+00	4
233	1.000000000000000e+00	16
234	1.000000000000000e+00	10
235	1.000000000000000e+00	8
236	1.000000000000000e+00	2
237	1.000000000000000e+00	8
238	1.000000000000000e+00	30
239	1.000000000000000e+00	6
240	1.000000000000000e+00	8
241	1.000000000000000e+00	14
242	1.000000000000000e+00	14
243	1.000000000000000e+00	16
244	1.000000000000000e+00	2
245	1.000000000000000e+00	2
246	1.000000000000000e+00	14
247	1.000000000000000e+00	6
248	1.000000000000000e+00	2
249	1.000000000000000e+00	18
250	1.000000000000000e+00	24
251	1.000000000000000e+00	44
252	1.000000000000000e+00	38
253	1.000000000000000e+00	42
254	1.000000000000000e+00	10
255	1.000000000000000e+00	14
256	1.000000000000000e+00	26
257	1.000000000000000e+00	4
258	1.000000000000000e+00	8
259	1.000000000000000e+00	4
260	1.000000000000000e+00	8
261	1.000000000000000e+00	2
262	1.000000000000000e+00	12
263	1.000000000000000e+00	10
264	1.000000000000000e+00	4
265	1.000000000000000e+00	8
266	1.000000000000000e+00	22
267	1.000000000000000e+00	6
268	1.000000000000000e+00	2
269	1.000000000000000e+00	2
270	1.000000000000000e+00	10
271	1.000000000000000e+00	10
272	1.000000000000000e+00	18
273	1.000000000000000e+00	12
274	1.000000000000000e+00	62
275	1.000000000000000e+00	34
276	1.000000000000000e+00	8
277	1.000000000000000e+00	30
278	1.000000000000000e+00	8
279	1.000000000000000e+00	2
280	1.000000000000000e+00	24
281	1.000000000000000e+00	10
282	1.000000000000000e+00	20
283	1.000000000000000e+00	16
284	1.000000000000000e+00	18
285	1.000000000000000e+00	4
286	1.000000000000000e+00	26
287	1.000000000000000e+00	4
288	1.000000000000000e+00	20
289	1.000000000000000e+00	34
290	1.000000000000000e+00	32
291	1.000000000000000e+00	6
292	1.000000000000000e+00	16
293	1.000000000000000e+00	28
294	1.000000000000000e+00	2
295	1.000000000000000e+00	4
296	1.000000000000000e+00	22
297	1.000000000000000e+00	22
298	1.000000000000000e+00	4
299	1.000000000000000e+00	4
300	1.000000000000000e+00	28
301	1.000000000000000e+00	10
302	1.000000000000000e+00	24
303	1.000000000000000e+00	20
304	1.000000000000000e+00	16
305	1.000000000000000e+00	6
306	1.000000000000000e+00	20
307	1.000000000000000e+00	10
308	1.000000000000000e+00	12
309	1.000000000000000e+00	4
310	1.000000000000000e+00	4
311	1.000000000000000e+00	6
312	1.000000000000000e+00	14
313	1.000000000000000e+00	22
314	1.000000000000000e+00	14
315	1.000000000000000e+00	10
316	1.000000000000000e+00	16
317	1.000000000000000e+00	14
318	1.000000000000000e+00	2
319	1.000000000000000e+00	16
320	1.000000000000000e+00	18
321	1.000000000000000e+00	32
322	1.000000000000000e+00	26
323	1.000000000000000e+00	2
324	1.000000000000000e+00	20
325	1.000000000000000e+00	2
326	1.000000000000000e+00	12
327	1.000000000000000e+00	2
328	1.000000000000000e+00	12
329	1.000000000000000e+00	26
330	1.000000000000000e+00	20
331	1.000000000000000e+00	26
332	1.000000000000000e+00	26
333	1.000000000000000e+00	8
334	1.000000000000000e+00	14
335	1.000000000000000e+00	40
336	1.000000000000000e+00	4
337	1.000000000000000e+00	24
338	1.000000000000000e+00	2
339	1.000000000000000e+00	4
340	1.000000000000000e+00	18
341	1.000000000000000e+00	4
342	1.000000000000000e+00	16
343	1.000000000000000e+00	20
344	1.000000000000000e+00	32
345	1.000000000000000e+00	2
346	1.000000000000000e+00	8
347	1.000000000000000e+00	18
348	1.000000000000000e+00	8
349	1.000000000000000e+00	10
350	1.000000000000000e+00	10
351	1.000000000000000e+00	2
352	1.000000000000000e+00	12
353	1.000000000000000e+00	16
354	1.000000000000000e+00	8
355	1.000000000000000e+00	4
356	1.000000000000000e+00	4
357	1.000000000000000e+00	12
358	1.000000000000000e+00	14
359	1.000000000000000e+00	18
360	1.000000000000000e+00	14
361	1.000000000000000e+00	18
362	1.000000000000000e+00	12
363	1.000000000000000e+00	4
364	1.000000000000000e+00	4
365	1.000000000000000e+00	2
366	1.000000000000000e+00	4
367	1.000000000000000e+00	16
368	1.000000000000000e+00	8
369	1.000000000000000e+00	34
370	1.000000000000000e+00	2
371	1.000000000000000e+00	24
372	1.000000000000000e+00	6
373	1.000000000000000e+00	14
374	1.000000000000000e+00	6
375	1.000000000000000e+00	2
376	1.000000000000000e+00	18
377	1.000000000000000e+00	12
378	1.000000000000000e+00	4
379	1.000000000000000e+00	6
380	1.000000000000000e+00	4
381	1.000000000000000e+00	4
382	1.000000000000000e+00	4
383	1.000000000000000e+00	2
384	1.000000000000000e+00	4
385	1.000000000000000e+00	38
386	1.000000000000000e+00	22
387	1.000000000000000e+00	32
388	1.000000000000000e+00	20
389	1.000000000000000e+00	8
390	1.000000000000000e+00	4
391	1.000000000000000e+00	16
392	1.000000000000000e+00	8
393	1.000000000000000e+00	8
394	1.000000000000000e+00	12
395	1.000000000000000e+00	18
396	1.000000000000000e+00	16
397	1.000000000000000e+00	2
398	1.000000000000000e+00	6
399	1.000000000000000e+00	18
400	1.000000000000000e+00	28
401	1.000000000000000e+00	12
402	1.000000000000000e+00	10
403	1.000000000000000e+00	6
404	1.000000000000000e+00	24
405	1.000000000000000e+00	32
406	1.000000000000000e+00	4
407	1.000000000000000e+00	38
408	1.000000000000000e+00	6
409	1.000000000000000e+00	24
410	1.000000000000000e+00	12
411	1.000000000000000e+00	6
412	1.000000000000000e+00	20
413	1.000000000000000e+00	8
414	1.000000000000000e+00	8
415	1.000000000000000e+00	12
416	1.000000000000000e+00	14
417	1.000000000000000e+00	2
418	1.000000000000000e+00	16
419	1.000000000000000e+00	8
420	1.000000000000000e+00	18
421	1.000000000000000e+00	18
422	1.000000000000000e+00	18
423	1.000000000000000e+00	40
424	1.000000000000000e+00	6
425	1.000000000000000e+00	8
426	1.000000000000000e+00	8
427	1.000000000000000e+00	12
428	1.000000000000000e+00	12
429	1.000000000000000e+00	6
430	1.000000000000000e+00	4
431	1.000000000000000e+00	6
432	1.000000000000000e+00	24
433	1.000000000000000e+00	14
434	1.000000000000000e+00	4
435	1.000000000000000e+00	8
436	1.000000000000000e+00	2
437	1.000000000000000e+00	26
438	1.000000000000000e+00	16
439	1.000000000000000e+00	16
440	1.000000000000000e+00	16
441	1.000000000000000e+00	20
442	1.000000000000000e+00	32
443	1.000000000000000e+00	10
444	1.000000000000000e+00	2
445	1.000000000000000e+00	6
446	1.000000000000000e+00	8
447	1.000000000000000e+00	8
448	1.000000000000000e+00	8
449	1.000000000000000e+00	12
450	1.000000000000000e+00	20
451	1.000000000000000e+00	4
452	1.000000000000000e+00	4
453	1.000000000000000e+00	20
454	1.000000000000000e+00	6
455	1.000000000000000e+00	8
456	1.000000000000000e+00	38
457	1.000000000000000e+00	6
458	1.000000000000000e+00	34
459	1.000000000000000e+00	4
460	1.000000000000000e+00	20
461	1.000000000000000e+00	8
462	1.000000000000000e+00	14
463	1.000000000000000e+00	24
464	1.000000000000000e+00	6
465	1.000000000000000e+00	16
466	1.000000000000000e+00	2
467	1.000000000000000e+00	4
468	1.000000000000000e+00	12
469	1.000000000000000e+00	4
470	1.000000000000000e+00	18
471	1.000000000000000e+00	18
472	1.000000000000000e+00	2
473	1.000000000000000e+00	36
474	1.000000000000000e+00	30
475	1.000000000000000e+00	4
476	1.000000000000000e+00	10
477	1.000000000000000e+00	10
478	1.000000000000000e+00	2
479	1.000000000000000e+00	40
480	1.000000000000000e+00	2
481	1.000000000000000e+00	10
482	1.000000000000000e+00	10
483	1.000000000000000e+00	30
484	1.000000000000000e+00	10
485	1.000000000000000e+00	10
486	1.000000000000000e+00	14
487	1.000000000000000e+00	20
488	1.000000000000000e+00	22
489	1.000000000000000e+00	2
490	1.000000000000000e+00	4
491	9.500090769694483e-01	176
492	9.000236881421383e-01	276
493	8.500328636476282e-01	252
494	8.000356761949791e-01	332
495	7.500376182292847e-01	270
496	7.000218741478926e-01	216
497	6.500101670310046e-01	268
498	6.000207113993370e-01	302
499	5.500085618053797e-01	270
500	4.999977850912630e-01	330
501	5.499927990314144e-01	210
502	5.999879422709854e-01	270
503	6.499979351037545e-01	316
504	6.999989954120400e-01	282
505	7.499970280908718e-01	286
506	7.999873447358586e-01	174
507	8.499739333938687e-01	292
508	8.999746111310268e-01	330
509	9.499603433367300e-01	242
510	8.999468433686238e-01	274
511	8.499492064992097e-01	162
512	7.999419399312832e-01	348
513	7.499327206943920e-01	222
514	7.999225151572513e-01	236
515	8.499173974077892e-01	308
516	8.999255652068940e-01	290
517	9.499159753692998e-01	212
518	9.999316841576047e-01	150
519	9.999480740639428e-01	200
520	9.999429464427441e-01	208
521	9.999261997810294e-01	134
522	9.999247635191554e-01	296
523	9.999129221852241e-01	180
524	9.999181410656154e-01	344
525	9.999086561972589e-01	284
526	9.998994374168341e-01	316
527	9.999081858342327e-01	254
528	9.999038342407197e-01	244
529	9.999066211468084e-01	250
530	9.999274028768361e-01	278
531	9.999448406103280e-01	238
532	9.999268762100745e-01	248
533	9.999454285049367e-01	288
534	9.999528680887467e-01	162
535	9.999683055155160e-01	144
536	9.999513734430987e-01	294
537	9.999439271753571e-01	306
538	9.999527032002572e-01	262
539	9.999530159914376e-01	318
540	9.999722873644147e-01	278
541	9.999878222671436e-01	282
542	1.000000000000000e+00	26
543	1.000000000000000e+00	30
544	1.000000000000000e+00	2
545	1.000000000000000e+00	2
546	1.000000000000000e+00	12
547	1.000000000000000e+00	4
548	1.000000000000000e+00	14
549	1.000000000000000e+00	12
550	1.000000000000000e+00	26
551	1.000000000000000e+00	4
552	1.000000000000000e+00	10
553	1.000000000000000e+00	8
554	1.000000000000000e+00	28
555	1.000000000000000e+00	6
556	1.000000000000000e+00	18
557	1.000000000000000e+00	6
558	1.000000000000000e+00	8
559	1.000000000000000e+00	12
560	1.000000000000000e+00	4
561	1.000000000000000e+00	12
562	1.000000000000000e+00	2
563	1.000000000000000e+00	2
564	1.000000000000000e+00	2
565	1.000000000000000e+00	2
566	1.000000000000000e+00	2
567	1.000000000000000e+00	46
568	1.000000000000000e+00	14
569	1.000000000000000e+00	6
570	1.000000000000000e+00	16
571	1.000000000000000e+00	10
572	1.000000000000000e+00	6
573	1.000000000000000e+00	10
574	1.000000000000000e+00	36
575	1.000000000000000e+00	8
576	1.000000000000000e+00	6
577	1.000000000000000e+00	2
578	1.000000000000000e+00	6
579	1.000000000000000e+00	20
580	1.000000000000000e+00	16
581	1.000000000000000e+00	8
582	1.000000000000000e+00	4
583	1.000000000000000e+00	2
584	1.000000000000000e+00	36
585	1.000000000000000e+00	2
586	1.000000000000000e+00	4
587	1.000000000000000e+00	10
588	1.000000000000000e+00	16
589	1.000000000000000e+00	6
590	1.000000000000000e+00	8
591	1.000000000000000e+00	6
592	1.000000000000000e+00	10
593	1.000000000000000e+00	6
594	1.000000000000000e+00	14
595	1.000000000000000e+00	2
596	1.000000000000000e+00	2
597	1.000000000000000e+00	6
598	1.000000000000000e+00	8
599	1.000000000000000e+00	14
600	1.000000000000000e+00	10
601	1.000000000000000e+00	6
602	1.000000000000000e+00	2
603	1.000000000000000e+00	20
604	1.000000000000000e+00	6
605	1.000000000000000e+00	12
606	1.000000000000000e+00	8
607	1.000000000000000e+00	14
608	1.000000000000000e+00	12
609	1.000000000000000e+00	4
610	1.000000000000000e+00	30
611	1.000000000000000e+00	18
612	1.000000000000000e+00	6
613	1.000000000000000e+00	12
614	1.000000000000000e+00	6
615	1.000000000000000e+00	16
616	1.000000000000000e+00	18
617	1.000000000000000e+00	6
618	1.000000000000000e+00	14
619	1.000000000000000e+00	12
620	1.000000000000000e+00	14
621	1.000000000000000e+00	22
622	1.000000000000000e+00	18
623	1.000000000000000e+00	4
624	1.000000000000000e+00	2
625	1.000000000000000e+00	8
626	1.000000000000000e+00	16
627	1.000000000000000e+00	12
628	1.000000000000000e+00	20
629	1.000000000000000e+00	24
630	1.000000000000000e+00	40
631	1.000000000000000e+00	22
632	1.000000000000000e+00	14
633	1.000000000000000e+00	4
634	1.000000000000000e+00	16
635	1.000000000000000e+00	4
636	1.000000000000000e+00	2
637	1.000000000000000e+00	26
638	1.000000000000000e+00	4
639	1.000000000000000e+00	8
640	1.000000000000000e+00	8
641	1.000000000000000e+00	2
642	1.000000000000000e+00	10
643	1.000000000000000e+00	2
644	1.000000000000000e+00	16
645	1.000000000000000e+00	8
646	1.000000000000000e+00	24
647	1.000000000000000e+00	32
648	1.000000000000000e+00	34
649	1.000000000000000e+00	8
650	1.000000000000000e+00	28
651	1.000000000000000e+00	6
652	1.000000000000000e+00	4
653	1.000000000000000e+00	10
654	1.000000000000000e+00	4
655	1.000000000000000e+00	2
656	1.000000000000000e+00	4
657	1.000000000000000e+00	10
658	1.000000000000000e+00	6
659	1.000000000000000e+00	22
660	1.000000000000000e+00	18
661	1.000000000000000e+00	4
662	1.000000000000000e+00	4
663	1.000000000000000e+00	10
664	1.000000000000000e+00	14
665	1.000000000000000e+00	32
666	1.000000000000000e+00	12
667	1.000000000000000e+00	18
668	1.000000000000000e+00	24
669	1.000000000000000e+00	20
670	1.000000000000000e+00	8
671	1.000000000000000e+00	16
672	1.000000000000000e+00	20
673	1.000000000000000e+00	6
674	1.000000000000000e+00	22
675	1.000000000000000e+00	10
676	1.000000000000000e+00	18
677	1.000000000000000e+00	16
678	1.000000000000000e+00	8
679	1.000000000000000e+00	24
680	1.000000000000000e+00	22
681	1.000000000000000e+00	8
682	1.000000000000000e+00	20
683	1.000000000000000e+00	4
684	1.000000000000000e+00	2
685	1.000000000000000e+00	2
686	1.000000000000000e+00	2
687	1.000000000000000e+00	6
688	1.000000000000000e+00	2
689	1.000000000000000e+00	44
690	1.000000000000000e+00	12
691	1.000000000000000e+00	8
692	1.000000000000000e+00	16
693	1.000000000000000e+00	2
694	1.000000000000000e+00	2
695	1.000000000000000e+00	10
696	1.000000000000000e+00	8
697	1.000000000000000e+00	4
698	1.000000000000000e+00	6
699	1.000000000000000e+00	4
700	1.000000000000000e+00	18
701	1.000000000000000e+00	10
702	1.000000000000000e+00	32
703	1.000000000000000e+00	22
704	1.000000000000000e+00	4
705	1.000000000000000e+00	38
706	1.000000000000000e+00	2
707	1.000000000000000e+00	16
708	1.000000000000000e+00	4
709	1.000000000000000e+00	8
710	1.000000000000000e+00	14
711	1.000000000000000e+00	10
712	1.000000000000000e+00	12
713	1.000000000000000e+00	8
714	1.000000000000000e+00	22
715	1.000000000000000e+00	8
716	1.000000000000000e+00	4
717	1.000000000000000e+00	2
718	1.000000000000000e+00	24
719	1.000000000000000e+00	4
720	1.000000000000000e+00	18
721	1.000000000000000e+00	8
722	1.000000000000000e+00	2
723	1.000000000000000e+00	8
724	1.000000000000000e+00	30
725	1.000000000000000e+00	2
726	1.000000000000000e+00	2
727	1.000000000000000e+00	10
728	1.000000000000000e+00	8
729	1.000000000000000e+00	10
730	1.000000000000000e+00	14
731	1.000000000000000e+00	12
732	1.000000000000000e+00	8
733	1.000000000000000e+00	6
734	1.000000000000000e+00	16
735	1.000000000000000e+00	16
736	1.000000000000000e+00	22
737	1.000000000000000e+00	20
738	1.000000000000000e+00	26
739	1.000000000000000e+00	20
740	1.000000000000000e+00	28
741	1.000000000000000e+00	30
742	1.000000000000000e+00	4
743	1.000000000000000e+00	26
744	1.000000000000000e+00	28
745	1.000000000000000e+00	10
746	1.000000000000000e+00	4
747	1.000000000000000e+00	4
748	1.000000000000000e+00	18
749	1.000000000000000e+00	8
750	1.000000000000000e+00	30
751	1.000000000000000e+00	20
752	1.000000000000000e+00	14
753	1.000000000000000e+00	14
754	1.000000000000000e+00	12
755	1.000000000000000e+00	2
756	1.000000000000000e+00	16
757	1.000000000000000e+00	8
758	1.000000000000000e+00	2
759	1.000000000000000e+00	16
760	1.000000000000000e+00	4
761	1.000000000000000e+00	22
762	1.000000000000000e+00	26
763	1.000000000000000e+00	6
764	1.000000000000000e+00	28
765	1.000000000000000e+00	8
766	1.000000000000000e+00	6
767	1.000000000000000e+00	22
768	1.000000000000000e+00	10
769	1.000000000000000e+00	2
770	1.000000000000000e+00	8
771	1.000000000000000e+00	14
772	1.000000000000000e+00	24
773	1.000000000000000e+00	14
774	1.000000000000000e+00	2
775	1.000000000000000e+00	6
776	1.000000000000000e+00	6
777	1.000000000000000e+00	4
778	1.000000000000000e+00	14
779	1.000000000000000e+00	28
780	1.000000000000000e+00	10
781	1.000000000000000e+00	10
782	1.000000000000000e+00	6
783	1.000000000000000e+00	40
784	1.000000000000000e+00	12
785	1.000000000000000e+00	20
786	1.000000000000000e+00	6
787	1.000000000000000e+00	4
788	1.000000000000000e+00	2
789	1.000000000000000e+00	6
790	1.000000000000000e+00	24
791	1.000000000000000e+00	36
792	1.000000000000000e+00	16
793	1.000000000000000e+00	6
794	1.000000000000000e+00	6
795	1.000000000000000e+00	10
796	1.000000000000000e+00	6
797	1.000000000000000e+00	8
798	1.000000000000000e+00	8
799	1.000000000000000e+00	2
800	1.000000000000000e+00	4
801	1.000000000000000e+00	12
802	1.000000000000000e+00	2
803	1.000000000000000e+00	20
804	1.000000000000000e+00	16
805	1.000000000000000e+00	24
806	1.000000000000000e+00	2
807	1.000000000000000e+00	2
808	1.000000000000000e+00	26
809	1.000000000000000e+00	12
810	1.000000000000000e+00	8
811	1.000000000000000e+00	10
812	1.000000000000000e+00	8
813	1.000000000000000e+00	22
814	1.000000000000000e+00	2
815	1.000000000000000e+00	18
816	1.000000000000000e+00	2
817	1.000000000000000e+00	16
818	1.000000000000000e+00	10
819	1.000000000000000e+00	28
820	1.000000000000000e+00	2
821	1.000000000000000e+00	16
822	1.000000000000000e+00	10
823	1.000000000000000e+00	4
824	1.000000000000000e+00	6
825	1.000000000000000e+00	2
826	1.000000000000000e+00	28
827	1.000000000000000e+00	8
828	1.000000000000000e+00	10
829	1.000000000000000e+00	4
830	1.000000000000000e+00	4
831	1.000000000000000e+00	34
832	1.000000000000000e+00	32
833	1.000000000000000e+00	22
834	1.000000000000000e+00	6
835	1.000000000000000e+00	12
836	1.000000000000000e+00	12
837	1.000000000000000e+00	20
838	1.000000000000000e+00	12
839	1.000000000000000e+00	18
840	1.000000000000000e+00	6
841	1.000000000000000e+00	14
842	1.000000000000000e+00	2
843	1.000000000000000e+00	18
844	1.000000000000000e+00	4
845	1.000000000000000e+00	34
846	1.000000000000000e+00	4
847	1.000000000000000e+00	12
848	1.000000000000000e+00	8
849	1.000000000000000e+00	2
850	1.000000000000000e+00	16
851	1.000000000000000e+00	2
852	1.000000000000000e+00	12
853	1.000000000000000e+00	4
854	1.000000000000000e+00	6
855	1.000000000000000e+00	16
856	1.000000000000000e+00	28
857	1.000000000000000e+00	2
858	1.000000000000000e+00	14
859	1.000000000000000e+00	8
860	1.000000000000000e+00	6
861	1.000000000000000e+00	8
862	1.000000000000000e+00	16
863	1.000000000000000e+00	32
864	1.000000000000000e+00	4
865	1.000000000000000e+00	20
866	1.000000000000000e+00	34
867	1.000000000000000e+00	6
868	1.000000000000000e+00	2
869	1.000000000000000e+00	24
870	1.000000000000000e+00	8
871	1.000000000000000e+00	8
872	1.000000000000000e+00	20
873	1.000000000000000e+00	8
874	1.000000000000000e+00	26
875	1.000000000000000e+00	4
876	1.000000000000000e+00	16
877	1.000000000000000e+00	16
878	1.000000000000000e+00	10
879	1.000000000000000e+00	4
880	1.000000000000000e+00	4
881	1.000000000000000e+00	12
882	1.000000000000000e+00	8
883	1.000000000000000e+00	20
884	1.000000000000000e+00	16
885	1.000000000000000e+00	20
886	1.000000000000000e+00	10
887	1.000000000000000e+00	26
888	1.000000000000000e+00	22
889	1.000000000000000e+00	8
890	1.000000000000000e+00	2
891	1.000000000000000e+00	16
892	1.000000000000000e+00	20
893	1.000000000000000e+00	6
894	1.000000000000000e+00	6
895	1.000000000000000e+00	10
896	1.000000000000000e+00	14
897	1.000000000000000e+00	10
898	1.000000000000000e+00	12
899	1.000000000000000e+00	4
900	1.000000000000000e+00	10
901	1.000000000000000e+00	22
902	1.000000000000000e+00	10
903	1.000000000000000e+00	28
904	1.000000000000000e+00	6
905	1.000000000000000e+00	24
906	1.000000000000000e+00	14
907	1.000000000000000e+00	20
908	1.000000000000000e+00	4
909	1.000000000000000e+00	2
910	1.000000000000000e+00	12
911	1.000000000000000e+00	38
912	1.000000000000000e+00	14
913	1.000000000000000e+00	10
914	1.000000000000000e+00	30
915	1.000000000000000e+00	8
916	1.000000000000000e+00	32
917	1.000000000000000e+00	6
918	1.000000000000000e+00	14
919	1.000000000000000e+00	4
920	1.000000000000000e+00	14
921	1.000000000000000e+00	6
922	1.000000000000000e+00	22
923	1.000000000000000e+00	18
924	1.000000000000000e+00	6
925	1.000000000000000e+00	8
926	1.000000000000000e+00	12
927	1.000000000000000e+00	18
928	1.000000000000000e+00	36
929	1.000000000000000e+00	44
930	1.000000000000000e+00	8
931	1.000000000000000e+00	22
932	1.000000000000000e+00	6
933	1.000000000000000e+00	6
934	1.000000000000000e+00	18
935	1.000000000000000e+00	20
936	1.000000000000000e+00	40
937	1.000000000000000e+00	20
938	1.000000000000000e+00	8
939	1.000000000000000e+00	2
940	1.000000000000000e+00	10
941	1.000000000000000e+00	32
942	1.000000000000000e+00	42
943	1.000000000000000e+00	22
944	1.000000000000000e+00	6
945	1.000000000000000e+00	22
946	1.000000000000000e+00	32
947	1.000000000000000e+00	2
948	1.000000000000000e+00	20
949	1.000000000000000e+00	10
950	1.000000000000000e+00	24
951	1.000000000000000e+00	18
952	1.000000000000000e+00	14
953	1.000000000000000e+00	10
954	1.000000000000000e+00	4
955	1.000000000000000e+00	8
956	1.000000000000000e+00	12
957	1.000000000000000e+00	10
958	1.000000000000000e+00	2
959	1.000000000000000e+00	6
960	1.000000000000000e+00	6
961	1.000000000000000e+00	24
962	1.000000000000000e+00	14
963	1.000000000000000e+00	26
964	1.000000000000000e+00	14
965	1.000000000000000e+00	8
966	1.000000000000000e+00	20
967	1.000000000000000e+00	2
968	1.000000000000000e+00	8
969	1.000000000000000e+00	44
970	1.000000000000000e+00	18
971	1.000000000000000e+00	2
972	1.000000000000000e+00	2
973	1.000000000000000e+00	12
974	1.000000000000000e+00	24
975	1.000000000000000e+00	34
976	1.000000000000000e+00	4
977	1.000000000000000e+00	18
978	1.000000000000000e+00	8
979	1.000000000000000e+00	2
980	1.000000000000000e+00	2
981	1.000000000000000e+00	10
982	1.000000000000000e+00	8
983	1.000000000000000e+00	14
984	1.000000000000000e+00	4
985	1.000000000000000e+00	14
986	1.000000000000000e+00	4
987	1.000000000000000e+00	18
988	1.000000000000000e+00	4
989	1.000000000000000e+00	8
990	1.000000000000000e+00	14
991	1.000000000000000e+00	26
992	1.000000000000000e+00	18
993	1.000000000000000e+00	20
994	1.000000000000000e+00	12
995	1.000000000000000e+00	30
996	1.000000000000000e+00	4
997	1.000000000000000e+00	8
998	1.000000000000000e+00	6
999	1.000000000000000e+00	16
1000	1.000000000000000e+00	6


Tempo gasto: 8.465245
