Método usado: LUUS JAAKOLA

POSIÇÃO	ÁREA(mm²)	CUSTO

1	1.000000000000000e+00	2
2	1.000000000000000e+00	12
3	1.000000000000000e+00	2
4	1.000000000000000e+00	34
5	1.000000000000000e+00	2
6	1.000000000000000e+00	6
7	1.000000000000000e+00	36
8	1.000000000000000e+00	4
9	1.000000000000000e+00	2
10	1.000000000000000e+00	2
11	1.000000000000000e+00	26
12	1.000000000000000e+00	6
13	1.000000000000000e+00	4
14	1.000000000000000e+00	24
15	1.000000000000000e+00	2
16	1.000000000000000e+00	10
17	1.000000000000000e+00	12
18	1.000000000000000e+00	12
19	1.000000000000000e+00	58
20	1.000000000000000e+00	24
21	1.000000000000000e+00	2
22	1.000000000000000e+00	2
23	1.000000000000000e+00	22
24	1.000000000000000e+00	32
25	1.000000000000000e+00	8
26	1.000000000000000e+00	4
27	1.000000000000000e+00	24
28	1.000000000000000e+00	22
29	1.000000000000000e+00	16
30	1.000000000000000e+00	18
31	1.000000000000000e+00	2
32	1.000000000000000e+00	10
33	1.000000000000000e+00	2
34	1.000000000000000e+00	8
35	1.000000000000000e+00	26
36	1.000000000000000e+00	8
37	1.000000000000000e+00	16
38	1.000000000000000e+00	10
39	1.000000000000000e+00	46
40	1.000000000000000e+00	8
41	1.000000000000000e+00	16
42	1.000000000000000e+00	2
43	1.000000000000000e+00	2
44	1.000000000000000e+00	16
45	1.000000000000000e+00	4
46	1.000000000000000e+00	6
47	1.000000000000000e+00	6
48	1.000000000000000e+00	14
49	1.000000000000000e+00	6
50	1.000000000000000e+00	16
51	1.000000000000000e+00	22
52	1.000000000000000e+00	6
53	1.000000000000000e+00	26
54	1.000000000000000e+00	2
55	1.000000000000000e+00	18
56	1.000000000000000e+00	10
57	1.000000000000000e+00	2
58	1.000000000000000e+00	34
59	1.000000000000000e+00	22
60	1.000000000000000e+00	24
61	1.000000000000000e+00	8
62	1.000000000000000e+00	10
63	1.000000000000000e+00	14
64	1.000000000000000e+00	18
65	1.000000000000000e+00	28
66	1.000000000000000e+00	36
67	1.000000000000000e+00	6
68	1.000000000000000e+00	4
69	1.000000000000000e+00	4
70	1.000000000000000e+00	14
71	1.000000000000000e+00	10
72	1.000000000000000e+00	8
73	1.000000000000000e+00	12
74	1.000000000000000e+00	20
75	1.000000000000000e+00	2
76	1.000000000000000e+00	8
77	1.000000000000000e+00	8
78	1.000000000000000e+00	14
79	1.000000000000000e+00	10
80	1.000000000000000e+00	4
81	1.000000000000000e+00	8
82	1.000000000000000e+00	38
83	1.000000000000000e+00	8
84	1.000000000000000e+00	18
85	1.000000000000000e+00	6
86	1.000000000000000e+00	6
87	1.000000000000000e+00	16
88	1.000000000000000e+00	10
89	1.000000000000000e+00	38
90	1.000000000000000e+00	16
91	1.000000000000000e+00	28
92	1.000000000000000e+00	4
93	1.000000000000000e+00	12
94	1.000000000000000e+00	22
95	1.000000000000000e+00	4
96	1.000000000000000e+00	30
97	1.000000000000000e+00	20
98	1.000000000000000e+00	4
99	1.000000000000000e+00	10
100	1.000000000000000e+00	6
101	1.000000000000000e+00	8
102	1.000000000000000e+00	12
103	1.000000000000000e+00	22
104	1.000000000000000e+00	18
105	1.000000000000000e+00	8
106	1.000000000000000e+00	20
107	1.000000000000000e+00	2
108	1.000000000000000e+00	14
109	1.000000000000000e+00	30
110	1.000000000000000e+00	4
111	1.000000000000000e+00	12
112	1.000000000000000e+00	12
113	1.000000000000000e+00	12
114	1.000000000000000e+00	20
115	1.000000000000000e+00	14
116	1.000000000000000e+00	16
117	1.000000000000000e+00	12
118	1.000000000000000e+00	12
119	1.000000000000000e+00	48
120	1.000000000000000e+00	6
121	1.000000000000000e+00	2
122	1.000000000000000e+00	2
123	1.000000000000000e+00	36
124	1.000000000000000e+00	32
125	1.000000000000000e+00	2
126	1.000000000000000e+00	2
127	1.000000000000000e+00	2
128	1.000000000000000e+00	2
129	1.000000000000000e+00	18
130	1.000000000000000e+00	2
131	1.000000000000000e+00	4
132	1.000000000000000e+00	14
133	1.000000000000000e+00	18
134	1.000000000000000e+00	32
135	1.000000000000000e+00	14
136	1.000000000000000e+00	28
137	1.000000000000000e+00	6
138	1.000000000000000e+00	2
139	1.000000000000000e+00	10
140	1.000000000000000e+00	4
141	1.000000000000000e+00	6
142	1.000000000000000e+00	12
143	1.000000000000000e+00	10
144	1.000000000000000e+00	8
145	1.000000000000000e+00	12
146	1.000000000000000e+00	6
147	1.000000000000000e+00	28
148	1.000000000000000e+00	2
149	1.000000000000000e+00	12
150	1.000000000000000e+00	22
151	1.000000000000000e+00	20
152	1.000000000000000e+00	6
153	1.000000000000000e+00	14
154	1.000000000000000e+00	2
155	1.000000000000000e+00	6
156	1.000000000000000e+00	12
157	1.000000000000000e+00	6
158	1.000000000000000e+00	14
159	1.000000000000000e+00	4
160	1.000000000000000e+00	24
161	1.000000000000000e+00	2
162	1.000000000000000e+00	20
163	1.000000000000000e+00	8
164	1.000000000000000e+00	10
165	1.000000000000000e+00	16
166	1.000000000000000e+00	6
167	1.000000000000000e+00	4
168	1.000000000000000e+00	4
169	1.000000000000000e+00	4
170	1.000000000000000e+00	24
171	1.000000000000000e+00	4
172	1.000000000000000e+00	16
173	1.000000000000000e+00	4
174	1.000000000000000e+00	14
175	1.000000000000000e+00	10
176	1.000000000000000e+00	2
177	1.000000000000000e+00	2
178	1.000000000000000e+00	2
179	1.000000000000000e+00	16
180	1.000000000000000e+00	12
181	1.000000000000000e+00	18
182	1.000000000000000e+00	8
183	1.000000000000000e+00	4
184	1.000000000000000e+00	2
185	1.000000000000000e+00	2
186	1.000000000000000e+00	26
187	1.000000000000000e+00	6
188	1.000000000000000e+00	8
189	1.000000000000000e+00	12
190	1.000000000000000e+00	4
191	1.000000000000000e+00	12
192	1.000000000000000e+00	2
193	1.000000000000000e+00	2
194	1.000000000000000e+00	10
195	1.000000000000000e+00	8
196	1.000000000000000e+00	10
197	1.000000000000000e+00	10
198	1.000000000000000e+00	12
199	1.000000000000000e+00	24
200	1.000000000000000e+00	12
201	1.000000000000000e+00	22
202	1.000000000000000e+00	2
203	1.000000000000000e+00	4
204	1.000000000000000e+00	18
205	1.000000000000000e+00	10
206	1.000000000000000e+00	10
207	1.000000000000000e+00	16
208	1.000000000000000e+00	22
209	1.000000000000000e+00	10
210	1.000000000000000e+00	38
211	1.000000000000000e+00	4
212	1.000000000000000e+00	12
213	1.000000000000000e+00	6
214	1.000000000000000e+00	18
215	1.000000000000000e+00	18
216	1.000000000000000e+00	28
217	1.000000000000000e+00	52
218	1.000000000000000e+00	26
219	1.000000000000000e+00	2
220	1.000000000000000e+00	6
221	1.000000000000000e+00	18
222	1.000000000000000e+00	2
223	1.000000000000000e+00	38
224	1.000000000000000e+00	4
225	1.000000000000000e+00	10
226	1.000000000000000e+00	8
227	1.000000000000000e+00	44
228	1.000000000000000e+00	14
229	1.000000000000000e+00	14
230	1.000000000000000e+00	34
231	1.000000000000000e+00	12
232	1.000000000000000e+00	18
233	1.000000000000000e+00	8
234	1.000000000000000e+00	6
235	1.000000000000000e+00	24
236	1.000000000000000e+00	2
237	1.000000000000000e+00	38
238	1.000000000000000e+00	16
239	1.000000000000000e+00	16
240	1.000000000000000e+00	4
241	1.000000000000000e+00	4
242	1.000000000000000e+00	10
243	1.000000000000000e+00	16
244	1.000000000000000e+00	16
245	1.000000000000000e+00	8
246	1.000000000000000e+00	14
247	1.000000000000000e+00	2
248	1.000000000000000e+00	4
249	1.000000000000000e+00	26
250	1.000000000000000e+00	8
251	1.000000000000000e+00	18
252	1.000000000000000e+00	6
253	1.000000000000000e+00	6
254	1.000000000000000e+00	8
255	1.000000000000000e+00	2
256	1.000000000000000e+00	18
257	1.000000000000000e+00	22
258	1.000000000000000e+00	6
259	1.000000000000000e+00	6
260	1.000000000000000e+00	14
261	1.000000000000000e+00	6
262	1.000000000000000e+00	10
263	1.000000000000000e+00	10
264	1.000000000000000e+00	8
265	1.000000000000000e+00	10
266	1.000000000000000e+00	4
267	1.000000000000000e+00	14
268	1.000000000000000e+00	12
269	1.000000000000000e+00	8
270	1.000000000000000e+00	16
271	1.000000000000000e+00	10
272	1.000000000000000e+00	2
273	1.000000000000000e+00	28
274	1.000000000000000e+00	4
275	1.000000000000000e+00	10
276	1.000000000000000e+00	2
277	1.000000000000000e+00	2
278	1.000000000000000e+00	4
279	1.000000000000000e+00	22
280	1.000000000000000e+00	10
281	1.000000000000000e+00	22
282	1.000000000000000e+00	10
283	1.000000000000000e+00	20
284	1.000000000000000e+00	66
285	1.000000000000000e+00	10
286	1.000000000000000e+00	12
287	1.000000000000000e+00	8
288	1.000000000000000e+00	6
289	1.000000000000000e+00	6
290	1.000000000000000e+00	2
291	1.000000000000000e+00	14
292	1.000000000000000e+00	10
293	1.000000000000000e+00	6
294	1.000000000000000e+00	16
295	1.000000000000000e+00	2
296	1.000000000000000e+00	6
297	1.000000000000000e+00	8
298	1.000000000000000e+00	18
299	1.000000000000000e+00	4
300	1.000000000000000e+00	52
301	1.000000000000000e+00	18
302	1.000000000000000e+00	26
303	1.000000000000000e+00	2
304	1.000000000000000e+00	52
305	1.000000000000000e+00	18
306	1.000000000000000e+00	8
307	1.000000000000000e+00	4
308	1.000000000000000e+00	18
309	1.000000000000000e+00	2
310	1.000000000000000e+00	2
311	1.000000000000000e+00	6
312	1.000000000000000e+00	20
313	1.000000000000000e+00	4
314	1.000000000000000e+00	12
315	1.000000000000000e+00	2
316	1.000000000000000e+00	8
317	1.000000000000000e+00	12
318	1.000000000000000e+00	12
319	1.000000000000000e+00	30
320	1.000000000000000e+00	32
321	1.000000000000000e+00	20
322	1.000000000000000e+00	10
323	1.000000000000000e+00	10
324	1.000000000000000e+00	26
325	1.000000000000000e+00	4
326	1.000000000000000e+00	2
327	1.000000000000000e+00	20
328	1.000000000000000e+00	38
329	1.000000000000000e+00	8
330	1.000000000000000e+00	2
331	1.000000000000000e+00	14
332	1.000000000000000e+00	2
333	1.000000000000000e+00	22
334	1.000000000000000e+00	6
335	1.000000000000000e+00	6
336	1.000000000000000e+00	2
337	1.000000000000000e+00	24
338	1.000000000000000e+00	10
339	1.000000000000000e+00	30
340	1.000000000000000e+00	14
341	1.000000000000000e+00	10
342	1.000000000000000e+00	8
343	1.000000000000000e+00	32
344	1.000000000000000e+00	4
345	1.000000000000000e+00	12
346	1.000000000000000e+00	12
347	1.000000000000000e+00	10
348	1.000000000000000e+00	2
349	1.000000000000000e+00	6
350	1.000000000000000e+00	4
351	1.000000000000000e+00	8
352	1.000000000000000e+00	10
353	1.000000000000000e+00	2
354	1.000000000000000e+00	6
355	1.000000000000000e+00	12
356	1.000000000000000e+00	10
357	1.000000000000000e+00	10
358	1.000000000000000e+00	6
359	1.000000000000000e+00	2
360	1.000000000000000e+00	16
361	1.000000000000000e+00	16
362	1.000000000000000e+00	14
363	1.000000000000000e+00	6
364	1.000000000000000e+00	8
365	1.000000000000000e+00	8
366	1.000000000000000e+00	2
367	1.000000000000000e+00	2
368	1.000000000000000e+00	2
369	1.000000000000000e+00	8
370	1.000000000000000e+00	4
371	1.000000000000000e+00	10
372	1.000000000000000e+00	14
373	1.000000000000000e+00	2
374	1.000000000000000e+00	4
375	1.000000000000000e+00	4
376	1.000000000000000e+00	6
377	1.000000000000000e+00	20
378	1.000000000000000e+00	2
379	1.000000000000000e+00	2
380	1.000000000000000e+00	4
381	1.000000000000000e+00	10
382	1.000000000000000e+00	16
383	1.000000000000000e+00	4
384	1.000000000000000e+00	4
385	1.000000000000000e+00	10
386	1.000000000000000e+00	6
387	1.000000000000000e+00	4
388	1.000000000000000e+00	14
389	1.000000000000000e+00	10
390	1.000000000000000e+00	24
391	1.000000000000000e+00	4
392	1.000000000000000e+00	14
393	1.000000000000000e+00	4
394	1.000000000000000e+00	30
395	1.000000000000000e+00	4
396	1.000000000000000e+00	8
397	1.000000000000000e+00	2
398	1.000000000000000e+00	22
399	1.000000000000000e+00	8
400	1.000000000000000e+00	8
401	1.000000000000000e+00	22
402	1.000000000000000e+00	2
403	1.000000000000000e+00	6
404	1.000000000000000e+00	8
405	1.000000000000000e+00	16
406	1.000000000000000e+00	10
407	1.000000000000000e+00	6
408	1.000000000000000e+00	2
409	1.000000000000000e+00	2
410	1.000000000000000e+00	4
411	1.000000000000000e+00	8
412	1.000000000000000e+00	10
413	1.000000000000000e+00	8
414	1.000000000000000e+00	10
415	1.000000000000000e+00	12
416	1.000000000000000e+00	14
417	1.000000000000000e+00	2
418	1.000000000000000e+00	2
419	1.000000000000000e+00	4
420	1.000000000000000e+00	30
421	1.000000000000000e+00	4
422	1.000000000000000e+00	24
423	1.000000000000000e+00	6
424	1.000000000000000e+00	22
425	1.000000000000000e+00	8
426	1.000000000000000e+00	12
427	1.000000000000000e+00	10
428	1.000000000000000e+00	12
429	1.000000000000000e+00	2
430	1.000000000000000e+00	8
431	1.000000000000000e+00	6
432	1.000000000000000e+00	10
433	1.000000000000000e+00	2
434	1.000000000000000e+00	6
435	1.000000000000000e+00	8
436	1.000000000000000e+00	12
437	1.000000000000000e+00	10
438	1.000000000000000e+00	14
439	1.000000000000000e+00	22
440	1.000000000000000e+00	20
441	1.000000000000000e+00	30
442	1.000000000000000e+00	12
443	1.000000000000000e+00	6
444	1.000000000000000e+00	10
445	1.000000000000000e+00	18
446	1.000000000000000e+00	6
447	1.000000000000000e+00	4
448	1.000000000000000e+00	16
449	1.000000000000000e+00	20
450	1.000000000000000e+00	14
451	1.000000000000000e+00	26
452	1.000000000000000e+00	4
453	1.000000000000000e+00	2
454	1.000000000000000e+00	22
455	1.000000000000000e+00	14
456	1.000000000000000e+00	34
457	1.000000000000000e+00	12
458	1.000000000000000e+00	6
459	1.000000000000000e+00	14
460	1.000000000000000e+00	8
461	1.000000000000000e+00	28
462	1.000000000000000e+00	4
463	1.000000000000000e+00	2
464	1.000000000000000e+00	2
465	1.000000000000000e+00	12
466	1.000000000000000e+00	2
467	1.000000000000000e+00	10
468	1.000000000000000e+00	4
469	1.000000000000000e+00	4
470	1.000000000000000e+00	14
471	1.000000000000000e+00	16
472	1.000000000000000e+00	14
473	1.000000000000000e+00	8
474	1.000000000000000e+00	16
475	1.000000000000000e+00	2
476	1.000000000000000e+00	14
477	1.000000000000000e+00	10
478	1.000000000000000e+00	8
479	1.000000000000000e+00	14
480	1.000000000000000e+00	12
481	1.000000000000000e+00	16
482	1.000000000000000e+00	14
483	1.000000000000000e+00	14
484	1.000000000000000e+00	22
485	1.000000000000000e+00	6
486	1.000000000000000e+00	8
487	1.000000000000000e+00	14
488	1.000000000000000e+00	16
489	1.000000000000000e+00	2
490	1.000000000000000e+00	4
491	9.500164022819994e-01	294
492	9.000194266489049e-01	262
493	8.500268144556367e-01	320
494	8.000139992778130e-01	230
495	7.500226718061875e-01	284
496	7.000312942627637e-01	312
497	6.500245575072017e-01	348
498	6.000321151886308e-01	310
499	5.500233021910008e-01	290
500	5.000161589076344e-01	314
501	5.500250910488287e-01	218
502	6.000362553306311e-01	364
503	6.500496437518535e-01	296
504	7.000574625876671e-01	282
505	7.500594376557622e-01	296
506	8.000704368441475e-01	282
507	8.500643570824606e-01	276
508	9.000644445643599e-01	314
509	9.500702244868765e-01	306
510	9.000673733928007e-01	294
511	8.500590701351817e-01	222
512	8.000668038831360e-01	278
513	7.500716747186524e-01	284
514	8.000691334681325e-01	210
515	8.500612917769992e-01	236
516	9.000632492738370e-01	228
517	9.500687704957481e-01	272
518	1.000000000000000e+00	1000
519	1.000000000000000e+00	2
520	1.000000000000000e+00	2
521	1.000000000000000e+00	18
522	1.000000000000000e+00	6
523	1.000000000000000e+00	16
524	1.000000000000000e+00	18
525	1.000000000000000e+00	46
526	1.000000000000000e+00	8
527	1.000000000000000e+00	22
528	1.000000000000000e+00	4
529	1.000000000000000e+00	16
530	1.000000000000000e+00	2
531	1.000000000000000e+00	2
532	1.000000000000000e+00	2
533	1.000000000000000e+00	12
534	1.000000000000000e+00	10
535	1.000000000000000e+00	4
536	1.000000000000000e+00	32
537	1.000000000000000e+00	10
538	1.000000000000000e+00	26
539	1.000000000000000e+00	12
540	1.000000000000000e+00	20
541	1.000000000000000e+00	2
542	1.000000000000000e+00	2
543	1.000000000000000e+00	14
544	1.000000000000000e+00	4
545	1.000000000000000e+00	8
546	1.000000000000000e+00	4
547	1.000000000000000e+00	22
548	1.000000000000000e+00	18
549	1.000000000000000e+00	2
550	1.000000000000000e+00	8
551	1.000000000000000e+00	2
552	1.000000000000000e+00	10
553	1.000000000000000e+00	16
554	1.000000000000000e+00	2
555	1.000000000000000e+00	2
556	1.000000000000000e+00	6
557	1.000000000000000e+00	2
558	1.000000000000000e+00	8
559	1.000000000000000e+00	10
560	1.000000000000000e+00	8
561	1.000000000000000e+00	20
562	1.000000000000000e+00	10
563	1.000000000000000e+00	8
564	1.000000000000000e+00	8
565	1.000000000000000e+00	2
566	1.000000000000000e+00	10
567	1.000000000000000e+00	20
568	1.000000000000000e+00	18
569	1.000000000000000e+00	30
570	1.000000000000000e+00	14
571	1.000000000000000e+00	8
572	1.000000000000000e+00	8
573	1.000000000000000e+00	8
574	1.000000000000000e+00	6
575	1.000000000000000e+00	8
576	1.000000000000000e+00	10
577	1.000000000000000e+00	30
578	1.000000000000000e+00	2
579	1.000000000000000e+00	8
580	1.000000000000000e+00	2
581	1.000000000000000e+00	8
582	1.000000000000000e+00	22
583	1.000000000000000e+00	4
584	1.000000000000000e+00	6
585	1.000000000000000e+00	14
586	1.000000000000000e+00	10
587	1.000000000000000e+00	6
588	1.000000000000000e+00	4
589	1.000000000000000e+00	32
590	1.000000000000000e+00	4
591	1.000000000000000e+00	10
592	1.000000000000000e+00	22
593	1.000000000000000e+00	4
594	1.000000000000000e+00	4
595	1.000000000000000e+00	8
596	1.000000000000000e+00	36
597	1.000000000000000e+00	4
598	1.000000000000000e+00	22
599	1.000000000000000e+00	14
600	1.000000000000000e+00	8
601	1.000000000000000e+00	24
602	1.000000000000000e+00	2
603	1.000000000000000e+00	4
604	1.000000000000000e+00	12
605	1.000000000000000e+00	36
606	1.000000000000000e+00	14
607	1.000000000000000e+00	14
608	1.000000000000000e+00	24
609	1.000000000000000e+00	2
610	1.000000000000000e+00	18
611	1.000000000000000e+00	16
612	1.000000000000000e+00	36
613	1.000000000000000e+00	20
614	1.000000000000000e+00	12
615	1.000000000000000e+00	6
616	1.000000000000000e+00	12
617	1.000000000000000e+00	8
618	1.000000000000000e+00	22
619	1.000000000000000e+00	8
620	1.000000000000000e+00	6
621	1.000000000000000e+00	8
622	1.000000000000000e+00	10
623	1.000000000000000e+00	18
624	1.000000000000000e+00	2
625	1.000000000000000e+00	2
626	1.000000000000000e+00	8
627	1.000000000000000e+00	4
628	1.000000000000000e+00	40
629	1.000000000000000e+00	10
630	1.000000000000000e+00	40
631	1.000000000000000e+00	10
632	1.000000000000000e+00	16
633	1.000000000000000e+00	8
634	1.000000000000000e+00	2
635	1.000000000000000e+00	10
636	1.000000000000000e+00	8
637	1.000000000000000e+00	16
638	1.000000000000000e+00	8
639	1.000000000000000e+00	16
640	1.000000000000000e+00	4
641	1.000000000000000e+00	2
642	1.000000000000000e+00	16
643	1.000000000000000e+00	34
644	1.000000000000000e+00	4
645	1.000000000000000e+00	14
646	1.000000000000000e+00	6
647	1.000000000000000e+00	4
648	1.000000000000000e+00	28
649	1.000000000000000e+00	8
650	1.000000000000000e+00	14
651	1.000000000000000e+00	4
652	1.000000000000000e+00	4
653	1.000000000000000e+00	8
654	1.000000000000000e+00	36
655	1.000000000000000e+00	2
656	1.000000000000000e+00	10
657	1.000000000000000e+00	16
658	1.000000000000000e+00	8
659	1.000000000000000e+00	28
660	1.000000000000000e+00	8
661	1.000000000000000e+00	22
662	1.000000000000000e+00	12
663	1.000000000000000e+00	18
664	1.000000000000000e+00	16
665	1.000000000000000e+00	16
666	1.000000000000000e+00	16
667	1.000000000000000e+00	10
668	1.000000000000000e+00	12
669	1.000000000000000e+00	20
670	1.000000000000000e+00	6
671	1.000000000000000e+00	16
672	1.000000000000000e+00	16
673	1.000000000000000e+00	8
674	1.000000000000000e+00	8
675	1.000000000000000e+00	2
676	1.000000000000000e+00	4
677	1.000000000000000e+00	4
678	1.000000000000000e+00	14
679	1.000000000000000e+00	20
680	1.000000000000000e+00	14
681	1.000000000000000e+00	18
682	1.000000000000000e+00	6
683	1.000000000000000e+00	6
684	1.000000000000000e+00	2
685	1.000000000000000e+00	4
686	1.000000000000000e+00	22
687	1.000000000000000e+00	14
688	1.000000000000000e+00	4
689	1.000000000000000e+00	22
690	1.000000000000000e+00	4
691	1.000000000000000e+00	26
692	1.000000000000000e+00	16
693	1.000000000000000e+00	12
694	1.000000000000000e+00	6
695	1.000000000000000e+00	4
696	1.000000000000000e+00	10
697	1.000000000000000e+00	2
698	1.000000000000000e+00	14
699	1.000000000000000e+00	6
700	1.000000000000000e+00	14
701	1.000000000000000e+00	50
702	1.000000000000000e+00	4
703	1.000000000000000e+00	2
704	1.000000000000000e+00	8
705	1.000000000000000e+00	16
706	1.000000000000000e+00	4
707	1.000000000000000e+00	6
708	1.000000000000000e+00	18
709	1.000000000000000e+00	38
710	1.000000000000000e+00	20
711	1.000000000000000e+00	4
712	1.000000000000000e+00	16
713	1.000000000000000e+00	8
714	1.000000000000000e+00	2
715	1.000000000000000e+00	2
716	1.000000000000000e+00	6
717	1.000000000000000e+00	4
718	1.000000000000000e+00	6
719	1.000000000000000e+00	16
720	1.000000000000000e+00	20
721	1.000000000000000e+00	32
722	1.000000000000000e+00	4
723	1.000000000000000e+00	32
724	1.000000000000000e+00	10
725	1.000000000000000e+00	4
726	1.000000000000000e+00	10
727	1.000000000000000e+00	10
728	1.000000000000000e+00	14
729	1.000000000000000e+00	12
730	1.000000000000000e+00	6
731	1.000000000000000e+00	16
732	1.000000000000000e+00	10
733	1.000000000000000e+00	24
734	1.000000000000000e+00	10
735	1.000000000000000e+00	16
736	1.000000000000000e+00	4
737	1.000000000000000e+00	14
738	1.000000000000000e+00	4
739	1.000000000000000e+00	10
740	1.000000000000000e+00	10
741	1.000000000000000e+00	42
742	1.000000000000000e+00	26
743	1.000000000000000e+00	4
744	1.000000000000000e+00	18
745	1.000000000000000e+00	2
746	1.000000000000000e+00	14
747	1.000000000000000e+00	18
748	1.000000000000000e+00	10
749	1.000000000000000e+00	8
750	1.000000000000000e+00	10
751	1.000000000000000e+00	10
752	1.000000000000000e+00	14
753	1.000000000000000e+00	14
754	1.000000000000000e+00	6
755	1.000000000000000e+00	54
756	1.000000000000000e+00	10
757	1.000000000000000e+00	18
758	1.000000000000000e+00	22
759	1.000000000000000e+00	66
760	1.000000000000000e+00	4
761	1.000000000000000e+00	8
762	1.000000000000000e+00	4
763	1.000000000000000e+00	2
764	1.000000000000000e+00	10
765	1.000000000000000e+00	2
766	1.000000000000000e+00	8
767	1.000000000000000e+00	6
768	1.000000000000000e+00	38
769	1.000000000000000e+00	6
770	1.000000000000000e+00	6
771	1.000000000000000e+00	4
772	1.000000000000000e+00	2
773	1.000000000000000e+00	16
774	1.000000000000000e+00	4
775	1.000000000000000e+00	10
776	1.000000000000000e+00	6
777	1.000000000000000e+00	12
778	1.000000000000000e+00	2
779	1.000000000000000e+00	6
780	1.000000000000000e+00	6
781	1.000000000000000e+00	18
782	1.000000000000000e+00	8
783	1.000000000000000e+00	4
784	1.000000000000000e+00	12
785	1.000000000000000e+00	22
786	1.000000000000000e+00	10
787	1.000000000000000e+00	10
788	1.000000000000000e+00	10
789	1.000000000000000e+00	2
790	1.000000000000000e+00	10
791	1.000000000000000e+00	8
792	1.000000000000000e+00	2
793	1.000000000000000e+00	30
794	1.000000000000000e+00	2
795	1.000000000000000e+00	2
796	1.000000000000000e+00	4
797	1.000000000000000e+00	10
798	1.000000000000000e+00	10
799	1.000000000000000e+00	2
800	1.000000000000000e+00	2
801	1.000000000000000e+00	34
802	1.000000000000000e+00	4
803	1.000000000000000e+00	2
804	1.000000000000000e+00	8
805	1.000000000000000e+00	22
806	1.000000000000000e+00	18
807	1.000000000000000e+00	2
808	1.000000000000000e+00	8
809	1.000000000000000e+00	8
810	1.000000000000000e+00	20
811	1.000000000000000e+00	2
812	1.000000000000000e+00	20
813	1.000000000000000e+00	2
814	1.000000000000000e+00	22
815	1.000000000000000e+00	14
816	1.000000000000000e+00	62
817	1.000000000000000e+00	4
818	1.000000000000000e+00	60
819	1.000000000000000e+00	2
820	1.000000000000000e+00	4
821	1.000000000000000e+00	2
822	1.000000000000000e+00	16
823	1.000000000000000e+00	10
824	1.000000000000000e+00	2
825	1.000000000000000e+00	10
826	1.000000000000000e+00	2
827	1.000000000000000e+00	2
828	1.000000000000000e+00	6
829	1.000000000000000e+00	10
830	1.000000000000000e+00	14
831	1.000000000000000e+00	4
832	1.000000000000000e+00	2
833	1.000000000000000e+00	8
834	1.000000000000000e+00	24
835	1.000000000000000e+00	12
836	1.000000000000000e+00	10
837	1.000000000000000e+00	10
838	1.000000000000000e+00	88
839	1.000000000000000e+00	14
840	1.000000000000000e+00	2
841	1.000000000000000e+00	10
842	1.000000000000000e+00	34
843	1.000000000000000e+00	6
844	1.000000000000000e+00	6
845	1.000000000000000e+00	8
846	1.000000000000000e+00	10
847	1.000000000000000e+00	6
848	1.000000000000000e+00	26
849	1.000000000000000e+00	4
850	1.000000000000000e+00	4
851	1.000000000000000e+00	8
852	1.000000000000000e+00	28
853	1.000000000000000e+00	12
854	1.000000000000000e+00	2
855	1.000000000000000e+00	10
856	1.000000000000000e+00	2
857	1.000000000000000e+00	12
858	1.000000000000000e+00	8
859	1.000000000000000e+00	8
860	1.000000000000000e+00	24
861	1.000000000000000e+00	10
862	1.000000000000000e+00	22
863	1.000000000000000e+00	10
864	1.000000000000000e+00	4
865	1.000000000000000e+00	22
866	1.000000000000000e+00	12
867	1.000000000000000e+00	12
868	1.000000000000000e+00	10
869	1.000000000000000e+00	8
870	1.000000000000000e+00	2
871	1.000000000000000e+00	36
872	1.000000000000000e+00	4
873	1.000000000000000e+00	14
874	1.000000000000000e+00	36
875	1.000000000000000e+00	16
876	1.000000000000000e+00	22
877	1.000000000000000e+00	6
878	1.000000000000000e+00	12
879	1.000000000000000e+00	2
880	1.000000000000000e+00	12
881	1.000000000000000e+00	4
882	1.000000000000000e+00	8
883	1.000000000000000e+00	4
884	1.000000000000000e+00	14
885	1.000000000000000e+00	8
886	1.000000000000000e+00	2
887	1.000000000000000e+00	14
888	1.000000000000000e+00	16
889	1.000000000000000e+00	10
890	1.000000000000000e+00	4
891	1.000000000000000e+00	10
892	1.000000000000000e+00	10
893	1.000000000000000e+00	14
894	1.000000000000000e+00	6
895	1.000000000000000e+00	26
896	1.000000000000000e+00	4
897	1.000000000000000e+00	14
898	1.000000000000000e+00	4
899	1.000000000000000e+00	2
900	1.000000000000000e+00	2
901	1.000000000000000e+00	24
902	1.000000000000000e+00	4
903	1.000000000000000e+00	10
904	1.000000000000000e+00	26
905	1.000000000000000e+00	24
906	1.000000000000000e+00	12
907	1.000000000000000e+00	2
908	1.000000000000000e+00	34
909	1.000000000000000e+00	26
910	1.000000000000000e+00	28
911	1.000000000000000e+00	14
912	1.000000000000000e+00	2
913	1.000000000000000e+00	16
914	1.000000000000000e+00	2
915	1.000000000000000e+00	8
916	1.000000000000000e+00	10
917	1.000000000000000e+00	2
918	1.000000000000000e+00	16
919	1.000000000000000e+00	8
920	1.000000000000000e+00	38
921	1.000000000000000e+00	8
922	1.000000000000000e+00	8
923	1.000000000000000e+00	16
924	1.000000000000000e+00	6
925	1.000000000000000e+00	12
926	1.000000000000000e+00	12
927	1.000000000000000e+00	6
928	1.000000000000000e+00	2
929	1.000000000000000e+00	8
930	1.000000000000000e+00	18
931	1.000000000000000e+00	26
932	1.000000000000000e+00	10
933	1.000000000000000e+00	8
934	1.000000000000000e+00	16
935	1.000000000000000e+00	6
936	1.000000000000000e+00	12
937	1.000000000000000e+00	14
938	1.000000000000000e+00	4
939	1.000000000000000e+00	12
940	1.000000000000000e+00	2
941	1.000000000000000e+00	16
942	1.000000000000000e+00	16
943	1.000000000000000e+00	2
944	1.000000000000000e+00	4
945	1.000000000000000e+00	8
946	1.000000000000000e+00	8
947	1.000000000000000e+00	20
948	1.000000000000000e+00	4
949	1.000000000000000e+00	8
950	1.000000000000000e+00	14
951	1.000000000000000e+00	14
952	1.000000000000000e+00	4
953	1.000000000000000e+00	6
954	1.000000000000000e+00	34
955	1.000000000000000e+00	10
956	1.000000000000000e+00	10
957	1.000000000000000e+00	4
958	1.000000000000000e+00	22
959	1.000000000000000e+00	6
960	1.000000000000000e+00	2
961	1.000000000000000e+00	12
962	1.000000000000000e+00	16
963	1.000000000000000e+00	2
964	1.000000000000000e+00	12
965	1.000000000000000e+00	26
966	1.000000000000000e+00	8
967	1.000000000000000e+00	12
968	1.000000000000000e+00	18
969	1.000000000000000e+00	6
970	1.000000000000000e+00	6
971	1.000000000000000e+00	8
972	1.000000000000000e+00	26
973	1.000000000000000e+00	14
974	1.000000000000000e+00	32
975	1.000000000000000e+00	8
976	1.000000000000000e+00	2
977	1.000000000000000e+00	18
978	1.000000000000000e+00	2
979	1.000000000000000e+00	24
980	1.000000000000000e+00	14
981	1.000000000000000e+00	14
982	1.000000000000000e+00	4
983	1.000000000000000e+00	4
984	1.000000000000000e+00	2
985	1.000000000000000e+00	14
986	1.000000000000000e+00	12
987	1.000000000000000e+00	16
988	1.000000000000000e+00	18
989	1.000000000000000e+00	6
990	1.000000000000000e+00	18
991	1.000000000000000e+00	2
992	1.000000000000000e+00	2
993	1.000000000000000e+00	4
994	1.000000000000000e+00	18
995	1.000000000000000e+00	26
996	1.000000000000000e+00	24
997	1.000000000000000e+00	14
998	1.000000000000000e+00	10
999	1.000000000000000e+00	10
1000	1.000000000000000e+00	20


Tempo gasto: 6.821112
