Método usado: LUUS JAAKOLA

POSIÇÃO	ÁREA(mm²)	CUSTO

1	1.000000000000000e+00	12
2	1.000000000000000e+00	20
3	1.000000000000000e+00	12
4	1.000000000000000e+00	6
5	1.000000000000000e+00	10
6	1.000000000000000e+00	6
7	1.000000000000000e+00	2
8	1.000000000000000e+00	2
9	1.000000000000000e+00	12
10	1.000000000000000e+00	2
11	1.000000000000000e+00	34
12	1.000000000000000e+00	14
13	1.000000000000000e+00	20
14	1.000000000000000e+00	10
15	1.000000000000000e+00	8
16	1.000000000000000e+00	8
17	1.000000000000000e+00	16
18	1.000000000000000e+00	14
19	1.000000000000000e+00	26
20	1.000000000000000e+00	10
21	1.000000000000000e+00	40
22	1.000000000000000e+00	18
23	1.000000000000000e+00	8
24	1.000000000000000e+00	4
25	1.000000000000000e+00	12
26	1.000000000000000e+00	42
27	1.000000000000000e+00	16
28	1.000000000000000e+00	2
29	1.000000000000000e+00	14
30	1.000000000000000e+00	16
31	1.000000000000000e+00	4
32	1.000000000000000e+00	10
33	1.000000000000000e+00	4
34	1.000000000000000e+00	2
35	1.000000000000000e+00	8
36	1.000000000000000e+00	4
37	1.000000000000000e+00	10
38	1.000000000000000e+00	14
39	1.000000000000000e+00	8
40	1.000000000000000e+00	22
41	1.000000000000000e+00	18
42	1.000000000000000e+00	22
43	1.000000000000000e+00	4
44	1.000000000000000e+00	6
45	1.000000000000000e+00	2
46	1.000000000000000e+00	4
47	1.000000000000000e+00	4
48	1.000000000000000e+00	16
49	1.000000000000000e+00	2
50	1.000000000000000e+00	14
51	1.000000000000000e+00	6
52	1.000000000000000e+00	6
53	1.000000000000000e+00	30
54	1.000000000000000e+00	24
55	1.000000000000000e+00	14
56	1.000000000000000e+00	2
57	1.000000000000000e+00	4
58	1.000000000000000e+00	4
59	1.000000000000000e+00	4
60	1.000000000000000e+00	4
61	1.000000000000000e+00	4
62	1.000000000000000e+00	18
63	1.000000000000000e+00	2
64	1.000000000000000e+00	10
65	1.000000000000000e+00	42
66	1.000000000000000e+00	4
67	1.000000000000000e+00	8
68	1.000000000000000e+00	18
69	1.000000000000000e+00	14
70	1.000000000000000e+00	12
71	1.000000000000000e+00	12
72	1.000000000000000e+00	24
73	1.000000000000000e+00	4
74	1.000000000000000e+00	16
75	1.000000000000000e+00	6
76	1.000000000000000e+00	18
77	1.000000000000000e+00	4
78	1.000000000000000e+00	26
79	1.000000000000000e+00	2
80	1.000000000000000e+00	6
81	1.000000000000000e+00	6
82	1.000000000000000e+00	8
83	1.000000000000000e+00	2
84	1.000000000000000e+00	2
85	1.000000000000000e+00	14
86	1.000000000000000e+00	22
87	1.000000000000000e+00	2
88	1.000000000000000e+00	2
89	1.000000000000000e+00	2
90	1.000000000000000e+00	2
91	1.000000000000000e+00	6
92	1.000000000000000e+00	14
93	1.000000000000000e+00	2
94	1.000000000000000e+00	16
95	1.000000000000000e+00	6
96	1.000000000000000e+00	24
97	1.000000000000000e+00	10
98	1.000000000000000e+00	6
99	1.000000000000000e+00	12
100	1.000000000000000e+00	4
101	1.000000000000000e+00	2
102	1.000000000000000e+00	10
103	1.000000000000000e+00	8
104	1.000000000000000e+00	12
105	1.000000000000000e+00	4
106	1.000000000000000e+00	8
107	1.000000000000000e+00	24
108	1.000000000000000e+00	4
109	1.000000000000000e+00	12
110	1.000000000000000e+00	14
111	1.000000000000000e+00	10
112	1.000000000000000e+00	40
113	1.000000000000000e+00	4
114	1.000000000000000e+00	4
115	1.000000000000000e+00	12
116	1.000000000000000e+00	8
117	1.000000000000000e+00	8
118	1.000000000000000e+00	34
119	1.000000000000000e+00	6
120	1.000000000000000e+00	2
121	1.000000000000000e+00	2
122	1.000000000000000e+00	8
123	1.000000000000000e+00	2
124	1.000000000000000e+00	14
125	1.000000000000000e+00	8
126	1.000000000000000e+00	14
127	1.000000000000000e+00	4
128	1.000000000000000e+00	2
129	1.000000000000000e+00	4
130	1.000000000000000e+00	4
131	1.000000000000000e+00	2
132	1.000000000000000e+00	12
133	1.000000000000000e+00	14
134	1.000000000000000e+00	4
135	1.000000000000000e+00	24
136	1.000000000000000e+00	4
137	1.000000000000000e+00	14
138	1.000000000000000e+00	2
139	1.000000000000000e+00	44
140	1.000000000000000e+00	2
141	1.000000000000000e+00	12
142	1.000000000000000e+00	2
143	1.000000000000000e+00	44
144	1.000000000000000e+00	6
145	1.000000000000000e+00	6
146	1.000000000000000e+00	6
147	1.000000000000000e+00	2
148	1.000000000000000e+00	12
149	1.000000000000000e+00	4
150	1.000000000000000e+00	10
151	1.000000000000000e+00	20
152	1.000000000000000e+00	4
153	1.000000000000000e+00	2
154	1.000000000000000e+00	14
155	1.000000000000000e+00	10
156	1.000000000000000e+00	6
157	1.000000000000000e+00	80
158	1.000000000000000e+00	24
159	1.000000000000000e+00	8
160	1.000000000000000e+00	20
161	1.000000000000000e+00	4
162	1.000000000000000e+00	2
163	1.000000000000000e+00	4
164	1.000000000000000e+00	56
165	1.000000000000000e+00	10
166	1.000000000000000e+00	18
167	1.000000000000000e+00	2
168	1.000000000000000e+00	10
169	1.000000000000000e+00	10
170	1.000000000000000e+00	2
171	1.000000000000000e+00	4
172	1.000000000000000e+00	6
173	1.000000000000000e+00	8
174	1.000000000000000e+00	16
175	1.000000000000000e+00	10
176	1.000000000000000e+00	8
177	1.000000000000000e+00	2
178	1.000000000000000e+00	28
179	1.000000000000000e+00	6
180	1.000000000000000e+00	12
181	1.000000000000000e+00	8
182	1.000000000000000e+00	10
183	1.000000000000000e+00	8
184	1.000000000000000e+00	2
185	1.000000000000000e+00	18
186	1.000000000000000e+00	20
187	1.000000000000000e+00	12
188	1.000000000000000e+00	10
189	1.000000000000000e+00	32
190	1.000000000000000e+00	12
191	1.000000000000000e+00	30
192	1.000000000000000e+00	4
193	1.000000000000000e+00	8
194	1.000000000000000e+00	22
195	1.000000000000000e+00	26
196	1.000000000000000e+00	4
197	1.000000000000000e+00	2
198	1.000000000000000e+00	28
199	1.000000000000000e+00	2
200	1.000000000000000e+00	6
201	1.000000000000000e+00	10
202	1.000000000000000e+00	14
203	1.000000000000000e+00	10
204	1.000000000000000e+00	56
205	1.000000000000000e+00	26
206	1.000000000000000e+00	2
207	1.000000000000000e+00	10
208	1.000000000000000e+00	18
209	1.000000000000000e+00	8
210	1.000000000000000e+00	6
211	1.000000000000000e+00	62
212	1.000000000000000e+00	2
213	1.000000000000000e+00	14
214	1.000000000000000e+00	14
215	1.000000000000000e+00	14
216	1.000000000000000e+00	6
217	1.000000000000000e+00	14
218	1.000000000000000e+00	2
219	1.000000000000000e+00	14
220	1.000000000000000e+00	32
221	1.000000000000000e+00	16
222	1.000000000000000e+00	24
223	1.000000000000000e+00	26
224	1.000000000000000e+00	16
225	1.000000000000000e+00	10
226	1.000000000000000e+00	22
227	1.000000000000000e+00	8
228	1.000000000000000e+00	2
229	1.000000000000000e+00	28
230	1.000000000000000e+00	22
231	1.000000000000000e+00	8
232	1.000000000000000e+00	14
233	1.000000000000000e+00	8
234	1.000000000000000e+00	6
235	1.000000000000000e+00	6
236	1.000000000000000e+00	12
237	1.000000000000000e+00	10
238	1.000000000000000e+00	14
239	1.000000000000000e+00	8
240	1.000000000000000e+00	20
241	1.000000000000000e+00	8
242	1.000000000000000e+00	20
243	1.000000000000000e+00	12
244	1.000000000000000e+00	2
245	1.000000000000000e+00	6
246	1.000000000000000e+00	6
247	1.000000000000000e+00	10
248	1.000000000000000e+00	12
249	1.000000000000000e+00	14
250	1.000000000000000e+00	16
251	1.000000000000000e+00	6
252	1.000000000000000e+00	4
253	1.000000000000000e+00	2
254	1.000000000000000e+00	28
255	1.000000000000000e+00	30
256	1.000000000000000e+00	10
257	1.000000000000000e+00	4
258	1.000000000000000e+00	24
259	1.000000000000000e+00	2
260	1.000000000000000e+00	38
261	1.000000000000000e+00	30
262	1.000000000000000e+00	20
263	1.000000000000000e+00	2
264	1.000000000000000e+00	10
265	1.000000000000000e+00	30
266	1.000000000000000e+00	26
267	1.000000000000000e+00	30
268	1.000000000000000e+00	2
269	1.000000000000000e+00	2
270	1.000000000000000e+00	10
271	1.000000000000000e+00	8
272	1.000000000000000e+00	12
273	1.000000000000000e+00	14
274	1.000000000000000e+00	2
275	1.000000000000000e+00	4
276	1.000000000000000e+00	18
277	1.000000000000000e+00	2
278	1.000000000000000e+00	6
279	1.000000000000000e+00	20
280	1.000000000000000e+00	6
281	1.000000000000000e+00	28
282	1.000000000000000e+00	8
283	1.000000000000000e+00	10
284	1.000000000000000e+00	2
285	1.000000000000000e+00	4
286	1.000000000000000e+00	2
287	1.000000000000000e+00	12
288	1.000000000000000e+00	32
289	1.000000000000000e+00	14
290	1.000000000000000e+00	4
291	1.000000000000000e+00	4
292	1.000000000000000e+00	4
293	1.000000000000000e+00	14
294	1.000000000000000e+00	4
295	1.000000000000000e+00	16
296	1.000000000000000e+00	12
297	1.000000000000000e+00	8
298	1.000000000000000e+00	10
299	1.000000000000000e+00	12
300	1.000000000000000e+00	2
301	1.000000000000000e+00	26
302	1.000000000000000e+00	34
303	1.000000000000000e+00	4
304	1.000000000000000e+00	12
305	1.000000000000000e+00	2
306	1.000000000000000e+00	18
307	1.000000000000000e+00	14
308	1.000000000000000e+00	14
309	1.000000000000000e+00	26
310	1.000000000000000e+00	4
311	1.000000000000000e+00	8
312	1.000000000000000e+00	22
313	1.000000000000000e+00	50
314	1.000000000000000e+00	24
315	1.000000000000000e+00	12
316	1.000000000000000e+00	12
317	1.000000000000000e+00	22
318	1.000000000000000e+00	28
319	1.000000000000000e+00	26
320	1.000000000000000e+00	8
321	1.000000000000000e+00	14
322	1.000000000000000e+00	20
323	1.000000000000000e+00	12
324	1.000000000000000e+00	20
325	1.000000000000000e+00	20
326	1.000000000000000e+00	20
327	1.000000000000000e+00	4
328	1.000000000000000e+00	10
329	1.000000000000000e+00	4
330	1.000000000000000e+00	2
331	1.000000000000000e+00	26
332	1.000000000000000e+00	4
333	1.000000000000000e+00	8
334	1.000000000000000e+00	12
335	1.000000000000000e+00	8
336	1.000000000000000e+00	6
337	1.000000000000000e+00	6
338	1.000000000000000e+00	2
339	1.000000000000000e+00	14
340	1.000000000000000e+00	6
341	1.000000000000000e+00	6
342	1.000000000000000e+00	12
343	1.000000000000000e+00	38
344	1.000000000000000e+00	10
345	1.000000000000000e+00	24
346	1.000000000000000e+00	2
347	1.000000000000000e+00	18
348	1.000000000000000e+00	12
349	1.000000000000000e+00	2
350	1.000000000000000e+00	2
351	1.000000000000000e+00	18
352	1.000000000000000e+00	6
353	1.000000000000000e+00	6
354	1.000000000000000e+00	4
355	1.000000000000000e+00	6
356	1.000000000000000e+00	18
357	1.000000000000000e+00	2
358	1.000000000000000e+00	20
359	1.000000000000000e+00	2
360	1.000000000000000e+00	2
361	1.000000000000000e+00	16
362	1.000000000000000e+00	10
363	1.000000000000000e+00	38
364	1.000000000000000e+00	18
365	1.000000000000000e+00	10
366	1.000000000000000e+00	2
367	1.000000000000000e+00	10
368	1.000000000000000e+00	10
369	1.000000000000000e+00	6
370	1.000000000000000e+00	16
371	1.000000000000000e+00	16
372	1.000000000000000e+00	10
373	1.000000000000000e+00	6
374	1.000000000000000e+00	2
375	1.000000000000000e+00	10
376	1.000000000000000e+00	14
377	1.000000000000000e+00	26
378	1.000000000000000e+00	10
379	1.000000000000000e+00	4
380	1.000000000000000e+00	6
381	1.000000000000000e+00	8
382	1.000000000000000e+00	8
383	1.000000000000000e+00	12
384	1.000000000000000e+00	36
385	1.000000000000000e+00	28
386	1.000000000000000e+00	6
387	1.000000000000000e+00	28
388	1.000000000000000e+00	28
389	1.000000000000000e+00	2
390	1.000000000000000e+00	12
391	1.000000000000000e+00	14
392	1.000000000000000e+00	6
393	1.000000000000000e+00	20
394	1.000000000000000e+00	14
395	1.000000000000000e+00	12
396	1.000000000000000e+00	14
397	1.000000000000000e+00	8
398	1.000000000000000e+00	14
399	1.000000000000000e+00	20
400	1.000000000000000e+00	6
401	1.000000000000000e+00	6
402	1.000000000000000e+00	4
403	1.000000000000000e+00	20
404	1.000000000000000e+00	18
405	1.000000000000000e+00	2
406	1.000000000000000e+00	10
407	1.000000000000000e+00	38
408	1.000000000000000e+00	4
409	1.000000000000000e+00	8
410	1.000000000000000e+00	6
411	1.000000000000000e+00	12
412	1.000000000000000e+00	10
413	1.000000000000000e+00	2
414	1.000000000000000e+00	10
415	1.000000000000000e+00	6
416	1.000000000000000e+00	12
417	1.000000000000000e+00	6
418	1.000000000000000e+00	6
419	1.000000000000000e+00	4
420	1.000000000000000e+00	2
421	1.000000000000000e+00	10
422	1.000000000000000e+00	6
423	1.000000000000000e+00	18
424	1.000000000000000e+00	6
425	1.000000000000000e+00	12
426	1.000000000000000e+00	26
427	1.000000000000000e+00	10
428	1.000000000000000e+00	8
429	1.000000000000000e+00	2
430	1.000000000000000e+00	4
431	1.000000000000000e+00	8
432	1.000000000000000e+00	6
433	1.000000000000000e+00	6
434	1.000000000000000e+00	4
435	1.000000000000000e+00	6
436	1.000000000000000e+00	8
437	1.000000000000000e+00	26
438	1.000000000000000e+00	24
439	1.000000000000000e+00	6
440	1.000000000000000e+00	20
441	1.000000000000000e+00	6
442	1.000000000000000e+00	4
443	1.000000000000000e+00	14
444	1.000000000000000e+00	6
445	1.000000000000000e+00	8
446	1.000000000000000e+00	4
447	1.000000000000000e+00	28
448	1.000000000000000e+00	10
449	1.000000000000000e+00	10
450	1.000000000000000e+00	12
451	1.000000000000000e+00	2
452	1.000000000000000e+00	4
453	1.000000000000000e+00	4
454	1.000000000000000e+00	6
455	1.000000000000000e+00	24
456	1.000000000000000e+00	16
457	1.000000000000000e+00	10
458	1.000000000000000e+00	8
459	1.000000000000000e+00	2
460	1.000000000000000e+00	10
461	1.000000000000000e+00	4
462	1.000000000000000e+00	8
463	1.000000000000000e+00	20
464	1.000000000000000e+00	2
465	1.000000000000000e+00	4
466	1.000000000000000e+00	16
467	1.000000000000000e+00	2
468	1.000000000000000e+00	8
469	1.000000000000000e+00	4
470	1.000000000000000e+00	12
471	1.000000000000000e+00	16
472	1.000000000000000e+00	12
473	1.000000000000000e+00	10
474	1.000000000000000e+00	28
475	1.000000000000000e+00	16
476	1.000000000000000e+00	4
477	1.000000000000000e+00	30
478	1.000000000000000e+00	6
479	1.000000000000000e+00	28
480	1.000000000000000e+00	6
481	1.000000000000000e+00	8
482	1.000000000000000e+00	4
483	1.000000000000000e+00	8
484	1.000000000000000e+00	18
485	1.000000000000000e+00	40
486	1.000000000000000e+00	14
487	1.000000000000000e+00	2
488	1.000000000000000e+00	10
489	1.000000000000000e+00	12
490	1.000000000000000e+00	12
491	9.499942367364895e-01	240
492	8.999997593206963e-01	282
493	8.500070325187182e-01	304
494	7.999913296635294e-01	240
495	7.500051393472622e-01	270
496	7.000004055407093e-01	312
497	6.499901690677837e-01	292
498	5.999954261722706e-01	316
499	5.500037998644363e-01	328
500	5.000091055705490e-01	284
501	5.500051187273596e-01	318
502	6.000084811304817e-01	310
503	6.500134840434247e-01	298
504	7.000021632481865e-01	294
505	7.500007759252763e-01	162
506	7.999927813985752e-01	340
507	8.499851324390356e-01	312
508	8.999920057901234e-01	258
509	9.500002031496783e-01	274
510	9.000058863298105e-01	272
511	8.499915759407725e-01	278
512	7.999804849532102e-01	316
513	7.499919599211561e-01	282
514	7.999960429199763e-01	284
515	8.499942418944363e-01	190
516	9.000110019230322e-01	286
517	9.500117772121762e-01	232
518	1.000000000000000e+00	12
519	1.000000000000000e+00	2
520	1.000000000000000e+00	14
521	1.000000000000000e+00	6
522	1.000000000000000e+00	6
523	1.000000000000000e+00	40
524	1.000000000000000e+00	26
525	1.000000000000000e+00	14
526	1.000000000000000e+00	8
527	1.000000000000000e+00	12
528	1.000000000000000e+00	6
529	1.000000000000000e+00	8
530	1.000000000000000e+00	4
531	1.000000000000000e+00	4
532	1.000000000000000e+00	10
533	1.000000000000000e+00	14
534	1.000000000000000e+00	20
535	1.000000000000000e+00	30
536	1.000000000000000e+00	8
537	1.000000000000000e+00	10
538	1.000000000000000e+00	6
539	1.000000000000000e+00	24
540	1.000000000000000e+00	8
541	1.000000000000000e+00	14
542	1.000000000000000e+00	8
543	1.000000000000000e+00	8
544	1.000000000000000e+00	2
545	1.000000000000000e+00	14
546	1.000000000000000e+00	18
547	1.000000000000000e+00	12
548	1.000000000000000e+00	8
549	1.000000000000000e+00	4
550	1.000000000000000e+00	12
551	1.000000000000000e+00	18
552	1.000000000000000e+00	4
553	1.000000000000000e+00	16
554	1.000000000000000e+00	10
555	1.000000000000000e+00	12
556	1.000000000000000e+00	16
557	1.000000000000000e+00	18
558	1.000000000000000e+00	12
559	1.000000000000000e+00	12
560	1.000000000000000e+00	50
561	1.000000000000000e+00	22
562	1.000000000000000e+00	8
563	1.000000000000000e+00	4
564	1.000000000000000e+00	2
565	1.000000000000000e+00	22
566	1.000000000000000e+00	14
567	1.000000000000000e+00	6
568	1.000000000000000e+00	6
569	1.000000000000000e+00	10
570	1.000000000000000e+00	18
571	1.000000000000000e+00	14
572	1.000000000000000e+00	16
573	1.000000000000000e+00	18
574	1.000000000000000e+00	22
575	1.000000000000000e+00	18
576	1.000000000000000e+00	8
577	1.000000000000000e+00	28
578	1.000000000000000e+00	10
579	1.000000000000000e+00	34
580	1.000000000000000e+00	4
581	1.000000000000000e+00	24
582	1.000000000000000e+00	6
583	1.000000000000000e+00	18
584	1.000000000000000e+00	6
585	1.000000000000000e+00	10
586	1.000000000000000e+00	6
587	1.000000000000000e+00	12
588	1.000000000000000e+00	6
589	1.000000000000000e+00	46
590	1.000000000000000e+00	18
591	1.000000000000000e+00	14
592	1.000000000000000e+00	2
593	1.000000000000000e+00	26
594	1.000000000000000e+00	8
595	1.000000000000000e+00	6
596	1.000000000000000e+00	36
597	1.000000000000000e+00	14
598	1.000000000000000e+00	2
599	1.000000000000000e+00	18
600	1.000000000000000e+00	4
601	1.000000000000000e+00	28
602	1.000000000000000e+00	4
603	1.000000000000000e+00	10
604	1.000000000000000e+00	14
605	1.000000000000000e+00	8
606	1.000000000000000e+00	16
607	1.000000000000000e+00	18
608	1.000000000000000e+00	6
609	1.000000000000000e+00	2
610	1.000000000000000e+00	8
611	1.000000000000000e+00	8
612	1.000000000000000e+00	6
613	1.000000000000000e+00	6
614	1.000000000000000e+00	12
615	1.000000000000000e+00	36
616	1.000000000000000e+00	14
617	1.000000000000000e+00	10
618	1.000000000000000e+00	4
619	1.000000000000000e+00	2
620	1.000000000000000e+00	14
621	1.000000000000000e+00	16
622	1.000000000000000e+00	8
623	1.000000000000000e+00	20
624	1.000000000000000e+00	36
625	1.000000000000000e+00	12
626	1.000000000000000e+00	2
627	1.000000000000000e+00	8
628	1.000000000000000e+00	14
629	1.000000000000000e+00	8
630	1.000000000000000e+00	16
631	1.000000000000000e+00	10
632	1.000000000000000e+00	26
633	1.000000000000000e+00	18
634	1.000000000000000e+00	18
635	1.000000000000000e+00	10
636	1.000000000000000e+00	26
637	1.000000000000000e+00	18
638	1.000000000000000e+00	6
639	1.000000000000000e+00	16
640	1.000000000000000e+00	8
641	1.000000000000000e+00	2
642	1.000000000000000e+00	16
643	1.000000000000000e+00	30
644	1.000000000000000e+00	14
645	1.000000000000000e+00	4
646	1.000000000000000e+00	2
647	1.000000000000000e+00	4
648	1.000000000000000e+00	28
649	1.000000000000000e+00	22
650	1.000000000000000e+00	8
651	1.000000000000000e+00	20
652	1.000000000000000e+00	26
653	1.000000000000000e+00	36
654	1.000000000000000e+00	6
655	1.000000000000000e+00	2
656	1.000000000000000e+00	22
657	1.000000000000000e+00	6
658	1.000000000000000e+00	6
659	1.000000000000000e+00	2
660	1.000000000000000e+00	12
661	1.000000000000000e+00	6
662	1.000000000000000e+00	6
663	1.000000000000000e+00	2
664	1.000000000000000e+00	18
665	1.000000000000000e+00	4
666	1.000000000000000e+00	16
667	1.000000000000000e+00	8
668	1.000000000000000e+00	16
669	1.000000000000000e+00	14
670	1.000000000000000e+00	20
671	1.000000000000000e+00	10
672	1.000000000000000e+00	2
673	1.000000000000000e+00	2
674	1.000000000000000e+00	2
675	1.000000000000000e+00	2
676	1.000000000000000e+00	12
677	1.000000000000000e+00	12
678	1.000000000000000e+00	2
679	1.000000000000000e+00	6
680	1.000000000000000e+00	4
681	1.000000000000000e+00	24
682	1.000000000000000e+00	12
683	1.000000000000000e+00	24
684	1.000000000000000e+00	8
685	1.000000000000000e+00	4
686	1.000000000000000e+00	2
687	1.000000000000000e+00	12
688	1.000000000000000e+00	2
689	1.000000000000000e+00	10
690	1.000000000000000e+00	6
691	1.000000000000000e+00	2
692	1.000000000000000e+00	18
693	1.000000000000000e+00	22
694	1.000000000000000e+00	4
695	1.000000000000000e+00	16
696	1.000000000000000e+00	6
697	1.000000000000000e+00	2
698	1.000000000000000e+00	54
699	1.000000000000000e+00	4
700	1.000000000000000e+00	28
701	1.000000000000000e+00	8
702	1.000000000000000e+00	18
703	1.000000000000000e+00	24
704	1.000000000000000e+00	16
705	1.000000000000000e+00	10
706	1.000000000000000e+00	6
707	1.000000000000000e+00	8
708	1.000000000000000e+00	2
709	1.000000000000000e+00	10
710	1.000000000000000e+00	12
711	1.000000000000000e+00	16
712	1.000000000000000e+00	12
713	1.000000000000000e+00	40
714	1.000000000000000e+00	26
715	1.000000000000000e+00	6
716	1.000000000000000e+00	10
717	1.000000000000000e+00	10
718	1.000000000000000e+00	8
719	1.000000000000000e+00	16
720	1.000000000000000e+00	6
721	1.000000000000000e+00	6
722	1.000000000000000e+00	4
723	1.000000000000000e+00	16
724	1.000000000000000e+00	10
725	1.000000000000000e+00	4
726	1.000000000000000e+00	10
727	1.000000000000000e+00	4
728	1.000000000000000e+00	16
729	1.000000000000000e+00	40
730	1.000000000000000e+00	26
731	1.000000000000000e+00	26
732	1.000000000000000e+00	26
733	1.000000000000000e+00	2
734	1.000000000000000e+00	6
735	1.000000000000000e+00	16
736	1.000000000000000e+00	4
737	1.000000000000000e+00	22
738	1.000000000000000e+00	14
739	1.000000000000000e+00	6
740	1.000000000000000e+00	4
741	1.000000000000000e+00	2
742	1.000000000000000e+00	16
743	1.000000000000000e+00	6
744	1.000000000000000e+00	8
745	1.000000000000000e+00	2
746	1.000000000000000e+00	24
747	1.000000000000000e+00	6
748	1.000000000000000e+00	4
749	1.000000000000000e+00	10
750	1.000000000000000e+00	4
751	1.000000000000000e+00	10
752	1.000000000000000e+00	12
753	1.000000000000000e+00	2
754	1.000000000000000e+00	6
755	1.000000000000000e+00	8
756	1.000000000000000e+00	26
757	1.000000000000000e+00	8
758	1.000000000000000e+00	24
759	1.000000000000000e+00	20
760	1.000000000000000e+00	8
761	1.000000000000000e+00	8
762	1.000000000000000e+00	10
763	1.000000000000000e+00	6
764	1.000000000000000e+00	8
765	1.000000000000000e+00	14
766	1.000000000000000e+00	36
767	1.000000000000000e+00	16
768	1.000000000000000e+00	6
769	1.000000000000000e+00	16
770	1.000000000000000e+00	32
771	1.000000000000000e+00	8
772	1.000000000000000e+00	14
773	1.000000000000000e+00	38
774	1.000000000000000e+00	4
775	1.000000000000000e+00	4
776	1.000000000000000e+00	32
777	1.000000000000000e+00	4
778	1.000000000000000e+00	32
779	1.000000000000000e+00	10
780	1.000000000000000e+00	6
781	1.000000000000000e+00	10
782	1.000000000000000e+00	18
783	1.000000000000000e+00	18
784	1.000000000000000e+00	8
785	1.000000000000000e+00	18
786	1.000000000000000e+00	12
787	1.000000000000000e+00	10
788	1.000000000000000e+00	4
789	1.000000000000000e+00	6
790	1.000000000000000e+00	16
791	1.000000000000000e+00	14
792	1.000000000000000e+00	20
793	1.000000000000000e+00	14
794	1.000000000000000e+00	6
795	1.000000000000000e+00	2
796	1.000000000000000e+00	22
797	1.000000000000000e+00	24
798	1.000000000000000e+00	24
799	1.000000000000000e+00	18
800	1.000000000000000e+00	18
801	1.000000000000000e+00	10
802	1.000000000000000e+00	8
803	1.000000000000000e+00	2
804	1.000000000000000e+00	2
805	1.000000000000000e+00	2
806	1.000000000000000e+00	16
807	1.000000000000000e+00	16
808	1.000000000000000e+00	8
809	1.000000000000000e+00	22
810	1.000000000000000e+00	6
811	1.000000000000000e+00	4
812	1.000000000000000e+00	4
813	1.000000000000000e+00	6
814	1.000000000000000e+00	28
815	1.000000000000000e+00	4
816	1.000000000000000e+00	2
817	1.000000000000000e+00	4
818	1.000000000000000e+00	2
819	1.000000000000000e+00	8
820	1.000000000000000e+00	20
821	1.000000000000000e+00	10
822	1.000000000000000e+00	6
823	1.000000000000000e+00	18
824	1.000000000000000e+00	14
825	1.000000000000000e+00	12
826	1.000000000000000e+00	2
827	1.000000000000000e+00	4
828	1.000000000000000e+00	12
829	1.000000000000000e+00	12
830	1.000000000000000e+00	6
831	1.000000000000000e+00	2
832	1.000000000000000e+00	16
833	1.000000000000000e+00	10
834	1.000000000000000e+00	2
835	1.000000000000000e+00	6
836	1.000000000000000e+00	18
837	1.000000000000000e+00	8
838	1.000000000000000e+00	30
839	1.000000000000000e+00	8
840	1.000000000000000e+00	4
841	1.000000000000000e+00	8
842	1.000000000000000e+00	22
843	1.000000000000000e+00	18
844	1.000000000000000e+00	26
845	1.000000000000000e+00	12
846	1.000000000000000e+00	4
847	1.000000000000000e+00	20
848	1.000000000000000e+00	20
849	1.000000000000000e+00	22
850	1.000000000000000e+00	6
851	1.000000000000000e+00	2
852	1.000000000000000e+00	2
853	1.000000000000000e+00	12
854	1.000000000000000e+00	4
855	1.000000000000000e+00	20
856	1.000000000000000e+00	28
857	1.000000000000000e+00	12
858	1.000000000000000e+00	8
859	1.000000000000000e+00	12
860	1.000000000000000e+00	2
861	1.000000000000000e+00	28
862	1.000000000000000e+00	20
863	1.000000000000000e+00	10
864	1.000000000000000e+00	2
865	1.000000000000000e+00	24
866	1.000000000000000e+00	4
867	1.000000000000000e+00	6
868	1.000000000000000e+00	14
869	1.000000000000000e+00	16
870	1.000000000000000e+00	4
871	1.000000000000000e+00	4
872	1.000000000000000e+00	8
873	1.000000000000000e+00	2
874	1.000000000000000e+00	4
875	1.000000000000000e+00	14
876	1.000000000000000e+00	16
877	1.000000000000000e+00	30
878	1.000000000000000e+00	2
879	1.000000000000000e+00	12
880	1.000000000000000e+00	2
881	1.000000000000000e+00	48
882	1.000000000000000e+00	20
883	1.000000000000000e+00	6
884	1.000000000000000e+00	4
885	1.000000000000000e+00	16
886	1.000000000000000e+00	12
887	1.000000000000000e+00	20
888	1.000000000000000e+00	20
889	1.000000000000000e+00	8
890	1.000000000000000e+00	18
891	1.000000000000000e+00	12
892	1.000000000000000e+00	12
893	1.000000000000000e+00	20
894	1.000000000000000e+00	14
895	1.000000000000000e+00	2
896	1.000000000000000e+00	4
897	1.000000000000000e+00	4
898	1.000000000000000e+00	4
899	1.000000000000000e+00	16
900	1.000000000000000e+00	12
901	1.000000000000000e+00	2
902	1.000000000000000e+00	2
903	1.000000000000000e+00	20
904	1.000000000000000e+00	16
905	1.000000000000000e+00	2
906	1.000000000000000e+00	4
907	1.000000000000000e+00	4
908	1.000000000000000e+00	2
909	1.000000000000000e+00	20
910	1.000000000000000e+00	34
911	1.000000000000000e+00	4
912	1.000000000000000e+00	8
913	1.000000000000000e+00	44
914	1.000000000000000e+00	38
915	1.000000000000000e+00	4
916	1.000000000000000e+00	6
917	1.000000000000000e+00	6
918	1.000000000000000e+00	6
919	1.000000000000000e+00	4
920	1.000000000000000e+00	16
921	1.000000000000000e+00	8
922	1.000000000000000e+00	2
923	1.000000000000000e+00	24
924	1.000000000000000e+00	10
925	1.000000000000000e+00	6
926	1.000000000000000e+00	42
927	1.000000000000000e+00	8
928	1.000000000000000e+00	4
929	1.000000000000000e+00	54
930	1.000000000000000e+00	16
931	1.000000000000000e+00	8
932	1.000000000000000e+00	14
933	1.000000000000000e+00	32
934	1.000000000000000e+00	30
935	1.000000000000000e+00	10
936	1.000000000000000e+00	2
937	1.000000000000000e+00	8
938	1.000000000000000e+00	10
939	1.000000000000000e+00	4
940	1.000000000000000e+00	16
941	1.000000000000000e+00	16
942	1.000000000000000e+00	6
943	1.000000000000000e+00	8
944	1.000000000000000e+00	32
945	1.000000000000000e+00	14
946	1.000000000000000e+00	4
947	1.000000000000000e+00	8
948	1.000000000000000e+00	28
949	1.000000000000000e+00	4
950	1.000000000000000e+00	2
951	1.000000000000000e+00	4
952	1.000000000000000e+00	14
953	1.000000000000000e+00	2
954	1.000000000000000e+00	12
955	1.000000000000000e+00	8
956	1.000000000000000e+00	6
957	1.000000000000000e+00	18
958	1.000000000000000e+00	6
959	1.000000000000000e+00	2
960	1.000000000000000e+00	22
961	1.000000000000000e+00	18
962	1.000000000000000e+00	6
963	1.000000000000000e+00	20
964	1.000000000000000e+00	18
965	1.000000000000000e+00	20
966	1.000000000000000e+00	14
967	1.000000000000000e+00	6
968	1.000000000000000e+00	28
969	1.000000000000000e+00	14
970	1.000000000000000e+00	14
971	1.000000000000000e+00	6
972	1.000000000000000e+00	6
973	1.000000000000000e+00	2
974	1.000000000000000e+00	2
975	1.000000000000000e+00	6
976	1.000000000000000e+00	24
977	1.000000000000000e+00	16
978	1.000000000000000e+00	8
979	1.000000000000000e+00	22
980	1.000000000000000e+00	4
981	1.000000000000000e+00	12
982	1.000000000000000e+00	16
983	1.000000000000000e+00	4
984	1.000000000000000e+00	18
985	1.000000000000000e+00	74
986	1.000000000000000e+00	2
987	1.000000000000000e+00	14
988	1.000000000000000e+00	2
989	1.000000000000000e+00	14
990	1.000000000000000e+00	16
991	1.000000000000000e+00	4
992	1.000000000000000e+00	6
993	1.000000000000000e+00	24
994	1.000000000000000e+00	10
995	1.000000000000000e+00	10
996	1.000000000000000e+00	10
997	1.000000000000000e+00	32
998	1.000000000000000e+00	10
999	1.000000000000000e+00	2
1000	1.000000000000000e+00	10


Tempo gasto: 6.699869
