Método usado: LUUS JAAKOLA

POSIÇÃO	ÁREA(mm²)	CUSTO

1	1.000000000000000e+00	4
2	1.000000000000000e+00	8
3	1.000000000000000e+00	16
4	1.000000000000000e+00	2
5	1.000000000000000e+00	10
6	1.000000000000000e+00	4
7	1.000000000000000e+00	10
8	1.000000000000000e+00	4
9	1.000000000000000e+00	10
10	1.000000000000000e+00	2
11	1.000000000000000e+00	4
12	1.000000000000000e+00	26
13	1.000000000000000e+00	32
14	1.000000000000000e+00	2
15	1.000000000000000e+00	2
16	1.000000000000000e+00	16
17	1.000000000000000e+00	6
18	1.000000000000000e+00	42
19	1.000000000000000e+00	8
20	1.000000000000000e+00	14
21	1.000000000000000e+00	4
22	1.000000000000000e+00	2
23	1.000000000000000e+00	12
24	1.000000000000000e+00	8
25	1.000000000000000e+00	6
26	1.000000000000000e+00	2
27	1.000000000000000e+00	68
28	1.000000000000000e+00	10
29	1.000000000000000e+00	12
30	1.000000000000000e+00	8
31	1.000000000000000e+00	2
32	1.000000000000000e+00	14
33	1.000000000000000e+00	20
34	1.000000000000000e+00	36
35	1.000000000000000e+00	10
36	1.000000000000000e+00	4
37	1.000000000000000e+00	2
38	1.000000000000000e+00	10
39	1.000000000000000e+00	10
40	1.000000000000000e+00	10
41	1.000000000000000e+00	2
42	1.000000000000000e+00	34
43	1.000000000000000e+00	40
44	1.000000000000000e+00	10
45	1.000000000000000e+00	6
46	1.000000000000000e+00	6
47	1.000000000000000e+00	6
48	1.000000000000000e+00	4
49	1.000000000000000e+00	18
50	1.000000000000000e+00	10
51	1.000000000000000e+00	8
52	1.000000000000000e+00	6
53	1.000000000000000e+00	8
54	1.000000000000000e+00	4
55	1.000000000000000e+00	10
56	1.000000000000000e+00	12
57	1.000000000000000e+00	10
58	1.000000000000000e+00	6
59	1.000000000000000e+00	14
60	1.000000000000000e+00	10
61	1.000000000000000e+00	10
62	1.000000000000000e+00	10
63	1.000000000000000e+00	10
64	1.000000000000000e+00	6
65	1.000000000000000e+00	6
66	1.000000000000000e+00	8
67	1.000000000000000e+00	16
68	1.000000000000000e+00	4
69	1.000000000000000e+00	8
70	1.000000000000000e+00	2
71	1.000000000000000e+00	6
72	1.000000000000000e+00	2
73	1.000000000000000e+00	14
74	1.000000000000000e+00	14
75	1.000000000000000e+00	18
76	1.000000000000000e+00	8
77	1.000000000000000e+00	12
78	1.000000000000000e+00	18
79	1.000000000000000e+00	2
80	1.000000000000000e+00	18
81	1.000000000000000e+00	44
82	1.000000000000000e+00	42
83	1.000000000000000e+00	4
84	1.000000000000000e+00	2
85	1.000000000000000e+00	4
86	1.000000000000000e+00	10
87	1.000000000000000e+00	30
88	1.000000000000000e+00	2
89	1.000000000000000e+00	10
90	1.000000000000000e+00	20
91	1.000000000000000e+00	10
92	1.000000000000000e+00	30
93	1.000000000000000e+00	10
94	1.000000000000000e+00	12
95	1.000000000000000e+00	12
96	1.000000000000000e+00	6
97	1.000000000000000e+00	8
98	1.000000000000000e+00	2
99	1.000000000000000e+00	10
100	1.000000000000000e+00	8
101	1.000000000000000e+00	58
102	1.000000000000000e+00	8
103	1.000000000000000e+00	8
104	1.000000000000000e+00	18
105	1.000000000000000e+00	24
106	1.000000000000000e+00	10
107	1.000000000000000e+00	22
108	1.000000000000000e+00	4
109	1.000000000000000e+00	18
110	1.000000000000000e+00	16
111	1.000000000000000e+00	8
112	1.000000000000000e+00	8
113	1.000000000000000e+00	8
114	1.000000000000000e+00	2
115	1.000000000000000e+00	2
116	1.000000000000000e+00	4
117	1.000000000000000e+00	14
118	1.000000000000000e+00	4
119	1.000000000000000e+00	22
120	1.000000000000000e+00	16
121	1.000000000000000e+00	6
122	1.000000000000000e+00	36
123	1.000000000000000e+00	2
124	1.000000000000000e+00	24
125	1.000000000000000e+00	8
126	1.000000000000000e+00	16
127	1.000000000000000e+00	20
128	1.000000000000000e+00	4
129	1.000000000000000e+00	24
130	1.000000000000000e+00	20
131	1.000000000000000e+00	8
132	1.000000000000000e+00	4
133	1.000000000000000e+00	18
134	1.000000000000000e+00	12
135	1.000000000000000e+00	4
136	1.000000000000000e+00	16
137	1.000000000000000e+00	14
138	1.000000000000000e+00	24
139	1.000000000000000e+00	4
140	1.000000000000000e+00	10
141	1.000000000000000e+00	16
142	1.000000000000000e+00	6
143	1.000000000000000e+00	6
144	1.000000000000000e+00	8
145	1.000000000000000e+00	4
146	1.000000000000000e+00	24
147	1.000000000000000e+00	10
148	1.000000000000000e+00	14
149	1.000000000000000e+00	4
150	1.000000000000000e+00	6
151	1.000000000000000e+00	2
152	1.000000000000000e+00	6
153	1.000000000000000e+00	14
154	1.000000000000000e+00	10
155	1.000000000000000e+00	36
156	1.000000000000000e+00	4
157	1.000000000000000e+00	8
158	1.000000000000000e+00	24
159	1.000000000000000e+00	4
160	1.000000000000000e+00	2
161	1.000000000000000e+00	2
162	1.000000000000000e+00	14
163	1.000000000000000e+00	6
164	1.000000000000000e+00	6
165	1.000000000000000e+00	4
166	1.000000000000000e+00	8
167	1.000000000000000e+00	4
168	1.000000000000000e+00	2
169	1.000000000000000e+00	6
170	1.000000000000000e+00	20
171	1.000000000000000e+00	14
172	1.000000000000000e+00	14
173	1.000000000000000e+00	46
174	1.000000000000000e+00	18
175	1.000000000000000e+00	8
176	1.000000000000000e+00	8
177	1.000000000000000e+00	42
178	1.000000000000000e+00	10
179	1.000000000000000e+00	24
180	1.000000000000000e+00	2
181	1.000000000000000e+00	2
182	1.000000000000000e+00	10
183	1.000000000000000e+00	16
184	1.000000000000000e+00	18
185	1.000000000000000e+00	6
186	1.000000000000000e+00	8
187	1.000000000000000e+00	8
188	1.000000000000000e+00	22
189	1.000000000000000e+00	12
190	1.000000000000000e+00	4
191	1.000000000000000e+00	2
192	1.000000000000000e+00	10
193	1.000000000000000e+00	10
194	1.000000000000000e+00	10
195	1.000000000000000e+00	2
196	1.000000000000000e+00	4
197	1.000000000000000e+00	32
198	1.000000000000000e+00	22
199	1.000000000000000e+00	4
200	1.000000000000000e+00	4
201	1.000000000000000e+00	6
202	1.000000000000000e+00	26
203	1.000000000000000e+00	22
204	1.000000000000000e+00	6
205	1.000000000000000e+00	18
206	1.000000000000000e+00	6
207	1.000000000000000e+00	12
208	1.000000000000000e+00	14
209	1.000000000000000e+00	10
210	1.000000000000000e+00	2
211	1.000000000000000e+00	14
212	1.000000000000000e+00	16
213	1.000000000000000e+00	8
214	1.000000000000000e+00	10
215	1.000000000000000e+00	6
216	1.000000000000000e+00	18
217	1.000000000000000e+00	4
218	1.000000000000000e+00	22
219	1.000000000000000e+00	10
220	1.000000000000000e+00	14
221	1.000000000000000e+00	28
222	1.000000000000000e+00	6
223	1.000000000000000e+00	10
224	1.000000000000000e+00	14
225	1.000000000000000e+00	6
226	1.000000000000000e+00	2
227	1.000000000000000e+00	2
228	1.000000000000000e+00	2
229	1.000000000000000e+00	16
230	1.000000000000000e+00	18
231	1.000000000000000e+00	18
232	1.000000000000000e+00	12
233	1.000000000000000e+00	10
234	1.000000000000000e+00	14
235	1.000000000000000e+00	24
236	1.000000000000000e+00	6
237	1.000000000000000e+00	6
238	1.000000000000000e+00	4
239	1.000000000000000e+00	2
240	1.000000000000000e+00	6
241	1.000000000000000e+00	20
242	1.000000000000000e+00	8
243	1.000000000000000e+00	14
244	1.000000000000000e+00	24
245	1.000000000000000e+00	18
246	1.000000000000000e+00	6
247	1.000000000000000e+00	8
248	1.000000000000000e+00	20
249	1.000000000000000e+00	16
250	1.000000000000000e+00	20
251	1.000000000000000e+00	20
252	1.000000000000000e+00	16
253	1.000000000000000e+00	58
254	1.000000000000000e+00	6
255	1.000000000000000e+00	26
256	1.000000000000000e+00	6
257	1.000000000000000e+00	18
258	1.000000000000000e+00	6
259	1.000000000000000e+00	18
260	1.000000000000000e+00	2
261	1.000000000000000e+00	4
262	1.000000000000000e+00	16
263	1.000000000000000e+00	10
264	1.000000000000000e+00	2
265	1.000000000000000e+00	14
266	1.000000000000000e+00	10
267	1.000000000000000e+00	10
268	1.000000000000000e+00	12
269	1.000000000000000e+00	2
270	1.000000000000000e+00	14
271	1.000000000000000e+00	14
272	1.000000000000000e+00	4
273	1.000000000000000e+00	14
274	1.000000000000000e+00	16
275	1.000000000000000e+00	4
276	1.000000000000000e+00	8
277	1.000000000000000e+00	6
278	1.000000000000000e+00	2
279	1.000000000000000e+00	16
280	1.000000000000000e+00	8
281	1.000000000000000e+00	20
282	1.000000000000000e+00	6
283	1.000000000000000e+00	66
284	1.000000000000000e+00	6
285	1.000000000000000e+00	6
286	1.000000000000000e+00	14
287	1.000000000000000e+00	2
288	1.000000000000000e+00	4
289	1.000000000000000e+00	10
290	1.000000000000000e+00	26
291	1.000000000000000e+00	14
292	1.000000000000000e+00	32
293	1.000000000000000e+00	16
294	1.000000000000000e+00	30
295	1.000000000000000e+00	8
296	1.000000000000000e+00	6
297	1.000000000000000e+00	8
298	1.000000000000000e+00	36
299	1.000000000000000e+00	24
300	1.000000000000000e+00	6
301	1.000000000000000e+00	18
302	1.000000000000000e+00	12
303	1.000000000000000e+00	12
304	1.000000000000000e+00	8
305	1.000000000000000e+00	6
306	1.000000000000000e+00	14
307	1.000000000000000e+00	4
308	1.000000000000000e+00	72
309	1.000000000000000e+00	6
310	1.000000000000000e+00	8
311	1.000000000000000e+00	4
312	1.000000000000000e+00	4
313	1.000000000000000e+00	22
314	1.000000000000000e+00	6
315	1.000000000000000e+00	24
316	1.000000000000000e+00	2
317	1.000000000000000e+00	22
318	1.000000000000000e+00	8
319	1.000000000000000e+00	6
320	1.000000000000000e+00	14
321	1.000000000000000e+00	8
322	1.000000000000000e+00	12
323	1.000000000000000e+00	28
324	1.000000000000000e+00	14
325	1.000000000000000e+00	8
326	1.000000000000000e+00	2
327	1.000000000000000e+00	12
328	1.000000000000000e+00	10
329	1.000000000000000e+00	38
330	1.000000000000000e+00	24
331	1.000000000000000e+00	2
332	1.000000000000000e+00	28
333	1.000000000000000e+00	22
334	1.000000000000000e+00	10
335	1.000000000000000e+00	6
336	1.000000000000000e+00	8
337	1.000000000000000e+00	16
338	1.000000000000000e+00	20
339	1.000000000000000e+00	2
340	1.000000000000000e+00	12
341	1.000000000000000e+00	30
342	1.000000000000000e+00	24
343	1.000000000000000e+00	2
344	1.000000000000000e+00	10
345	1.000000000000000e+00	40
346	1.000000000000000e+00	18
347	1.000000000000000e+00	10
348	1.000000000000000e+00	40
349	1.000000000000000e+00	12
350	1.000000000000000e+00	4
351	1.000000000000000e+00	6
352	1.000000000000000e+00	2
353	1.000000000000000e+00	10
354	1.000000000000000e+00	10
355	1.000000000000000e+00	2
356	1.000000000000000e+00	2
357	1.000000000000000e+00	4
358	1.000000000000000e+00	18
359	1.000000000000000e+00	14
360	1.000000000000000e+00	8
361	1.000000000000000e+00	4
362	1.000000000000000e+00	28
363	1.000000000000000e+00	18
364	1.000000000000000e+00	8
365	1.000000000000000e+00	50
366	1.000000000000000e+00	20
367	1.000000000000000e+00	20
368	1.000000000000000e+00	30
369	1.000000000000000e+00	4
370	1.000000000000000e+00	8
371	1.000000000000000e+00	10
372	1.000000000000000e+00	12
373	1.000000000000000e+00	2
374	1.000000000000000e+00	8
375	1.000000000000000e+00	4
376	1.000000000000000e+00	2
377	1.000000000000000e+00	24
378	1.000000000000000e+00	38
379	1.000000000000000e+00	20
380	1.000000000000000e+00	4
381	1.000000000000000e+00	4
382	1.000000000000000e+00	20
383	1.000000000000000e+00	10
384	1.000000000000000e+00	6
385	1.000000000000000e+00	6
386	1.000000000000000e+00	8
387	1.000000000000000e+00	16
388	1.000000000000000e+00	16
389	1.000000000000000e+00	4
390	1.000000000000000e+00	20
391	1.000000000000000e+00	22
392	1.000000000000000e+00	2
393	1.000000000000000e+00	6
394	1.000000000000000e+00	30
395	1.000000000000000e+00	22
396	1.000000000000000e+00	6
397	1.000000000000000e+00	16
398	1.000000000000000e+00	16
399	1.000000000000000e+00	54
400	1.000000000000000e+00	10
401	1.000000000000000e+00	10
402	1.000000000000000e+00	14
403	1.000000000000000e+00	6
404	1.000000000000000e+00	14
405	1.000000000000000e+00	18
406	1.000000000000000e+00	12
407	1.000000000000000e+00	16
408	1.000000000000000e+00	8
409	1.000000000000000e+00	16
410	1.000000000000000e+00	6
411	1.000000000000000e+00	18
412	1.000000000000000e+00	6
413	1.000000000000000e+00	2
414	1.000000000000000e+00	4
415	1.000000000000000e+00	2
416	1.000000000000000e+00	6
417	1.000000000000000e+00	20
418	1.000000000000000e+00	50
419	1.000000000000000e+00	2
420	1.000000000000000e+00	4
421	1.000000000000000e+00	4
422	1.000000000000000e+00	16
423	1.000000000000000e+00	12
424	1.000000000000000e+00	10
425	1.000000000000000e+00	2
426	1.000000000000000e+00	4
427	1.000000000000000e+00	12
428	1.000000000000000e+00	2
429	1.000000000000000e+00	6
430	1.000000000000000e+00	4
431	1.000000000000000e+00	14
432	1.000000000000000e+00	28
433	1.000000000000000e+00	2
434	1.000000000000000e+00	12
435	1.000000000000000e+00	12
436	1.000000000000000e+00	4
437	1.000000000000000e+00	16
438	1.000000000000000e+00	4
439	1.000000000000000e+00	12
440	1.000000000000000e+00	2
441	1.000000000000000e+00	6
442	1.000000000000000e+00	4
443	1.000000000000000e+00	6
444	1.000000000000000e+00	12
445	1.000000000000000e+00	14
446	1.000000000000000e+00	12
447	1.000000000000000e+00	14
448	1.000000000000000e+00	14
449	1.000000000000000e+00	2
450	1.000000000000000e+00	18
451	1.000000000000000e+00	12
452	1.000000000000000e+00	8
453	1.000000000000000e+00	16
454	1.000000000000000e+00	12
455	1.000000000000000e+00	14
456	1.000000000000000e+00	16
457	1.000000000000000e+00	18
458	1.000000000000000e+00	2
459	1.000000000000000e+00	6
460	1.000000000000000e+00	42
461	1.000000000000000e+00	6
462	1.000000000000000e+00	6
463	1.000000000000000e+00	2
464	1.000000000000000e+00	38
465	1.000000000000000e+00	8
466	1.000000000000000e+00	36
467	1.000000000000000e+00	10
468	1.000000000000000e+00	10
469	1.000000000000000e+00	6
470	1.000000000000000e+00	6
471	1.000000000000000e+00	10
472	1.000000000000000e+00	8
473	1.000000000000000e+00	4
474	1.000000000000000e+00	4
475	1.000000000000000e+00	8
476	1.000000000000000e+00	2
477	1.000000000000000e+00	4
478	1.000000000000000e+00	26
479	1.000000000000000e+00	6
480	1.000000000000000e+00	10
481	1.000000000000000e+00	12
482	1.000000000000000e+00	4
483	1.000000000000000e+00	24
484	1.000000000000000e+00	6
485	1.000000000000000e+00	10
486	1.000000000000000e+00	18
487	1.000000000000000e+00	14
488	1.000000000000000e+00	4
489	1.000000000000000e+00	14
490	1.000000000000000e+00	12
491	9.499913332201142e-01	312
492	8.999826267164024e-01	320
493	8.499887002503846e-01	334
494	8.000018444384303e-01	306
495	7.500149082040964e-01	250
496	7.000031301387829e-01	254
497	6.500096667803148e-01	208
498	6.000152922306785e-01	340
499	5.500051518499429e-01	240
500	5.000100440532586e-01	286
501	5.500125772307508e-01	298
502	6.000256372403403e-01	306
503	6.500164453471673e-01	316
504	7.000047578345899e-01	186
505	7.499961870379037e-01	354
506	8.000040574561235e-01	296
507	8.500177811404128e-01	268
508	9.000306844252561e-01	306
509	9.500395847699834e-01	320
510	9.000526844311966e-01	278
511	8.500472466086528e-01	292
512	8.000476898981635e-01	276
513	7.500362510641647e-01	198
514	8.000282040164050e-01	230
515	8.500423661693586e-01	280
516	9.000335515385830e-01	240
517	9.500410574207195e-01	236
518	1.000000000000000e+00	1000
519	1.000000000000000e+00	10
520	1.000000000000000e+00	30
521	1.000000000000000e+00	2
522	1.000000000000000e+00	10
523	1.000000000000000e+00	18
524	1.000000000000000e+00	6
525	1.000000000000000e+00	8
526	1.000000000000000e+00	10
527	1.000000000000000e+00	28
528	1.000000000000000e+00	24
529	1.000000000000000e+00	28
530	1.000000000000000e+00	14
531	1.000000000000000e+00	6
532	1.000000000000000e+00	6
533	1.000000000000000e+00	8
534	1.000000000000000e+00	12
535	1.000000000000000e+00	6
536	1.000000000000000e+00	20
537	1.000000000000000e+00	14
538	1.000000000000000e+00	10
539	1.000000000000000e+00	12
540	1.000000000000000e+00	2
541	1.000000000000000e+00	6
542	1.000000000000000e+00	18
543	1.000000000000000e+00	12
544	1.000000000000000e+00	40
545	1.000000000000000e+00	8
546	1.000000000000000e+00	42
547	1.000000000000000e+00	10
548	1.000000000000000e+00	4
549	1.000000000000000e+00	2
550	1.000000000000000e+00	2
551	1.000000000000000e+00	12
552	1.000000000000000e+00	12
553	1.000000000000000e+00	20
554	1.000000000000000e+00	8
555	1.000000000000000e+00	18
556	1.000000000000000e+00	4
557	1.000000000000000e+00	6
558	1.000000000000000e+00	4
559	1.000000000000000e+00	10
560	1.000000000000000e+00	4
561	1.000000000000000e+00	8
562	1.000000000000000e+00	12
563	1.000000000000000e+00	12
564	1.000000000000000e+00	4
565	1.000000000000000e+00	4
566	1.000000000000000e+00	6
567	1.000000000000000e+00	18
568	1.000000000000000e+00	28
569	1.000000000000000e+00	10
570	1.000000000000000e+00	2
571	1.000000000000000e+00	20
572	1.000000000000000e+00	20
573	1.000000000000000e+00	6
574	1.000000000000000e+00	2
575	1.000000000000000e+00	4
576	1.000000000000000e+00	24
577	1.000000000000000e+00	6
578	1.000000000000000e+00	18
579	1.000000000000000e+00	30
580	1.000000000000000e+00	8
581	1.000000000000000e+00	14
582	1.000000000000000e+00	58
583	1.000000000000000e+00	6
584	1.000000000000000e+00	6
585	1.000000000000000e+00	14
586	1.000000000000000e+00	8
587	1.000000000000000e+00	10
588	1.000000000000000e+00	4
589	1.000000000000000e+00	2
590	1.000000000000000e+00	12
591	1.000000000000000e+00	6
592	1.000000000000000e+00	10
593	1.000000000000000e+00	8
594	1.000000000000000e+00	30
595	1.000000000000000e+00	4
596	1.000000000000000e+00	10
597	1.000000000000000e+00	18
598	1.000000000000000e+00	28
599	1.000000000000000e+00	10
600	1.000000000000000e+00	24
601	1.000000000000000e+00	12
602	1.000000000000000e+00	2
603	1.000000000000000e+00	14
604	1.000000000000000e+00	18
605	1.000000000000000e+00	10
606	1.000000000000000e+00	12
607	1.000000000000000e+00	2
608	1.000000000000000e+00	16
609	1.000000000000000e+00	14
610	1.000000000000000e+00	6
611	1.000000000000000e+00	18
612	1.000000000000000e+00	10
613	1.000000000000000e+00	22
614	1.000000000000000e+00	12
615	1.000000000000000e+00	6
616	1.000000000000000e+00	12
617	1.000000000000000e+00	26
618	1.000000000000000e+00	10
619	1.000000000000000e+00	2
620	1.000000000000000e+00	14
621	1.000000000000000e+00	6
622	1.000000000000000e+00	18
623	1.000000000000000e+00	16
624	1.000000000000000e+00	20
625	1.000000000000000e+00	6
626	1.000000000000000e+00	14
627	1.000000000000000e+00	2
628	1.000000000000000e+00	12
629	1.000000000000000e+00	6
630	1.000000000000000e+00	6
631	1.000000000000000e+00	22
632	1.000000000000000e+00	10
633	1.000000000000000e+00	4
634	1.000000000000000e+00	2
635	1.000000000000000e+00	28
636	1.000000000000000e+00	2
637	1.000000000000000e+00	8
638	1.000000000000000e+00	24
639	1.000000000000000e+00	4
640	1.000000000000000e+00	2
641	1.000000000000000e+00	8
642	1.000000000000000e+00	8
643	1.000000000000000e+00	6
644	1.000000000000000e+00	8
645	1.000000000000000e+00	12
646	1.000000000000000e+00	10
647	1.000000000000000e+00	12
648	1.000000000000000e+00	40
649	1.000000000000000e+00	36
650	1.000000000000000e+00	24
651	1.000000000000000e+00	4
652	1.000000000000000e+00	14
653	1.000000000000000e+00	18
654	1.000000000000000e+00	32
655	1.000000000000000e+00	12
656	1.000000000000000e+00	12
657	1.000000000000000e+00	16
658	1.000000000000000e+00	6
659	1.000000000000000e+00	2
660	1.000000000000000e+00	16
661	1.000000000000000e+00	6
662	1.000000000000000e+00	22
663	1.000000000000000e+00	58
664	1.000000000000000e+00	14
665	1.000000000000000e+00	12
666	1.000000000000000e+00	6
667	1.000000000000000e+00	14
668	1.000000000000000e+00	4
669	1.000000000000000e+00	8
670	1.000000000000000e+00	30
671	1.000000000000000e+00	2
672	1.000000000000000e+00	6
673	1.000000000000000e+00	40
674	1.000000000000000e+00	14
675	1.000000000000000e+00	8
676	1.000000000000000e+00	2
677	1.000000000000000e+00	18
678	1.000000000000000e+00	2
679	1.000000000000000e+00	26
680	1.000000000000000e+00	4
681	1.000000000000000e+00	2
682	1.000000000000000e+00	22
683	1.000000000000000e+00	2
684	1.000000000000000e+00	36
685	1.000000000000000e+00	2
686	1.000000000000000e+00	22
687	1.000000000000000e+00	2
688	1.000000000000000e+00	2
689	1.000000000000000e+00	14
690	1.000000000000000e+00	26
691	1.000000000000000e+00	2
692	1.000000000000000e+00	6
693	1.000000000000000e+00	8
694	1.000000000000000e+00	2
695	1.000000000000000e+00	24
696	1.000000000000000e+00	12
697	1.000000000000000e+00	14
698	1.000000000000000e+00	14
699	1.000000000000000e+00	14
700	1.000000000000000e+00	10
701	1.000000000000000e+00	10
702	1.000000000000000e+00	4
703	1.000000000000000e+00	20
704	1.000000000000000e+00	8
705	1.000000000000000e+00	4
706	1.000000000000000e+00	6
707	1.000000000000000e+00	10
708	1.000000000000000e+00	6
709	1.000000000000000e+00	14
710	1.000000000000000e+00	2
711	1.000000000000000e+00	20
712	1.000000000000000e+00	16
713	1.000000000000000e+00	12
714	1.000000000000000e+00	6
715	1.000000000000000e+00	26
716	1.000000000000000e+00	6
717	1.000000000000000e+00	30
718	1.000000000000000e+00	26
719	1.000000000000000e+00	58
720	1.000000000000000e+00	12
721	1.000000000000000e+00	6
722	1.000000000000000e+00	18
723	1.000000000000000e+00	28
724	1.000000000000000e+00	18
725	1.000000000000000e+00	36
726	1.000000000000000e+00	36
727	1.000000000000000e+00	10
728	1.000000000000000e+00	4
729	1.000000000000000e+00	10
730	1.000000000000000e+00	4
731	1.000000000000000e+00	20
732	1.000000000000000e+00	4
733	1.000000000000000e+00	18
734	1.000000000000000e+00	8
735	1.000000000000000e+00	2
736	1.000000000000000e+00	12
737	1.000000000000000e+00	12
738	1.000000000000000e+00	4
739	1.000000000000000e+00	10
740	1.000000000000000e+00	22
741	1.000000000000000e+00	2
742	1.000000000000000e+00	4
743	1.000000000000000e+00	4
744	1.000000000000000e+00	8
745	1.000000000000000e+00	18
746	1.000000000000000e+00	4
747	1.000000000000000e+00	2
748	1.000000000000000e+00	4
749	1.000000000000000e+00	6
750	1.000000000000000e+00	12
751	1.000000000000000e+00	10
752	1.000000000000000e+00	8
753	1.000000000000000e+00	34
754	1.000000000000000e+00	8
755	1.000000000000000e+00	6
756	1.000000000000000e+00	16
757	1.000000000000000e+00	8
758	1.000000000000000e+00	4
759	1.000000000000000e+00	32
760	1.000000000000000e+00	28
761	1.000000000000000e+00	6
762	1.000000000000000e+00	14
763	1.000000000000000e+00	4
764	1.000000000000000e+00	2
765	1.000000000000000e+00	24
766	1.000000000000000e+00	26
767	1.000000000000000e+00	18
768	1.000000000000000e+00	6
769	1.000000000000000e+00	12
770	1.000000000000000e+00	8
771	1.000000000000000e+00	14
772	1.000000000000000e+00	14
773	1.000000000000000e+00	4
774	1.000000000000000e+00	8
775	1.000000000000000e+00	10
776	1.000000000000000e+00	10
777	1.000000000000000e+00	2
778	1.000000000000000e+00	8
779	1.000000000000000e+00	2
780	1.000000000000000e+00	2
781	1.000000000000000e+00	20
782	1.000000000000000e+00	6
783	1.000000000000000e+00	10
784	1.000000000000000e+00	2
785	1.000000000000000e+00	6
786	1.000000000000000e+00	24
787	1.000000000000000e+00	14
788	1.000000000000000e+00	16
789	1.000000000000000e+00	4
790	1.000000000000000e+00	28
791	1.000000000000000e+00	10
792	1.000000000000000e+00	2
793	1.000000000000000e+00	6
794	1.000000000000000e+00	20
795	1.000000000000000e+00	20
796	1.000000000000000e+00	4
797	1.000000000000000e+00	2
798	1.000000000000000e+00	22
799	1.000000000000000e+00	4
800	1.000000000000000e+00	4
801	1.000000000000000e+00	18
802	1.000000000000000e+00	2
803	1.000000000000000e+00	4
804	1.000000000000000e+00	16
805	1.000000000000000e+00	10
806	1.000000000000000e+00	2
807	1.000000000000000e+00	26
808	1.000000000000000e+00	8
809	1.000000000000000e+00	10
810	1.000000000000000e+00	10
811	1.000000000000000e+00	4
812	1.000000000000000e+00	26
813	1.000000000000000e+00	2
814	1.000000000000000e+00	38
815	1.000000000000000e+00	12
816	1.000000000000000e+00	2
817	1.000000000000000e+00	2
818	1.000000000000000e+00	16
819	1.000000000000000e+00	20
820	1.000000000000000e+00	8
821	1.000000000000000e+00	16
822	1.000000000000000e+00	18
823	1.000000000000000e+00	6
824	1.000000000000000e+00	18
825	1.000000000000000e+00	20
826	1.000000000000000e+00	2
827	1.000000000000000e+00	28
828	1.000000000000000e+00	6
829	1.000000000000000e+00	16
830	1.000000000000000e+00	10
831	1.000000000000000e+00	4
832	1.000000000000000e+00	12
833	1.000000000000000e+00	4
834	1.000000000000000e+00	24
835	1.000000000000000e+00	6
836	1.000000000000000e+00	10
837	1.000000000000000e+00	16
838	1.000000000000000e+00	12
839	1.000000000000000e+00	10
840	1.000000000000000e+00	8
841	1.000000000000000e+00	42
842	1.000000000000000e+00	10
843	1.000000000000000e+00	6
844	1.000000000000000e+00	16
845	1.000000000000000e+00	10
846	1.000000000000000e+00	8
847	1.000000000000000e+00	4
848	1.000000000000000e+00	6
849	1.000000000000000e+00	26
850	1.000000000000000e+00	14
851	1.000000000000000e+00	14
852	1.000000000000000e+00	38
853	1.000000000000000e+00	2
854	1.000000000000000e+00	8
855	1.000000000000000e+00	26
856	1.000000000000000e+00	6
857	1.000000000000000e+00	6
858	1.000000000000000e+00	12
859	1.000000000000000e+00	4
860	1.000000000000000e+00	10
861	1.000000000000000e+00	2
862	1.000000000000000e+00	22
863	1.000000000000000e+00	12
864	1.000000000000000e+00	2
865	1.000000000000000e+00	34
866	1.000000000000000e+00	28
867	1.000000000000000e+00	2
868	1.000000000000000e+00	18
869	1.000000000000000e+00	26
870	1.000000000000000e+00	10
871	1.000000000000000e+00	4
872	1.000000000000000e+00	4
873	1.000000000000000e+00	8
874	1.000000000000000e+00	14
875	1.000000000000000e+00	2
876	1.000000000000000e+00	24
877	1.000000000000000e+00	8
878	1.000000000000000e+00	2
879	1.000000000000000e+00	4
880	1.000000000000000e+00	38
881	1.000000000000000e+00	16
882	1.000000000000000e+00	12
883	1.000000000000000e+00	36
884	1.000000000000000e+00	2
885	1.000000000000000e+00	18
886	1.000000000000000e+00	8
887	1.000000000000000e+00	32
888	1.000000000000000e+00	30
889	1.000000000000000e+00	18
890	1.000000000000000e+00	8
891	1.000000000000000e+00	2
892	1.000000000000000e+00	18
893	1.000000000000000e+00	8
894	1.000000000000000e+00	66
895	1.000000000000000e+00	2
896	1.000000000000000e+00	22
897	1.000000000000000e+00	22
898	1.000000000000000e+00	18
899	1.000000000000000e+00	24
900	1.000000000000000e+00	48
901	1.000000000000000e+00	26
902	1.000000000000000e+00	26
903	1.000000000000000e+00	14
904	1.000000000000000e+00	10
905	1.000000000000000e+00	20
906	1.000000000000000e+00	8
907	1.000000000000000e+00	10
908	1.000000000000000e+00	4
909	1.000000000000000e+00	8
910	1.000000000000000e+00	6
911	1.000000000000000e+00	8
912	1.000000000000000e+00	20
913	1.000000000000000e+00	2
914	1.000000000000000e+00	2
915	1.000000000000000e+00	34
916	1.000000000000000e+00	6
917	1.000000000000000e+00	8
918	1.000000000000000e+00	12
919	1.000000000000000e+00	12
920	1.000000000000000e+00	36
921	1.000000000000000e+00	16
922	1.000000000000000e+00	14
923	1.000000000000000e+00	12
924	1.000000000000000e+00	10
925	1.000000000000000e+00	20
926	1.000000000000000e+00	16
927	1.000000000000000e+00	4
928	1.000000000000000e+00	26
929	1.000000000000000e+00	42
930	1.000000000000000e+00	4
931	1.000000000000000e+00	10
932	1.000000000000000e+00	16
933	1.000000000000000e+00	14
934	1.000000000000000e+00	6
935	1.000000000000000e+00	14
936	1.000000000000000e+00	14
937	1.000000000000000e+00	16
938	1.000000000000000e+00	6
939	1.000000000000000e+00	36
940	1.000000000000000e+00	12
941	1.000000000000000e+00	12
942	1.000000000000000e+00	4
943	1.000000000000000e+00	24
944	1.000000000000000e+00	12
945	1.000000000000000e+00	4
946	1.000000000000000e+00	40
947	1.000000000000000e+00	8
948	1.000000000000000e+00	10
949	1.000000000000000e+00	24
950	1.000000000000000e+00	6
951	1.000000000000000e+00	4
952	1.000000000000000e+00	4
953	1.000000000000000e+00	12
954	1.000000000000000e+00	8
955	1.000000000000000e+00	14
956	1.000000000000000e+00	2
957	1.000000000000000e+00	8
958	1.000000000000000e+00	16
959	1.000000000000000e+00	4
960	1.000000000000000e+00	2
961	1.000000000000000e+00	4
962	1.000000000000000e+00	20
963	1.000000000000000e+00	14
964	1.000000000000000e+00	20
965	1.000000000000000e+00	4
966	1.000000000000000e+00	4
967	1.000000000000000e+00	18
968	1.000000000000000e+00	16
969	1.000000000000000e+00	36
970	1.000000000000000e+00	4
971	1.000000000000000e+00	10
972	1.000000000000000e+00	16
973	1.000000000000000e+00	2
974	1.000000000000000e+00	36
975	1.000000000000000e+00	40
976	1.000000000000000e+00	12
977	1.000000000000000e+00	4
978	1.000000000000000e+00	8
979	1.000000000000000e+00	8
980	1.000000000000000e+00	36
981	1.000000000000000e+00	30
982	1.000000000000000e+00	10
983	1.000000000000000e+00	10
984	1.000000000000000e+00	6
985	1.000000000000000e+00	20
986	1.000000000000000e+00	4
987	1.000000000000000e+00	12
988	1.000000000000000e+00	16
989	1.000000000000000e+00	2
990	1.000000000000000e+00	24
991	1.000000000000000e+00	6
992	1.000000000000000e+00	4
993	1.000000000000000e+00	6
994	1.000000000000000e+00	4
995	1.000000000000000e+00	18
996	1.000000000000000e+00	2
997	1.000000000000000e+00	28
998	1.000000000000000e+00	34
999	1.000000000000000e+00	22
1000	1.000000000000000e+00	30


Tempo gasto: 7.250405
