Método usado: LUUS JAAKOLA

POSIÇÃO	ÁREA(mm²)	CUSTO

1	1.000000000000000e+00	24
2	1.000000000000000e+00	2
3	1.000000000000000e+00	10
4	1.000000000000000e+00	6
5	1.000000000000000e+00	24
6	1.000000000000000e+00	4
7	1.000000000000000e+00	4
8	1.000000000000000e+00	14
9	1.000000000000000e+00	12
10	1.000000000000000e+00	44
11	1.000000000000000e+00	26
12	1.000000000000000e+00	16
13	1.000000000000000e+00	20
14	1.000000000000000e+00	4
15	1.000000000000000e+00	8
16	1.000000000000000e+00	4
17	1.000000000000000e+00	8
18	1.000000000000000e+00	36
19	1.000000000000000e+00	14
20	1.000000000000000e+00	20
21	1.000000000000000e+00	4
22	1.000000000000000e+00	14
23	1.000000000000000e+00	2
24	1.000000000000000e+00	36
25	1.000000000000000e+00	2
26	1.000000000000000e+00	20
27	1.000000000000000e+00	10
28	1.000000000000000e+00	2
29	1.000000000000000e+00	10
30	1.000000000000000e+00	14
31	1.000000000000000e+00	6
32	1.000000000000000e+00	16
33	1.000000000000000e+00	12
34	1.000000000000000e+00	2
35	1.000000000000000e+00	20
36	1.000000000000000e+00	24
37	1.000000000000000e+00	22
38	1.000000000000000e+00	4
39	1.000000000000000e+00	4
40	1.000000000000000e+00	18
41	1.000000000000000e+00	10
42	1.000000000000000e+00	6
43	1.000000000000000e+00	8
44	1.000000000000000e+00	22
45	1.000000000000000e+00	32
46	1.000000000000000e+00	4
47	1.000000000000000e+00	14
48	1.000000000000000e+00	50
49	1.000000000000000e+00	18
50	1.000000000000000e+00	6
51	1.000000000000000e+00	4
52	1.000000000000000e+00	4
53	1.000000000000000e+00	6
54	1.000000000000000e+00	36
55	1.000000000000000e+00	16
56	1.000000000000000e+00	4
57	1.000000000000000e+00	16
58	1.000000000000000e+00	2
59	1.000000000000000e+00	14
60	1.000000000000000e+00	14
61	1.000000000000000e+00	20
62	1.000000000000000e+00	12
63	1.000000000000000e+00	14
64	1.000000000000000e+00	8
65	1.000000000000000e+00	2
66	1.000000000000000e+00	4
67	1.000000000000000e+00	20
68	1.000000000000000e+00	4
69	1.000000000000000e+00	10
70	1.000000000000000e+00	12
71	1.000000000000000e+00	30
72	1.000000000000000e+00	6
73	1.000000000000000e+00	16
74	1.000000000000000e+00	18
75	1.000000000000000e+00	6
76	1.000000000000000e+00	24
77	1.000000000000000e+00	12
78	1.000000000000000e+00	16
79	1.000000000000000e+00	28
80	1.000000000000000e+00	24
81	1.000000000000000e+00	12
82	1.000000000000000e+00	18
83	1.000000000000000e+00	4
84	1.000000000000000e+00	12
85	1.000000000000000e+00	10
86	1.000000000000000e+00	14
87	1.000000000000000e+00	4
88	1.000000000000000e+00	14
89	1.000000000000000e+00	20
90	1.000000000000000e+00	16
91	1.000000000000000e+00	4
92	1.000000000000000e+00	2
93	1.000000000000000e+00	10
94	1.000000000000000e+00	12
95	1.000000000000000e+00	8
96	1.000000000000000e+00	16
97	1.000000000000000e+00	4
98	1.000000000000000e+00	6
99	1.000000000000000e+00	4
100	1.000000000000000e+00	14
101	1.000000000000000e+00	10
102	1.000000000000000e+00	8
103	1.000000000000000e+00	4
104	1.000000000000000e+00	22
105	1.000000000000000e+00	12
106	1.000000000000000e+00	22
107	1.000000000000000e+00	10
108	1.000000000000000e+00	16
109	1.000000000000000e+00	30
110	1.000000000000000e+00	68
111	1.000000000000000e+00	4
112	1.000000000000000e+00	14
113	1.000000000000000e+00	80
114	1.000000000000000e+00	4
115	1.000000000000000e+00	18
116	1.000000000000000e+00	4
117	1.000000000000000e+00	2
118	1.000000000000000e+00	20
119	1.000000000000000e+00	8
120	1.000000000000000e+00	4
121	1.000000000000000e+00	8
122	1.000000000000000e+00	16
123	1.000000000000000e+00	6
124	1.000000000000000e+00	32
125	1.000000000000000e+00	2
126	1.000000000000000e+00	24
127	1.000000000000000e+00	22
128	1.000000000000000e+00	20
129	1.000000000000000e+00	22
130	1.000000000000000e+00	6
131	1.000000000000000e+00	24
132	1.000000000000000e+00	26
133	1.000000000000000e+00	2
134	1.000000000000000e+00	30
135	1.000000000000000e+00	36
136	1.000000000000000e+00	12
137	1.000000000000000e+00	4
138	1.000000000000000e+00	6
139	1.000000000000000e+00	14
140	1.000000000000000e+00	18
141	1.000000000000000e+00	4
142	1.000000000000000e+00	14
143	1.000000000000000e+00	2
144	1.000000000000000e+00	28
145	1.000000000000000e+00	2
146	1.000000000000000e+00	16
147	1.000000000000000e+00	16
148	1.000000000000000e+00	4
149	1.000000000000000e+00	2
150	1.000000000000000e+00	38
151	1.000000000000000e+00	26
152	1.000000000000000e+00	12
153	1.000000000000000e+00	10
154	1.000000000000000e+00	8
155	1.000000000000000e+00	12
156	1.000000000000000e+00	12
157	1.000000000000000e+00	8
158	1.000000000000000e+00	32
159	1.000000000000000e+00	14
160	1.000000000000000e+00	2
161	1.000000000000000e+00	4
162	1.000000000000000e+00	6
163	1.000000000000000e+00	2
164	1.000000000000000e+00	14
165	1.000000000000000e+00	36
166	1.000000000000000e+00	4
167	1.000000000000000e+00	10
168	1.000000000000000e+00	10
169	1.000000000000000e+00	18
170	1.000000000000000e+00	12
171	1.000000000000000e+00	2
172	1.000000000000000e+00	4
173	1.000000000000000e+00	16
174	1.000000000000000e+00	12
175	1.000000000000000e+00	6
176	1.000000000000000e+00	6
177	1.000000000000000e+00	28
178	1.000000000000000e+00	26
179	1.000000000000000e+00	24
180	1.000000000000000e+00	6
181	1.000000000000000e+00	4
182	1.000000000000000e+00	18
183	1.000000000000000e+00	18
184	1.000000000000000e+00	2
185	1.000000000000000e+00	4
186	1.000000000000000e+00	2
187	1.000000000000000e+00	4
188	1.000000000000000e+00	4
189	1.000000000000000e+00	8
190	1.000000000000000e+00	14
191	1.000000000000000e+00	12
192	1.000000000000000e+00	14
193	1.000000000000000e+00	4
194	1.000000000000000e+00	8
195	1.000000000000000e+00	12
196	1.000000000000000e+00	2
197	1.000000000000000e+00	2
198	1.000000000000000e+00	14
199	1.000000000000000e+00	36
200	1.000000000000000e+00	6
201	1.000000000000000e+00	20
202	1.000000000000000e+00	4
203	1.000000000000000e+00	24
204	1.000000000000000e+00	10
205	1.000000000000000e+00	6
206	1.000000000000000e+00	10
207	1.000000000000000e+00	2
208	1.000000000000000e+00	10
209	1.000000000000000e+00	42
210	1.000000000000000e+00	8
211	1.000000000000000e+00	2
212	1.000000000000000e+00	2
213	1.000000000000000e+00	28
214	1.000000000000000e+00	18
215	1.000000000000000e+00	6
216	1.000000000000000e+00	14
217	1.000000000000000e+00	24
218	1.000000000000000e+00	30
219	1.000000000000000e+00	12
220	1.000000000000000e+00	42
221	1.000000000000000e+00	12
222	1.000000000000000e+00	6
223	1.000000000000000e+00	22
224	1.000000000000000e+00	10
225	1.000000000000000e+00	10
226	1.000000000000000e+00	8
227	1.000000000000000e+00	4
228	1.000000000000000e+00	10
229	1.000000000000000e+00	24
230	1.000000000000000e+00	2
231	1.000000000000000e+00	22
232	1.000000000000000e+00	12
233	1.000000000000000e+00	58
234	1.000000000000000e+00	14
235	1.000000000000000e+00	16
236	1.000000000000000e+00	8
237	1.000000000000000e+00	4
238	1.000000000000000e+00	2
239	1.000000000000000e+00	16
240	1.000000000000000e+00	6
241	1.000000000000000e+00	4
242	1.000000000000000e+00	2
243	1.000000000000000e+00	10
244	1.000000000000000e+00	6
245	1.000000000000000e+00	32
246	1.000000000000000e+00	18
247	1.000000000000000e+00	12
248	1.000000000000000e+00	14
249	1.000000000000000e+00	16
250	1.000000000000000e+00	22
251	1.000000000000000e+00	12
252	1.000000000000000e+00	4
253	1.000000000000000e+00	4
254	1.000000000000000e+00	10
255	1.000000000000000e+00	6
256	1.000000000000000e+00	12
257	1.000000000000000e+00	6
258	1.000000000000000e+00	10
259	1.000000000000000e+00	18
260	1.000000000000000e+00	10
261	1.000000000000000e+00	8
262	1.000000000000000e+00	16
263	1.000000000000000e+00	20
264	1.000000000000000e+00	2
265	1.000000000000000e+00	12
266	1.000000000000000e+00	22
267	1.000000000000000e+00	10
268	1.000000000000000e+00	6
269	1.000000000000000e+00	12
270	1.000000000000000e+00	12
271	1.000000000000000e+00	8
272	1.000000000000000e+00	16
273	1.000000000000000e+00	4
274	1.000000000000000e+00	10
275	1.000000000000000e+00	8
276	1.000000000000000e+00	28
277	1.000000000000000e+00	12
278	1.000000000000000e+00	36
279	1.000000000000000e+00	4
280	1.000000000000000e+00	8
281	1.000000000000000e+00	16
282	1.000000000000000e+00	14
283	1.000000000000000e+00	6
284	1.000000000000000e+00	2
285	1.000000000000000e+00	8
286	1.000000000000000e+00	2
287	1.000000000000000e+00	12
288	1.000000000000000e+00	2
289	1.000000000000000e+00	2
290	1.000000000000000e+00	2
291	1.000000000000000e+00	6
292	1.000000000000000e+00	10
293	1.000000000000000e+00	14
294	1.000000000000000e+00	8
295	1.000000000000000e+00	16
296	1.000000000000000e+00	4
297	1.000000000000000e+00	20
298	1.000000000000000e+00	8
299	1.000000000000000e+00	4
300	1.000000000000000e+00	14
301	1.000000000000000e+00	10
302	1.000000000000000e+00	2
303	1.000000000000000e+00	20
304	1.000000000000000e+00	8
305	1.000000000000000e+00	10
306	1.000000000000000e+00	8
307	1.000000000000000e+00	8
308	1.000000000000000e+00	30
309	1.000000000000000e+00	4
310	1.000000000000000e+00	22
311	1.000000000000000e+00	22
312	1.000000000000000e+00	2
313	1.000000000000000e+00	4
314	1.000000000000000e+00	8
315	1.000000000000000e+00	24
316	1.000000000000000e+00	4
317	1.000000000000000e+00	26
318	1.000000000000000e+00	6
319	1.000000000000000e+00	12
320	1.000000000000000e+00	2
321	1.000000000000000e+00	6
322	1.000000000000000e+00	2
323	1.000000000000000e+00	18
324	1.000000000000000e+00	2
325	1.000000000000000e+00	10
326	1.000000000000000e+00	10
327	1.000000000000000e+00	2
328	1.000000000000000e+00	4
329	1.000000000000000e+00	8
330	1.000000000000000e+00	2
331	1.000000000000000e+00	10
332	1.000000000000000e+00	24
333	1.000000000000000e+00	12
334	1.000000000000000e+00	14
335	1.000000000000000e+00	16
336	1.000000000000000e+00	12
337	1.000000000000000e+00	20
338	1.000000000000000e+00	8
339	1.000000000000000e+00	18
340	1.000000000000000e+00	28
341	1.000000000000000e+00	10
342	1.000000000000000e+00	10
343	1.000000000000000e+00	6
344	1.000000000000000e+00	6
345	1.000000000000000e+00	8
346	1.000000000000000e+00	6
347	1.000000000000000e+00	6
348	1.000000000000000e+00	8
349	1.000000000000000e+00	6
350	1.000000000000000e+00	38
351	1.000000000000000e+00	8
352	1.000000000000000e+00	4
353	1.000000000000000e+00	38
354	1.000000000000000e+00	4
355	1.000000000000000e+00	26
356	1.000000000000000e+00	16
357	1.000000000000000e+00	30
358	1.000000000000000e+00	4
359	1.000000000000000e+00	10
360	1.000000000000000e+00	2
361	1.000000000000000e+00	4
362	1.000000000000000e+00	6
363	1.000000000000000e+00	4
364	1.000000000000000e+00	12
365	1.000000000000000e+00	14
366	1.000000000000000e+00	6
367	1.000000000000000e+00	6
368	1.000000000000000e+00	4
369	1.000000000000000e+00	2
370	1.000000000000000e+00	6
371	1.000000000000000e+00	14
372	1.000000000000000e+00	12
373	1.000000000000000e+00	22
374	1.000000000000000e+00	34
375	1.000000000000000e+00	22
376	1.000000000000000e+00	4
377	1.000000000000000e+00	8
378	1.000000000000000e+00	16
379	1.000000000000000e+00	12
380	1.000000000000000e+00	10
381	1.000000000000000e+00	8
382	1.000000000000000e+00	16
383	1.000000000000000e+00	64
384	1.000000000000000e+00	2
385	1.000000000000000e+00	26
386	1.000000000000000e+00	4
387	1.000000000000000e+00	20
388	1.000000000000000e+00	6
389	1.000000000000000e+00	18
390	1.000000000000000e+00	4
391	1.000000000000000e+00	18
392	1.000000000000000e+00	2
393	1.000000000000000e+00	2
394	1.000000000000000e+00	20
395	1.000000000000000e+00	2
396	1.000000000000000e+00	2
397	1.000000000000000e+00	40
398	1.000000000000000e+00	14
399	1.000000000000000e+00	4
400	1.000000000000000e+00	4
401	1.000000000000000e+00	10
402	1.000000000000000e+00	6
403	1.000000000000000e+00	10
404	1.000000000000000e+00	38
405	1.000000000000000e+00	8
406	1.000000000000000e+00	32
407	1.000000000000000e+00	14
408	1.000000000000000e+00	6
409	1.000000000000000e+00	6
410	1.000000000000000e+00	2
411	1.000000000000000e+00	28
412	1.000000000000000e+00	14
413	1.000000000000000e+00	12
414	1.000000000000000e+00	24
415	1.000000000000000e+00	2
416	1.000000000000000e+00	2
417	1.000000000000000e+00	4
418	1.000000000000000e+00	12
419	1.000000000000000e+00	6
420	1.000000000000000e+00	20
421	1.000000000000000e+00	8
422	1.000000000000000e+00	30
423	1.000000000000000e+00	12
424	1.000000000000000e+00	8
425	1.000000000000000e+00	2
426	1.000000000000000e+00	6
427	1.000000000000000e+00	8
428	1.000000000000000e+00	20
429	1.000000000000000e+00	16
430	1.000000000000000e+00	6
431	1.000000000000000e+00	2
432	1.000000000000000e+00	12
433	1.000000000000000e+00	22
434	1.000000000000000e+00	14
435	1.000000000000000e+00	6
436	1.000000000000000e+00	6
437	1.000000000000000e+00	14
438	1.000000000000000e+00	2
439	1.000000000000000e+00	14
440	1.000000000000000e+00	16
441	1.000000000000000e+00	14
442	1.000000000000000e+00	8
443	1.000000000000000e+00	18
444	1.000000000000000e+00	2
445	1.000000000000000e+00	20
446	1.000000000000000e+00	2
447	1.000000000000000e+00	4
448	1.000000000000000e+00	4
449	1.000000000000000e+00	20
450	1.000000000000000e+00	4
451	1.000000000000000e+00	32
452	1.000000000000000e+00	8
453	1.000000000000000e+00	2
454	1.000000000000000e+00	18
455	1.000000000000000e+00	10
456	1.000000000000000e+00	12
457	1.000000000000000e+00	10
458	1.000000000000000e+00	16
459	1.000000000000000e+00	4
460	1.000000000000000e+00	22
461	1.000000000000000e+00	2
462	1.000000000000000e+00	6
463	1.000000000000000e+00	6
464	1.000000000000000e+00	8
465	1.000000000000000e+00	24
466	1.000000000000000e+00	34
467	1.000000000000000e+00	20
468	1.000000000000000e+00	12
469	1.000000000000000e+00	2
470	1.000000000000000e+00	32
471	1.000000000000000e+00	20
472	1.000000000000000e+00	10
473	1.000000000000000e+00	18
474	1.000000000000000e+00	28
475	1.000000000000000e+00	12
476	1.000000000000000e+00	16
477	1.000000000000000e+00	2
478	1.000000000000000e+00	14
479	1.000000000000000e+00	6
480	1.000000000000000e+00	6
481	1.000000000000000e+00	10
482	1.000000000000000e+00	4
483	1.000000000000000e+00	12
484	1.000000000000000e+00	22
485	1.000000000000000e+00	24
486	1.000000000000000e+00	12
487	1.000000000000000e+00	14
488	1.000000000000000e+00	6
489	1.000000000000000e+00	4
490	1.000000000000000e+00	26
491	9.499988083263403e-01	190
492	8.999822557630975e-01	236
493	8.499837436559953e-01	270
494	7.999917232398991e-01	308
495	7.499788772355065e-01	284
496	6.999768433908279e-01	330
497	6.499859277041126e-01	298
498	5.999754321857519e-01	280
499	5.499754271442067e-01	264
500	4.999676656863702e-01	268
501	5.499736746580963e-01	340
502	5.999600900283194e-01	244
503	6.499607796968178e-01	292
504	6.999604072699488e-01	290
505	7.499598842503807e-01	278
506	7.999618802649668e-01	272
507	8.499559857275307e-01	322
508	8.999407026413924e-01	268
509	9.499563774573949e-01	276
510	8.999532400276913e-01	228
511	8.499475469002096e-01	264
512	7.999458344740502e-01	312
513	7.499505332438955e-01	210
514	7.999409523031409e-01	144
515	8.499357942544132e-01	308
516	8.999239318628175e-01	124
517	9.499290635525579e-01	284
518	9.999343461185805e-01	310
519	9.999326259118434e-01	272
520	9.999330442292427e-01	278
521	9.999377918566350e-01	264
522	9.999379755478888e-01	272
523	9.999255238266231e-01	334
524	9.999085020915495e-01	244
525	9.998940695947367e-01	180
526	9.999095840107374e-01	298
527	9.999014365838307e-01	292
528	9.998942809735638e-01	256
529	9.998876266655423e-01	226
530	9.998763052327712e-01	228
531	9.998564107159457e-01	314
532	9.998480825891285e-01	270
533	9.998531937561155e-01	248
534	9.998553484504433e-01	344
535	9.998624729188353e-01	320
536	9.998468606179166e-01	282
537	9.998614704012551e-01	290
538	9.998654679830655e-01	232
539	9.998762678750236e-01	260
540	9.998853861837772e-01	306
541	9.998747396802837e-01	260
542	9.998578321219102e-01	284
543	9.998762285066505e-01	232
544	9.998881632854795e-01	304
545	9.998729155275645e-01	208
546	9.998762190939160e-01	252
547	9.998625064483898e-01	304
548	9.998584921856060e-01	282
549	9.998536739495172e-01	274
550	9.998408555581328e-01	230
551	9.998314654382967e-01	282
552	9.998343272576139e-01	272
553	9.998441910814035e-01	292
554	9.998378892445877e-01	302
555	9.998383809270979e-01	240
556	9.998335853259673e-01	252
557	9.998159589863744e-01	238
558	9.998115091040711e-01	262
559	9.998275861499194e-01	300
560	9.998316995141610e-01	332
561	9.998265707651411e-01	216
562	9.998177484220186e-01	208
563	9.998256844883042e-01	288
564	9.998238260001885e-01	258
565	9.998329891482908e-01	312
566	9.998173836703523e-01	304
567	9.998361983445088e-01	288
568	9.998281087341815e-01	276
569	9.998088740211942e-01	254
570	9.998102249152572e-01	240
571	9.998274578069913e-01	218
572	9.998119119621859e-01	230
573	9.998125725028312e-01	316
574	9.998322371985469e-01	232
575	9.998165781616491e-01	222
576	9.998321598813890e-01	172
577	9.998190320862812e-01	142
578	9.998375870153228e-01	308
579	9.998196784112680e-01	272
580	9.998049834120000e-01	300
581	9.998233054419207e-01	210
582	9.998297921024407e-01	290
583	9.998338626439999e-01	266
584	9.998522144534819e-01	276
585	9.998559115308950e-01	288
586	9.998613237585821e-01	290
587	9.998664188163392e-01	202
588	9.998787817084988e-01	140
589	9.998634235937103e-01	324
590	9.998616456447755e-01	320
591	9.998635109642758e-01	328
592	9.998750413854847e-01	260
593	9.998904034695427e-01	284
594	9.998966973180735e-01	280
595	9.999116123872118e-01	302
596	9.999271777066033e-01	294
597	9.999349525131409e-01	242
598	9.999317453730662e-01	290
599	9.999327439487353e-01	292
600	9.999317071058216e-01	268
601	9.999245029452912e-01	268
602	9.999377067270506e-01	170
603	9.999247173002191e-01	260
604	9.999233089914632e-01	322
605	9.999187710392606e-01	336
606	9.999032658149668e-01	238
607	9.998862503435503e-01	302
608	9.998972724004532e-01	298
609	9.998816932055886e-01	296
610	9.998873352785114e-01	340
611	9.998842202717353e-01	300
612	9.998644865268873e-01	216
613	9.998825878518353e-01	106
614	9.998675084376152e-01	260
615	9.998787846411903e-01	240
616	9.998972680230429e-01	292
617	9.998949312189812e-01	254
618	9.999123495589161e-01	292
619	9.998964129344817e-01	220
620	9.998881319234549e-01	248
621	9.998886324898333e-01	262
622	9.998925136150141e-01	222
623	9.998745985372156e-01	310
624	9.998620066490586e-01	324
625	9.998498986376652e-01	222
626	9.998665893708001e-01	206
627	9.998603211486183e-01	276
628	9.998694114019208e-01	286
629	9.998556844661549e-01	214
630	9.998605463279047e-01	214
631	9.998715163870223e-01	160
632	9.998810712094203e-01	284
633	9.998891255066081e-01	300
634	9.999039996362640e-01	318
635	9.998941182927971e-01	284
636	9.998767541521157e-01	270
637	9.998809592109489e-01	266
638	9.998934299493293e-01	288
639	9.998756180013959e-01	300
640	9.998932089051366e-01	278
641	9.999071283015519e-01	242
642	9.999194469235316e-01	182
643	9.999284652226732e-01	296
644	9.999384633714039e-01	220
645	9.999374397178931e-01	282
646	9.999239573313110e-01	214
647	9.999319068383236e-01	266
648	9.999337489858146e-01	242
649	9.999272646377841e-01	218
650	9.999180977140139e-01	272
651	9.999360318773273e-01	176
652	9.999428950460798e-01	240
653	9.999321518442144e-01	314
654	9.999268249816963e-01	176
655	9.999363327411491e-01	280
656	9.999541612499052e-01	202
657	9.999420094963214e-01	236
658	9.999309645514055e-01	290
659	9.999149693657425e-01	216
660	9.999064171105534e-01	308
661	9.998909455945729e-01	172
662	9.998784525959955e-01	236
663	9.998697510843189e-01	286
664	9.998611166230948e-01	252
665	9.998653687066978e-01	244
666	9.998649846368513e-01	292
667	9.998757333029876e-01	334
668	9.998568113367562e-01	324
669	9.998725840670428e-01	126
670	9.998834139020822e-01	284
671	9.998980134058573e-01	80
672	9.998918573060032e-01	294
673	9.999073226909749e-01	296
674	9.999116564898730e-01	298
675	9.999030833116282e-01	230
676	9.998877511031300e-01	250
677	9.998836448281816e-01	290
678	9.998636464982565e-01	312
679	9.998537380177883e-01	288
680	9.998625176025464e-01	276
681	9.998710248049076e-01	242
682	9.998635062431153e-01	248
683	9.998659269563457e-01	222
684	9.998812938673373e-01	282
685	9.998893796563657e-01	278
686	9.998762836714076e-01	236
687	9.998887187932161e-01	292
688	9.998982032919702e-01	240
689	9.998952652077365e-01	286
690	9.998861493797004e-01	216
691	9.998992023222969e-01	314
692	9.998800992300815e-01	246
693	9.998731267572829e-01	310
694	9.998692150278200e-01	238
695	9.998522945228316e-01	262
696	9.998494015610674e-01	258
697	9.998372545327209e-01	218
698	9.998497051149076e-01	304
699	9.998556552396864e-01	256
700	9.998693942152070e-01	312
701	9.998670450022147e-01	304
702	9.998659523113180e-01	268
703	9.998801823829695e-01	218
704	9.998882070138673e-01	288
705	9.998910438865539e-01	302
706	9.998996693250619e-01	250
707	9.999114604022806e-01	308
708	9.999104773420785e-01	180
709	9.999010595253918e-01	310
710	9.998930016200565e-01	236
711	9.999061415337136e-01	258
712	9.998872307323620e-01	262
713	9.998739222362003e-01	316
714	9.998589867782968e-01	258
715	9.998423872814263e-01	306
716	9.998418098139279e-01	196
717	9.998492130325910e-01	222
718	9.998476131940000e-01	262
719	9.998588111351515e-01	176
720	9.998420182101577e-01	208
721	9.998494408292810e-01	238
722	9.998689696956259e-01	296
723	9.998772293437168e-01	258
724	9.998763193976812e-01	222
725	9.998788419947822e-01	220
726	9.998740173359120e-01	310
727	9.998847435819376e-01	322
728	9.998825927425722e-01	300
729	9.998982209467928e-01	228
730	9.999123976011843e-01	264
731	9.998988706422959e-01	180
732	9.999087678126702e-01	278
733	9.998929524313007e-01	296
734	9.999108782188645e-01	230
735	9.999108544147738e-01	324
736	9.999239411906814e-01	298
737	9.999154169086788e-01	256
738	9.999250672975516e-01	270
739	9.999150854848465e-01	162
740	9.999343576426436e-01	136
741	9.999362670764524e-01	268
742	9.999174252668731e-01	310
743	9.999128251746459e-01	266
744	9.999088202422197e-01	282
745	9.999102574823383e-01	270
746	9.999185594684482e-01	320
747	9.999028698923177e-01	192
748	9.998927765044119e-01	298
749	9.999042272622161e-01	20
750	9.999083155158234e-01	266
751	9.999090694789269e-01	312
752	9.998924448558637e-01	262
753	9.998977189546651e-01	220
754	9.999088710927099e-01	214
755	9.999078754358566e-01	270
756	9.999206800425868e-01	266
757	9.999320729527041e-01	274
758	9.999136516281570e-01	294
759	9.998934545427083e-01	202
760	9.999121396322972e-01	308
761	9.999160255273443e-01	320
762	9.999113626601097e-01	274
763	9.999070627488098e-01	248
764	9.999025069029085e-01	270
765	9.998837972335529e-01	274
766	9.998939209585562e-01	290
767	9.998749223858854e-01	252
768	9.998817548775905e-01	206
769	9.998634046177884e-01	222
770	9.998715496403577e-01	202
771	9.998587569908792e-01	212
772	9.998423312357012e-01	102
773	9.998383754411375e-01	76
774	9.998502171059134e-01	240
775	9.998325018422852e-01	320
776	9.998277395540819e-01	214
777	9.998287717685440e-01	312
778	9.998413585299495e-01	232
779	9.998558162943042e-01	242
780	9.998666220070598e-01	270
781	9.998524512803214e-01	242
782	9.998617498468644e-01	204
783	9.998515924046578e-01	328
784	9.998552736912616e-01	252
785	9.998398626762920e-01	216
786	9.998496858497824e-01	184
787	9.998482916386303e-01	284
788	9.998296978154465e-01	308
789	9.998383538048575e-01	284
790	9.998497866775115e-01	180
791	9.998314719473654e-01	172
792	9.998314305261590e-01	250
793	9.998178920354625e-01	286
794	9.998063106745321e-01	284
795	9.998046669360074e-01	332
796	9.998182434909111e-01	252
797	9.997989093867553e-01	184
798	9.998137831352122e-01	234
799	9.998097343470592e-01	306
800	9.997915171158641e-01	246
801	9.997878163833266e-01	234
802	9.997980491107319e-01	256
803	9.998153993233082e-01	194
804	9.998067239966318e-01	270
805	9.997881419414112e-01	264
806	9.997809707048873e-01	272
807	9.997683061542741e-01	244
808	9.997507339423995e-01	152
809	9.997605429060412e-01	296
810	9.997462146628110e-01	282
811	9.997425850918139e-01	278
812	9.997250967383549e-01	292
813	9.997102278598126e-01	322
814	9.996922588986868e-01	244
815	9.996972870116438e-01	260
816	9.997034964708787e-01	280
817	9.996965913536134e-01	240
818	9.997076217572382e-01	256
819	9.997230294871450e-01	258
820	9.997357000522424e-01	310
821	9.997232039558873e-01	240
822	9.997184583130694e-01	200
823	9.996992025167801e-01	210
824	9.996930701198805e-01	148
825	9.997056012496021e-01	300
826	9.997049682727746e-01	334
827	9.997160116456101e-01	274
828	9.997134694397306e-01	300
829	9.996981172524986e-01	270
830	9.997005746566670e-01	232
831	9.996915628771849e-01	316
832	9.996793772501410e-01	262
833	9.996957088796518e-01	170
834	9.997059765276509e-01	308
835	9.997204588072407e-01	272
836	9.997028366091565e-01	224
837	9.996982580389865e-01	260
838	9.997071318018919e-01	220
839	9.997076941048004e-01	260
840	9.996957499675135e-01	236
841	9.996886905613568e-01	288
842	9.997032926441127e-01	174
843	9.996855937599507e-01	138
844	9.996696385400689e-01	318
845	9.996550687747277e-01	308
846	9.996529017664143e-01	298
847	9.996411346695865e-01	220
848	9.996471236014527e-01	268
849	9.996630839782296e-01	218
850	9.996723886960835e-01	194
851	9.996533865469838e-01	276
852	9.996424901867991e-01	222
853	9.996356915036889e-01	242
854	9.996546264662072e-01	204
855	9.996669399201126e-01	292
856	9.996548693950759e-01	168
857	9.996590959044996e-01	276
858	9.996442859140586e-01	244
859	9.996258828610223e-01	312
860	9.996310442642573e-01	260
861	9.996263737241710e-01	156
862	9.996449688046308e-01	234
863	9.996367418049447e-01	312
864	9.996306949443906e-01	264
865	9.996276113102867e-01	288
866	9.996076597373267e-01	270
867	9.996214105654802e-01	250
868	9.996157537790017e-01	136
869	9.996215250722086e-01	280
870	9.996341145011221e-01	256
871	9.996176145551990e-01	272
872	9.996355181258429e-01	336
873	9.996234254509260e-01	140
874	9.996176712426916e-01	260
875	9.996100202700724e-01	312
876	9.996205193958997e-01	306
877	9.996347455438835e-01	222
878	9.996271335131548e-01	332
879	9.996149772167490e-01	260
880	9.996276986924632e-01	312
881	9.996181056998451e-01	256
882	9.996335036569455e-01	250
883	9.996194804129123e-01	250
884	9.996177807655720e-01	286
885	9.996009217455872e-01	304
886	9.996120380344249e-01	306
887	9.996088385116628e-01	258
888	9.995945621257118e-01	288
889	9.996029855035438e-01	254
890	9.995906517461838e-01	300
891	9.995865845035565e-01	196
892	9.995770870466695e-01	320
893	9.995953608847975e-01	246
894	9.995928231119693e-01	268
895	9.995868044132149e-01	270
896	9.995889744395557e-01	214
897	9.995915542751562e-01	300
898	9.995723015292015e-01	228
899	9.995658975843592e-01	276
900	9.995767159695664e-01	288
901	9.995868267626120e-01	232
902	9.995948337140086e-01	244
903	9.995764595207333e-01	264
904	9.995564835050134e-01	314
905	9.995368296688956e-01	236
906	9.995523401357529e-01	300
907	9.995492431168277e-01	262
908	9.995437982972690e-01	148
909	9.995636022270911e-01	296
910	9.995593555305722e-01	248
911	9.995618726646430e-01	326
912	9.995504713463759e-01	294
913	9.995453986900927e-01	158
914	9.995549072620628e-01	238
915	9.995399398760235e-01	260
916	9.995296900134152e-01	252
917	9.995391306164702e-01	250
918	9.995195197910940e-01	260
919	9.995272691299850e-01	246
920	9.995095446908596e-01	290
921	9.994913009777499e-01	300
922	9.994733547782474e-01	286
923	9.994847834335120e-01	266
924	9.994767332900792e-01	238
925	9.994768147900478e-01	278
926	9.994741803721672e-01	232
927	9.994898123770740e-01	180
928	9.994725600654113e-01	276
929	9.994898222769755e-01	270
930	9.994794605284210e-01	220
931	9.994765452839729e-01	168
932	9.994919591346890e-01	284
933	9.994743868124102e-01	246
934	9.994771535373951e-01	192
935	9.994653798998763e-01	296
936	9.994553221180719e-01	226
937	9.994618822586789e-01	228
938	9.994739312071746e-01	302
939	9.994834410074068e-01	208
940	9.994719564653155e-01	298
941	9.994572053516260e-01	306
942	9.994613306717590e-01	334
943	9.994578199717591e-01	256
944	9.994613314932155e-01	252
945	9.994537366473910e-01	188
946	9.994504478324904e-01	266
947	9.994574247485419e-01	302
948	9.994636170943485e-01	292
949	9.994728610978052e-01	236
950	9.994660660707568e-01	258
951	9.994752848339170e-01	258
952	9.994875770256908e-01	300
953	9.994887109022139e-01	218
954	9.994935764080803e-01	312
955	9.994857265436055e-01	288
956	9.994702379611297e-01	256
957	9.994647959749384e-01	306
958	9.994711141892195e-01	234
959	9.994733181408054e-01	302
960	9.994680898179357e-01	218
961	9.994773713864047e-01	312
962	9.994789377985474e-01	298
963	9.994929970373797e-01	232
964	9.994821544394582e-01	214
965	9.994891715732332e-01	240
966	9.994853540719558e-01	328
967	9.994941383870092e-01	228
968	9.994757709074782e-01	248
969	9.994942374969733e-01	330
970	9.994898382012348e-01	278
971	9.995066071921808e-01	276
972	9.995169743537249e-01	272
973	9.995192796971476e-01	136
974	9.995373695404585e-01	234
975	9.995210748122819e-01	306
976	9.995143281362061e-01	260
977	9.994978563033446e-01	246
978	9.994991207153602e-01	244
979	9.995125282227157e-01	302
980	9.995279896427086e-01	204
981	9.995338132704109e-01	220
982	9.995174105568574e-01	236
983	9.995141480061775e-01	264
984	9.995256945664612e-01	310
985	9.995222217745838e-01	328
986	9.995022880411794e-01	290
987	9.995142739631948e-01	182
988	9.995268869550490e-01	304
989	9.995284787175854e-01	248
990	9.995275410298120e-01	282
991	9.995208372642426e-01	286
992	9.995068567538097e-01	290
993	9.995052572328182e-01	282
994	9.995061936998683e-01	228
995	9.994948466273669e-01	250
996	9.994999460164210e-01	176
997	9.994910458752543e-01	294
998	9.994874509267071e-01	294
999	9.994798029362134e-01	270
1000	9.994602312803138e-01	256


Tempo gasto: 81.061920
