Método usado: LUUS JAAKOLA

POSIÇÃO	ÁREA(mm²)	CUSTO

1	1.000000000000000e+00	6
2	1.000000000000000e+00	4
3	1.000000000000000e+00	8
4	1.000000000000000e+00	20
5	1.000000000000000e+00	2
6	1.000000000000000e+00	6
7	1.000000000000000e+00	18
8	1.000000000000000e+00	18
9	1.000000000000000e+00	26
10	1.000000000000000e+00	2
11	1.000000000000000e+00	44
12	1.000000000000000e+00	2
13	1.000000000000000e+00	10
14	1.000000000000000e+00	22
15	1.000000000000000e+00	26
16	1.000000000000000e+00	14
17	1.000000000000000e+00	28
18	1.000000000000000e+00	2
19	1.000000000000000e+00	18
20	1.000000000000000e+00	10
21	1.000000000000000e+00	2
22	1.000000000000000e+00	10
23	1.000000000000000e+00	12
24	1.000000000000000e+00	14
25	1.000000000000000e+00	4
26	1.000000000000000e+00	2
27	1.000000000000000e+00	16
28	1.000000000000000e+00	12
29	1.000000000000000e+00	6
30	1.000000000000000e+00	18
31	1.000000000000000e+00	4
32	1.000000000000000e+00	2
33	1.000000000000000e+00	6
34	1.000000000000000e+00	2
35	1.000000000000000e+00	12
36	1.000000000000000e+00	8
37	1.000000000000000e+00	28
38	1.000000000000000e+00	28
39	1.000000000000000e+00	32
40	1.000000000000000e+00	10
41	1.000000000000000e+00	18
42	1.000000000000000e+00	8
43	1.000000000000000e+00	44
44	1.000000000000000e+00	2
45	1.000000000000000e+00	6
46	1.000000000000000e+00	32
47	1.000000000000000e+00	26
48	1.000000000000000e+00	4
49	1.000000000000000e+00	2
50	1.000000000000000e+00	8
51	1.000000000000000e+00	12
52	1.000000000000000e+00	2
53	1.000000000000000e+00	8
54	1.000000000000000e+00	10
55	1.000000000000000e+00	26
56	1.000000000000000e+00	22
57	1.000000000000000e+00	8
58	1.000000000000000e+00	20
59	1.000000000000000e+00	4
60	1.000000000000000e+00	8
61	1.000000000000000e+00	16
62	1.000000000000000e+00	10
63	1.000000000000000e+00	20
64	1.000000000000000e+00	10
65	1.000000000000000e+00	2
66	1.000000000000000e+00	26
67	1.000000000000000e+00	12
68	1.000000000000000e+00	12
69	1.000000000000000e+00	4
70	1.000000000000000e+00	4
71	1.000000000000000e+00	4
72	1.000000000000000e+00	12
73	1.000000000000000e+00	16
74	1.000000000000000e+00	20
75	1.000000000000000e+00	4
76	1.000000000000000e+00	4
77	1.000000000000000e+00	8
78	1.000000000000000e+00	20
79	1.000000000000000e+00	20
80	1.000000000000000e+00	2
81	1.000000000000000e+00	4
82	1.000000000000000e+00	2
83	1.000000000000000e+00	18
84	1.000000000000000e+00	32
85	1.000000000000000e+00	2
86	1.000000000000000e+00	14
87	1.000000000000000e+00	2
88	1.000000000000000e+00	34
89	1.000000000000000e+00	10
90	1.000000000000000e+00	2
91	1.000000000000000e+00	24
92	1.000000000000000e+00	6
93	1.000000000000000e+00	8
94	1.000000000000000e+00	14
95	1.000000000000000e+00	10
96	1.000000000000000e+00	4
97	1.000000000000000e+00	10
98	1.000000000000000e+00	8
99	1.000000000000000e+00	18
100	1.000000000000000e+00	12
101	1.000000000000000e+00	14
102	1.000000000000000e+00	6
103	1.000000000000000e+00	8
104	1.000000000000000e+00	4
105	1.000000000000000e+00	12
106	1.000000000000000e+00	8
107	1.000000000000000e+00	4
108	1.000000000000000e+00	6
109	1.000000000000000e+00	28
110	1.000000000000000e+00	8
111	1.000000000000000e+00	10
112	1.000000000000000e+00	36
113	1.000000000000000e+00	14
114	1.000000000000000e+00	12
115	1.000000000000000e+00	4
116	1.000000000000000e+00	10
117	1.000000000000000e+00	14
118	1.000000000000000e+00	76
119	1.000000000000000e+00	32
120	1.000000000000000e+00	8
121	1.000000000000000e+00	10
122	1.000000000000000e+00	24
123	1.000000000000000e+00	4
124	1.000000000000000e+00	6
125	1.000000000000000e+00	2
126	1.000000000000000e+00	28
127	1.000000000000000e+00	6
128	1.000000000000000e+00	18
129	1.000000000000000e+00	18
130	1.000000000000000e+00	28
131	1.000000000000000e+00	2
132	1.000000000000000e+00	26
133	1.000000000000000e+00	16
134	1.000000000000000e+00	6
135	1.000000000000000e+00	2
136	1.000000000000000e+00	4
137	1.000000000000000e+00	36
138	1.000000000000000e+00	4
139	1.000000000000000e+00	16
140	1.000000000000000e+00	2
141	1.000000000000000e+00	14
142	1.000000000000000e+00	36
143	1.000000000000000e+00	12
144	1.000000000000000e+00	2
145	1.000000000000000e+00	4
146	1.000000000000000e+00	26
147	1.000000000000000e+00	10
148	1.000000000000000e+00	16
149	1.000000000000000e+00	4
150	1.000000000000000e+00	12
151	1.000000000000000e+00	114
152	1.000000000000000e+00	16
153	1.000000000000000e+00	4
154	1.000000000000000e+00	6
155	1.000000000000000e+00	36
156	1.000000000000000e+00	14
157	1.000000000000000e+00	2
158	1.000000000000000e+00	4
159	1.000000000000000e+00	6
160	1.000000000000000e+00	18
161	1.000000000000000e+00	10
162	1.000000000000000e+00	4
163	1.000000000000000e+00	8
164	1.000000000000000e+00	8
165	1.000000000000000e+00	14
166	1.000000000000000e+00	6
167	1.000000000000000e+00	18
168	1.000000000000000e+00	12
169	1.000000000000000e+00	30
170	1.000000000000000e+00	6
171	1.000000000000000e+00	8
172	1.000000000000000e+00	2
173	1.000000000000000e+00	6
174	1.000000000000000e+00	10
175	1.000000000000000e+00	24
176	1.000000000000000e+00	16
177	1.000000000000000e+00	8
178	1.000000000000000e+00	8
179	1.000000000000000e+00	2
180	1.000000000000000e+00	2
181	1.000000000000000e+00	10
182	1.000000000000000e+00	26
183	1.000000000000000e+00	16
184	1.000000000000000e+00	4
185	1.000000000000000e+00	6
186	1.000000000000000e+00	18
187	1.000000000000000e+00	4
188	1.000000000000000e+00	22
189	1.000000000000000e+00	16
190	1.000000000000000e+00	4
191	1.000000000000000e+00	8
192	1.000000000000000e+00	30
193	1.000000000000000e+00	6
194	1.000000000000000e+00	16
195	1.000000000000000e+00	6
196	1.000000000000000e+00	2
197	1.000000000000000e+00	10
198	1.000000000000000e+00	18
199	1.000000000000000e+00	2
200	1.000000000000000e+00	10
201	1.000000000000000e+00	12
202	1.000000000000000e+00	20
203	1.000000000000000e+00	14
204	1.000000000000000e+00	20
205	1.000000000000000e+00	16
206	1.000000000000000e+00	20
207	1.000000000000000e+00	4
208	1.000000000000000e+00	14
209	1.000000000000000e+00	50
210	1.000000000000000e+00	26
211	1.000000000000000e+00	8
212	1.000000000000000e+00	22
213	1.000000000000000e+00	8
214	1.000000000000000e+00	8
215	1.000000000000000e+00	8
216	1.000000000000000e+00	4
217	1.000000000000000e+00	24
218	1.000000000000000e+00	6
219	1.000000000000000e+00	8
220	1.000000000000000e+00	26
221	1.000000000000000e+00	2
222	1.000000000000000e+00	2
223	1.000000000000000e+00	6
224	1.000000000000000e+00	4
225	1.000000000000000e+00	6
226	1.000000000000000e+00	2
227	1.000000000000000e+00	42
228	1.000000000000000e+00	4
229	1.000000000000000e+00	10
230	1.000000000000000e+00	10
231	1.000000000000000e+00	8
232	1.000000000000000e+00	4
233	1.000000000000000e+00	36
234	1.000000000000000e+00	12
235	1.000000000000000e+00	2
236	1.000000000000000e+00	10
237	1.000000000000000e+00	2
238	1.000000000000000e+00	12
239	1.000000000000000e+00	12
240	1.000000000000000e+00	2
241	1.000000000000000e+00	8
242	1.000000000000000e+00	12
243	1.000000000000000e+00	2
244	1.000000000000000e+00	6
245	1.000000000000000e+00	18
246	1.000000000000000e+00	6
247	1.000000000000000e+00	26
248	1.000000000000000e+00	10
249	1.000000000000000e+00	18
250	1.000000000000000e+00	16
251	1.000000000000000e+00	16
252	1.000000000000000e+00	18
253	1.000000000000000e+00	16
254	1.000000000000000e+00	28
255	1.000000000000000e+00	4
256	1.000000000000000e+00	10
257	1.000000000000000e+00	20
258	1.000000000000000e+00	14
259	1.000000000000000e+00	4
260	1.000000000000000e+00	8
261	1.000000000000000e+00	10
262	1.000000000000000e+00	12
263	1.000000000000000e+00	6
264	1.000000000000000e+00	34
265	1.000000000000000e+00	10
266	1.000000000000000e+00	2
267	1.000000000000000e+00	10
268	1.000000000000000e+00	16
269	1.000000000000000e+00	24
270	1.000000000000000e+00	26
271	1.000000000000000e+00	18
272	1.000000000000000e+00	2
273	1.000000000000000e+00	24
274	1.000000000000000e+00	4
275	1.000000000000000e+00	2
276	1.000000000000000e+00	4
277	1.000000000000000e+00	14
278	1.000000000000000e+00	30
279	1.000000000000000e+00	2
280	1.000000000000000e+00	6
281	1.000000000000000e+00	10
282	1.000000000000000e+00	2
283	1.000000000000000e+00	4
284	1.000000000000000e+00	6
285	1.000000000000000e+00	6
286	1.000000000000000e+00	2
287	1.000000000000000e+00	24
288	1.000000000000000e+00	4
289	1.000000000000000e+00	14
290	1.000000000000000e+00	6
291	1.000000000000000e+00	2
292	1.000000000000000e+00	4
293	1.000000000000000e+00	2
294	1.000000000000000e+00	8
295	1.000000000000000e+00	10
296	1.000000000000000e+00	8
297	1.000000000000000e+00	8
298	1.000000000000000e+00	2
299	1.000000000000000e+00	6
300	1.000000000000000e+00	8
301	1.000000000000000e+00	12
302	1.000000000000000e+00	8
303	1.000000000000000e+00	2
304	1.000000000000000e+00	16
305	1.000000000000000e+00	4
306	1.000000000000000e+00	24
307	1.000000000000000e+00	2
308	1.000000000000000e+00	8
309	1.000000000000000e+00	12
310	1.000000000000000e+00	22
311	1.000000000000000e+00	26
312	1.000000000000000e+00	32
313	1.000000000000000e+00	2
314	1.000000000000000e+00	20
315	1.000000000000000e+00	14
316	1.000000000000000e+00	14
317	1.000000000000000e+00	22
318	1.000000000000000e+00	4
319	1.000000000000000e+00	12
320	1.000000000000000e+00	6
321	1.000000000000000e+00	24
322	1.000000000000000e+00	6
323	1.000000000000000e+00	34
324	1.000000000000000e+00	12
325	1.000000000000000e+00	14
326	1.000000000000000e+00	38
327	1.000000000000000e+00	24
328	1.000000000000000e+00	20
329	1.000000000000000e+00	10
330	1.000000000000000e+00	10
331	1.000000000000000e+00	6
332	1.000000000000000e+00	16
333	1.000000000000000e+00	6
334	1.000000000000000e+00	60
335	1.000000000000000e+00	14
336	1.000000000000000e+00	26
337	1.000000000000000e+00	12
338	1.000000000000000e+00	6
339	1.000000000000000e+00	6
340	1.000000000000000e+00	10
341	1.000000000000000e+00	20
342	1.000000000000000e+00	8
343	1.000000000000000e+00	10
344	1.000000000000000e+00	8
345	1.000000000000000e+00	12
346	1.000000000000000e+00	12
347	1.000000000000000e+00	4
348	1.000000000000000e+00	26
349	1.000000000000000e+00	12
350	1.000000000000000e+00	6
351	1.000000000000000e+00	6
352	1.000000000000000e+00	16
353	1.000000000000000e+00	20
354	1.000000000000000e+00	2
355	1.000000000000000e+00	20
356	1.000000000000000e+00	6
357	1.000000000000000e+00	38
358	1.000000000000000e+00	4
359	1.000000000000000e+00	2
360	1.000000000000000e+00	12
361	1.000000000000000e+00	8
362	1.000000000000000e+00	16
363	1.000000000000000e+00	16
364	1.000000000000000e+00	2
365	1.000000000000000e+00	6
366	1.000000000000000e+00	16
367	1.000000000000000e+00	26
368	1.000000000000000e+00	12
369	1.000000000000000e+00	10
370	1.000000000000000e+00	16
371	1.000000000000000e+00	24
372	1.000000000000000e+00	20
373	1.000000000000000e+00	20
374	1.000000000000000e+00	10
375	1.000000000000000e+00	4
376	1.000000000000000e+00	14
377	1.000000000000000e+00	6
378	1.000000000000000e+00	4
379	1.000000000000000e+00	10
380	1.000000000000000e+00	28
381	1.000000000000000e+00	14
382	1.000000000000000e+00	8
383	1.000000000000000e+00	4
384	1.000000000000000e+00	16
385	1.000000000000000e+00	10
386	1.000000000000000e+00	4
387	1.000000000000000e+00	10
388	1.000000000000000e+00	2
389	1.000000000000000e+00	4
390	1.000000000000000e+00	8
391	1.000000000000000e+00	6
392	1.000000000000000e+00	26
393	1.000000000000000e+00	34
394	1.000000000000000e+00	4
395	1.000000000000000e+00	4
396	1.000000000000000e+00	16
397	1.000000000000000e+00	8
398	1.000000000000000e+00	14
399	1.000000000000000e+00	6
400	1.000000000000000e+00	6
401	1.000000000000000e+00	8
402	1.000000000000000e+00	6
403	1.000000000000000e+00	2
404	1.000000000000000e+00	2
405	1.000000000000000e+00	8
406	1.000000000000000e+00	8
407	1.000000000000000e+00	4
408	1.000000000000000e+00	12
409	1.000000000000000e+00	4
410	1.000000000000000e+00	16
411	1.000000000000000e+00	30
412	1.000000000000000e+00	26
413	1.000000000000000e+00	8
414	1.000000000000000e+00	10
415	1.000000000000000e+00	4
416	1.000000000000000e+00	6
417	1.000000000000000e+00	10
418	1.000000000000000e+00	2
419	1.000000000000000e+00	12
420	1.000000000000000e+00	2
421	1.000000000000000e+00	4
422	1.000000000000000e+00	14
423	1.000000000000000e+00	12
424	1.000000000000000e+00	2
425	1.000000000000000e+00	14
426	1.000000000000000e+00	16
427	1.000000000000000e+00	10
428	1.000000000000000e+00	10
429	1.000000000000000e+00	4
430	1.000000000000000e+00	8
431	1.000000000000000e+00	22
432	1.000000000000000e+00	4
433	1.000000000000000e+00	22
434	1.000000000000000e+00	28
435	1.000000000000000e+00	6
436	1.000000000000000e+00	6
437	1.000000000000000e+00	22
438	1.000000000000000e+00	6
439	1.000000000000000e+00	18
440	1.000000000000000e+00	10
441	1.000000000000000e+00	4
442	1.000000000000000e+00	8
443	1.000000000000000e+00	4
444	1.000000000000000e+00	22
445	1.000000000000000e+00	16
446	1.000000000000000e+00	72
447	1.000000000000000e+00	20
448	1.000000000000000e+00	8
449	1.000000000000000e+00	6
450	1.000000000000000e+00	4
451	1.000000000000000e+00	2
452	1.000000000000000e+00	6
453	1.000000000000000e+00	6
454	1.000000000000000e+00	58
455	1.000000000000000e+00	4
456	1.000000000000000e+00	6
457	1.000000000000000e+00	2
458	1.000000000000000e+00	16
459	1.000000000000000e+00	8
460	1.000000000000000e+00	8
461	1.000000000000000e+00	32
462	1.000000000000000e+00	6
463	1.000000000000000e+00	24
464	1.000000000000000e+00	4
465	1.000000000000000e+00	4
466	1.000000000000000e+00	8
467	1.000000000000000e+00	32
468	1.000000000000000e+00	36
469	1.000000000000000e+00	30
470	1.000000000000000e+00	16
471	1.000000000000000e+00	4
472	1.000000000000000e+00	10
473	1.000000000000000e+00	38
474	1.000000000000000e+00	4
475	1.000000000000000e+00	4
476	1.000000000000000e+00	16
477	1.000000000000000e+00	2
478	1.000000000000000e+00	10
479	1.000000000000000e+00	10
480	1.000000000000000e+00	8
481	1.000000000000000e+00	10
482	1.000000000000000e+00	2
483	1.000000000000000e+00	56
484	1.000000000000000e+00	18
485	1.000000000000000e+00	20
486	1.000000000000000e+00	8
487	1.000000000000000e+00	36
488	1.000000000000000e+00	4
489	1.000000000000000e+00	48
490	1.000000000000000e+00	14
491	9.500080364272923e-01	294
492	8.999909610361293e-01	240
493	8.499807966117369e-01	240
494	7.999719129425444e-01	230
495	7.499798000488976e-01	352
496	6.999807201045131e-01	332
497	6.499887748389633e-01	318
498	5.999825209345929e-01	290
499	5.499877444086536e-01	326
500	4.999955040983494e-01	308
501	5.499997966625860e-01	296
502	5.999939224096137e-01	242
503	6.499832899093164e-01	312
504	6.999867243238108e-01	322
505	7.499929628964057e-01	202
506	7.999887947863621e-01	294
507	8.499978921602642e-01	318
508	9.000001386457340e-01	324
509	9.500123355227561e-01	256
510	9.000269430432969e-01	182
511	8.500380751332776e-01	316
512	8.000264455986269e-01	298
513	7.500332487610235e-01	334
514	8.000208572408524e-01	314
515	8.500311144946893e-01	210
516	9.000352112646408e-01	316
517	9.500551831626605e-01	278
518	1.000000000000000e+00	1000
519	1.000000000000000e+00	24
520	1.000000000000000e+00	4
521	1.000000000000000e+00	4
522	1.000000000000000e+00	6
523	1.000000000000000e+00	10
524	1.000000000000000e+00	6
525	1.000000000000000e+00	16
526	1.000000000000000e+00	8
527	1.000000000000000e+00	2
528	1.000000000000000e+00	6
529	1.000000000000000e+00	12
530	1.000000000000000e+00	8
531	1.000000000000000e+00	2
532	1.000000000000000e+00	4
533	1.000000000000000e+00	8
534	1.000000000000000e+00	30
535	1.000000000000000e+00	2
536	1.000000000000000e+00	6
537	1.000000000000000e+00	32
538	1.000000000000000e+00	6
539	1.000000000000000e+00	4
540	1.000000000000000e+00	20
541	1.000000000000000e+00	6
542	1.000000000000000e+00	14
543	1.000000000000000e+00	10
544	1.000000000000000e+00	8
545	1.000000000000000e+00	6
546	1.000000000000000e+00	8
547	1.000000000000000e+00	4
548	1.000000000000000e+00	24
549	1.000000000000000e+00	16
550	1.000000000000000e+00	10
551	1.000000000000000e+00	10
552	1.000000000000000e+00	10
553	1.000000000000000e+00	8
554	1.000000000000000e+00	6
555	1.000000000000000e+00	20
556	1.000000000000000e+00	18
557	1.000000000000000e+00	32
558	1.000000000000000e+00	18
559	1.000000000000000e+00	22
560	1.000000000000000e+00	24
561	1.000000000000000e+00	20
562	1.000000000000000e+00	8
563	1.000000000000000e+00	10
564	1.000000000000000e+00	14
565	1.000000000000000e+00	6
566	1.000000000000000e+00	4
567	1.000000000000000e+00	12
568	1.000000000000000e+00	4
569	1.000000000000000e+00	4
570	1.000000000000000e+00	12
571	1.000000000000000e+00	2
572	1.000000000000000e+00	26
573	1.000000000000000e+00	2
574	1.000000000000000e+00	10
575	1.000000000000000e+00	18
576	1.000000000000000e+00	10
577	1.000000000000000e+00	18
578	1.000000000000000e+00	4
579	1.000000000000000e+00	8
580	1.000000000000000e+00	32
581	1.000000000000000e+00	24
582	1.000000000000000e+00	20
583	1.000000000000000e+00	14
584	1.000000000000000e+00	4
585	1.000000000000000e+00	62
586	1.000000000000000e+00	2
587	1.000000000000000e+00	16
588	1.000000000000000e+00	14
589	1.000000000000000e+00	30
590	1.000000000000000e+00	8
591	1.000000000000000e+00	10
592	1.000000000000000e+00	6
593	1.000000000000000e+00	32
594	1.000000000000000e+00	6
595	1.000000000000000e+00	8
596	1.000000000000000e+00	20
597	1.000000000000000e+00	2
598	1.000000000000000e+00	20
599	1.000000000000000e+00	2
600	1.000000000000000e+00	26
601	1.000000000000000e+00	2
602	1.000000000000000e+00	6
603	1.000000000000000e+00	2
604	1.000000000000000e+00	30
605	1.000000000000000e+00	16
606	1.000000000000000e+00	10
607	1.000000000000000e+00	8
608	1.000000000000000e+00	28
609	1.000000000000000e+00	10
610	1.000000000000000e+00	42
611	1.000000000000000e+00	10
612	1.000000000000000e+00	4
613	1.000000000000000e+00	18
614	1.000000000000000e+00	42
615	1.000000000000000e+00	2
616	1.000000000000000e+00	10
617	1.000000000000000e+00	20
618	1.000000000000000e+00	6
619	1.000000000000000e+00	20
620	1.000000000000000e+00	14
621	1.000000000000000e+00	8
622	1.000000000000000e+00	4
623	1.000000000000000e+00	14
624	1.000000000000000e+00	4
625	1.000000000000000e+00	60
626	1.000000000000000e+00	10
627	1.000000000000000e+00	68
628	1.000000000000000e+00	16
629	1.000000000000000e+00	16
630	1.000000000000000e+00	2
631	1.000000000000000e+00	18
632	1.000000000000000e+00	8
633	1.000000000000000e+00	6
634	1.000000000000000e+00	8
635	1.000000000000000e+00	72
636	1.000000000000000e+00	6
637	1.000000000000000e+00	18
638	1.000000000000000e+00	4
639	1.000000000000000e+00	2
640	1.000000000000000e+00	2
641	1.000000000000000e+00	32
642	1.000000000000000e+00	2
643	1.000000000000000e+00	4
644	1.000000000000000e+00	24
645	1.000000000000000e+00	8
646	1.000000000000000e+00	28
647	1.000000000000000e+00	16
648	1.000000000000000e+00	10
649	1.000000000000000e+00	14
650	1.000000000000000e+00	18
651	1.000000000000000e+00	22
652	1.000000000000000e+00	2
653	1.000000000000000e+00	2
654	1.000000000000000e+00	12
655	1.000000000000000e+00	30
656	1.000000000000000e+00	34
657	1.000000000000000e+00	24
658	1.000000000000000e+00	8
659	1.000000000000000e+00	10
660	1.000000000000000e+00	18
661	1.000000000000000e+00	14
662	1.000000000000000e+00	12
663	1.000000000000000e+00	2
664	1.000000000000000e+00	8
665	1.000000000000000e+00	10
666	1.000000000000000e+00	6
667	1.000000000000000e+00	48
668	1.000000000000000e+00	16
669	1.000000000000000e+00	26
670	1.000000000000000e+00	8
671	1.000000000000000e+00	4
672	1.000000000000000e+00	10
673	1.000000000000000e+00	10
674	1.000000000000000e+00	14
675	1.000000000000000e+00	4
676	1.000000000000000e+00	18
677	1.000000000000000e+00	14
678	1.000000000000000e+00	6
679	1.000000000000000e+00	16
680	1.000000000000000e+00	4
681	1.000000000000000e+00	30
682	1.000000000000000e+00	32
683	1.000000000000000e+00	4
684	1.000000000000000e+00	20
685	1.000000000000000e+00	10
686	1.000000000000000e+00	4
687	1.000000000000000e+00	12
688	1.000000000000000e+00	4
689	1.000000000000000e+00	6
690	1.000000000000000e+00	6
691	1.000000000000000e+00	14
692	1.000000000000000e+00	2
693	1.000000000000000e+00	14
694	1.000000000000000e+00	16
695	1.000000000000000e+00	4
696	1.000000000000000e+00	6
697	1.000000000000000e+00	6
698	1.000000000000000e+00	18
699	1.000000000000000e+00	8
700	1.000000000000000e+00	2
701	1.000000000000000e+00	8
702	1.000000000000000e+00	16
703	1.000000000000000e+00	22
704	1.000000000000000e+00	2
705	1.000000000000000e+00	10
706	1.000000000000000e+00	10
707	1.000000000000000e+00	10
708	1.000000000000000e+00	10
709	1.000000000000000e+00	6
710	1.000000000000000e+00	22
711	1.000000000000000e+00	2
712	1.000000000000000e+00	4
713	1.000000000000000e+00	4
714	1.000000000000000e+00	2
715	1.000000000000000e+00	14
716	1.000000000000000e+00	44
717	1.000000000000000e+00	12
718	1.000000000000000e+00	10
719	1.000000000000000e+00	16
720	1.000000000000000e+00	30
721	1.000000000000000e+00	12
722	1.000000000000000e+00	8
723	1.000000000000000e+00	2
724	1.000000000000000e+00	14
725	1.000000000000000e+00	2
726	1.000000000000000e+00	16
727	1.000000000000000e+00	12
728	1.000000000000000e+00	16
729	1.000000000000000e+00	6
730	1.000000000000000e+00	4
731	1.000000000000000e+00	2
732	1.000000000000000e+00	28
733	1.000000000000000e+00	2
734	1.000000000000000e+00	10
735	1.000000000000000e+00	24
736	1.000000000000000e+00	6
737	1.000000000000000e+00	6
738	1.000000000000000e+00	4
739	1.000000000000000e+00	8
740	1.000000000000000e+00	4
741	1.000000000000000e+00	20
742	1.000000000000000e+00	20
743	1.000000000000000e+00	2
744	1.000000000000000e+00	14
745	1.000000000000000e+00	24
746	1.000000000000000e+00	2
747	1.000000000000000e+00	4
748	1.000000000000000e+00	2
749	1.000000000000000e+00	4
750	1.000000000000000e+00	2
751	1.000000000000000e+00	10
752	1.000000000000000e+00	10
753	1.000000000000000e+00	28
754	1.000000000000000e+00	2
755	1.000000000000000e+00	6
756	1.000000000000000e+00	12
757	1.000000000000000e+00	10
758	1.000000000000000e+00	4
759	1.000000000000000e+00	2
760	1.000000000000000e+00	8
761	1.000000000000000e+00	12
762	1.000000000000000e+00	2
763	1.000000000000000e+00	8
764	1.000000000000000e+00	4
765	1.000000000000000e+00	6
766	1.000000000000000e+00	24
767	1.000000000000000e+00	10
768	1.000000000000000e+00	6
769	1.000000000000000e+00	2
770	1.000000000000000e+00	28
771	1.000000000000000e+00	8
772	1.000000000000000e+00	22
773	1.000000000000000e+00	6
774	1.000000000000000e+00	18
775	1.000000000000000e+00	18
776	1.000000000000000e+00	12
777	1.000000000000000e+00	6
778	1.000000000000000e+00	6
779	1.000000000000000e+00	22
780	1.000000000000000e+00	46
781	1.000000000000000e+00	20
782	1.000000000000000e+00	6
783	1.000000000000000e+00	8
784	1.000000000000000e+00	10
785	1.000000000000000e+00	10
786	1.000000000000000e+00	14
787	1.000000000000000e+00	24
788	1.000000000000000e+00	8
789	1.000000000000000e+00	8
790	1.000000000000000e+00	10
791	1.000000000000000e+00	12
792	1.000000000000000e+00	8
793	1.000000000000000e+00	12
794	1.000000000000000e+00	22
795	1.000000000000000e+00	4
796	1.000000000000000e+00	22
797	1.000000000000000e+00	30
798	1.000000000000000e+00	10
799	1.000000000000000e+00	28
800	1.000000000000000e+00	22
801	1.000000000000000e+00	6
802	1.000000000000000e+00	4
803	1.000000000000000e+00	22
804	1.000000000000000e+00	2
805	1.000000000000000e+00	24
806	1.000000000000000e+00	8
807	1.000000000000000e+00	20
808	1.000000000000000e+00	2
809	1.000000000000000e+00	12
810	1.000000000000000e+00	28
811	1.000000000000000e+00	30
812	1.000000000000000e+00	4
813	1.000000000000000e+00	4
814	1.000000000000000e+00	2
815	1.000000000000000e+00	14
816	1.000000000000000e+00	20
817	1.000000000000000e+00	16
818	1.000000000000000e+00	16
819	1.000000000000000e+00	14
820	1.000000000000000e+00	2
821	1.000000000000000e+00	18
822	1.000000000000000e+00	4
823	1.000000000000000e+00	28
824	1.000000000000000e+00	10
825	1.000000000000000e+00	26
826	1.000000000000000e+00	10
827	1.000000000000000e+00	12
828	1.000000000000000e+00	4
829	1.000000000000000e+00	4
830	1.000000000000000e+00	8
831	1.000000000000000e+00	2
832	1.000000000000000e+00	6
833	1.000000000000000e+00	6
834	1.000000000000000e+00	6
835	1.000000000000000e+00	20
836	1.000000000000000e+00	6
837	1.000000000000000e+00	12
838	1.000000000000000e+00	4
839	1.000000000000000e+00	14
840	1.000000000000000e+00	6
841	1.000000000000000e+00	2
842	1.000000000000000e+00	4
843	1.000000000000000e+00	18
844	1.000000000000000e+00	16
845	1.000000000000000e+00	8
846	1.000000000000000e+00	8
847	1.000000000000000e+00	10
848	1.000000000000000e+00	70
849	1.000000000000000e+00	8
850	1.000000000000000e+00	10
851	1.000000000000000e+00	2
852	1.000000000000000e+00	14
853	1.000000000000000e+00	4
854	1.000000000000000e+00	10
855	1.000000000000000e+00	4
856	1.000000000000000e+00	10
857	1.000000000000000e+00	20
858	1.000000000000000e+00	14
859	1.000000000000000e+00	2
860	1.000000000000000e+00	10
861	1.000000000000000e+00	12
862	1.000000000000000e+00	4
863	1.000000000000000e+00	16
864	1.000000000000000e+00	6
865	1.000000000000000e+00	18
866	1.000000000000000e+00	24
867	1.000000000000000e+00	2
868	1.000000000000000e+00	16
869	1.000000000000000e+00	8
870	1.000000000000000e+00	2
871	1.000000000000000e+00	12
872	1.000000000000000e+00	16
873	1.000000000000000e+00	2
874	1.000000000000000e+00	14
875	1.000000000000000e+00	24
876	1.000000000000000e+00	24
877	1.000000000000000e+00	8
878	1.000000000000000e+00	12
879	1.000000000000000e+00	2
880	1.000000000000000e+00	4
881	1.000000000000000e+00	26
882	1.000000000000000e+00	6
883	1.000000000000000e+00	8
884	1.000000000000000e+00	10
885	1.000000000000000e+00	12
886	1.000000000000000e+00	36
887	1.000000000000000e+00	4
888	1.000000000000000e+00	10
889	1.000000000000000e+00	20
890	1.000000000000000e+00	10
891	1.000000000000000e+00	2
892	1.000000000000000e+00	8
893	1.000000000000000e+00	4
894	1.000000000000000e+00	6
895	1.000000000000000e+00	34
896	1.000000000000000e+00	10
897	1.000000000000000e+00	12
898	1.000000000000000e+00	42
899	1.000000000000000e+00	12
900	1.000000000000000e+00	4
901	1.000000000000000e+00	8
902	1.000000000000000e+00	12
903	1.000000000000000e+00	12
904	1.000000000000000e+00	20
905	1.000000000000000e+00	12
906	1.000000000000000e+00	8
907	1.000000000000000e+00	12
908	1.000000000000000e+00	2
909	1.000000000000000e+00	8
910	1.000000000000000e+00	26
911	1.000000000000000e+00	12
912	1.000000000000000e+00	18
913	1.000000000000000e+00	8
914	1.000000000000000e+00	14
915	1.000000000000000e+00	30
916	1.000000000000000e+00	8
917	1.000000000000000e+00	6
918	1.000000000000000e+00	42
919	1.000000000000000e+00	2
920	1.000000000000000e+00	30
921	1.000000000000000e+00	12
922	1.000000000000000e+00	28
923	1.000000000000000e+00	22
924	1.000000000000000e+00	14
925	1.000000000000000e+00	22
926	1.000000000000000e+00	4
927	1.000000000000000e+00	10
928	1.000000000000000e+00	26
929	1.000000000000000e+00	14
930	1.000000000000000e+00	48
931	1.000000000000000e+00	24
932	1.000000000000000e+00	20
933	1.000000000000000e+00	22
934	1.000000000000000e+00	6
935	1.000000000000000e+00	30
936	1.000000000000000e+00	16
937	1.000000000000000e+00	2
938	1.000000000000000e+00	10
939	1.000000000000000e+00	12
940	1.000000000000000e+00	6
941	1.000000000000000e+00	16
942	1.000000000000000e+00	18
943	1.000000000000000e+00	6
944	1.000000000000000e+00	22
945	1.000000000000000e+00	4
946	1.000000000000000e+00	36
947	1.000000000000000e+00	2
948	1.000000000000000e+00	26
949	1.000000000000000e+00	4
950	1.000000000000000e+00	6
951	1.000000000000000e+00	22
952	1.000000000000000e+00	14
953	1.000000000000000e+00	10
954	1.000000000000000e+00	28
955	1.000000000000000e+00	4
956	1.000000000000000e+00	24
957	1.000000000000000e+00	18
958	1.000000000000000e+00	6
959	1.000000000000000e+00	20
960	1.000000000000000e+00	10
961	1.000000000000000e+00	10
962	1.000000000000000e+00	14
963	1.000000000000000e+00	10
964	1.000000000000000e+00	2
965	1.000000000000000e+00	4
966	1.000000000000000e+00	26
967	1.000000000000000e+00	6
968	1.000000000000000e+00	28
969	1.000000000000000e+00	2
970	1.000000000000000e+00	8
971	1.000000000000000e+00	12
972	1.000000000000000e+00	12
973	1.000000000000000e+00	14
974	1.000000000000000e+00	4
975	1.000000000000000e+00	4
976	1.000000000000000e+00	12
977	1.000000000000000e+00	32
978	1.000000000000000e+00	2
979	1.000000000000000e+00	30
980	1.000000000000000e+00	8
981	1.000000000000000e+00	6
982	1.000000000000000e+00	16
983	1.000000000000000e+00	10
984	1.000000000000000e+00	6
985	1.000000000000000e+00	18
986	1.000000000000000e+00	20
987	1.000000000000000e+00	10
988	1.000000000000000e+00	4
989	1.000000000000000e+00	8
990	1.000000000000000e+00	8
991	1.000000000000000e+00	46
992	1.000000000000000e+00	12
993	1.000000000000000e+00	4
994	1.000000000000000e+00	18
995	1.000000000000000e+00	22
996	1.000000000000000e+00	18
997	1.000000000000000e+00	14
998	1.000000000000000e+00	16
999	1.000000000000000e+00	20
1000	1.000000000000000e+00	2


Tempo gasto: 7.253320
