Método usado: LUUS JAAKOLA

POSIÇÃO	ÁREA(mm²)	CUSTO

1	1.000000000000000e+00	6
2	1.000000000000000e+00	4
3	1.000000000000000e+00	2
4	1.000000000000000e+00	2
5	1.000000000000000e+00	8
6	1.000000000000000e+00	8
7	1.000000000000000e+00	8
8	1.000000000000000e+00	18
9	1.000000000000000e+00	32
10	1.000000000000000e+00	2
11	1.000000000000000e+00	4
12	1.000000000000000e+00	8
13	1.000000000000000e+00	10
14	1.000000000000000e+00	16
15	1.000000000000000e+00	2
16	1.000000000000000e+00	14
17	1.000000000000000e+00	48
18	1.000000000000000e+00	56
19	1.000000000000000e+00	4
20	1.000000000000000e+00	46
21	1.000000000000000e+00	18
22	1.000000000000000e+00	2
23	1.000000000000000e+00	2
24	1.000000000000000e+00	8
25	1.000000000000000e+00	22
26	1.000000000000000e+00	8
27	1.000000000000000e+00	24
28	1.000000000000000e+00	12
29	1.000000000000000e+00	8
30	1.000000000000000e+00	26
31	1.000000000000000e+00	20
32	1.000000000000000e+00	38
33	1.000000000000000e+00	4
34	1.000000000000000e+00	24
35	1.000000000000000e+00	6
36	1.000000000000000e+00	18
37	1.000000000000000e+00	12
38	1.000000000000000e+00	16
39	1.000000000000000e+00	6
40	1.000000000000000e+00	8
41	1.000000000000000e+00	14
42	1.000000000000000e+00	34
43	1.000000000000000e+00	16
44	1.000000000000000e+00	4
45	1.000000000000000e+00	8
46	1.000000000000000e+00	8
47	1.000000000000000e+00	2
48	1.000000000000000e+00	10
49	1.000000000000000e+00	16
50	1.000000000000000e+00	8
51	1.000000000000000e+00	8
52	1.000000000000000e+00	28
53	1.000000000000000e+00	16
54	1.000000000000000e+00	2
55	1.000000000000000e+00	20
56	1.000000000000000e+00	10
57	1.000000000000000e+00	4
58	1.000000000000000e+00	2
59	1.000000000000000e+00	10
60	1.000000000000000e+00	8
61	1.000000000000000e+00	24
62	1.000000000000000e+00	2
63	1.000000000000000e+00	6
64	1.000000000000000e+00	6
65	1.000000000000000e+00	8
66	1.000000000000000e+00	12
67	1.000000000000000e+00	2
68	1.000000000000000e+00	2
69	1.000000000000000e+00	2
70	1.000000000000000e+00	4
71	1.000000000000000e+00	38
72	1.000000000000000e+00	6
73	1.000000000000000e+00	26
74	1.000000000000000e+00	6
75	1.000000000000000e+00	4
76	1.000000000000000e+00	6
77	1.000000000000000e+00	4
78	1.000000000000000e+00	8
79	1.000000000000000e+00	4
80	1.000000000000000e+00	4
81	1.000000000000000e+00	14
82	1.000000000000000e+00	44
83	1.000000000000000e+00	4
84	1.000000000000000e+00	14
85	1.000000000000000e+00	6
86	1.000000000000000e+00	8
87	1.000000000000000e+00	2
88	1.000000000000000e+00	10
89	1.000000000000000e+00	24
90	1.000000000000000e+00	8
91	1.000000000000000e+00	36
92	1.000000000000000e+00	12
93	1.000000000000000e+00	6
94	1.000000000000000e+00	8
95	1.000000000000000e+00	8
96	1.000000000000000e+00	6
97	1.000000000000000e+00	20
98	1.000000000000000e+00	14
99	1.000000000000000e+00	8
100	1.000000000000000e+00	12
101	1.000000000000000e+00	6
102	1.000000000000000e+00	6
103	1.000000000000000e+00	6
104	1.000000000000000e+00	2
105	1.000000000000000e+00	4
106	1.000000000000000e+00	18
107	1.000000000000000e+00	6
108	1.000000000000000e+00	4
109	1.000000000000000e+00	10
110	1.000000000000000e+00	12
111	1.000000000000000e+00	8
112	1.000000000000000e+00	2
113	1.000000000000000e+00	4
114	1.000000000000000e+00	2
115	1.000000000000000e+00	2
116	1.000000000000000e+00	16
117	1.000000000000000e+00	12
118	1.000000000000000e+00	4
119	1.000000000000000e+00	14
120	1.000000000000000e+00	44
121	1.000000000000000e+00	18
122	1.000000000000000e+00	18
123	1.000000000000000e+00	24
124	1.000000000000000e+00	8
125	1.000000000000000e+00	12
126	1.000000000000000e+00	8
127	1.000000000000000e+00	14
128	1.000000000000000e+00	6
129	1.000000000000000e+00	24
130	1.000000000000000e+00	6
131	1.000000000000000e+00	2
132	1.000000000000000e+00	24
133	1.000000000000000e+00	6
134	1.000000000000000e+00	44
135	1.000000000000000e+00	8
136	1.000000000000000e+00	22
137	1.000000000000000e+00	2
138	1.000000000000000e+00	34
139	1.000000000000000e+00	6
140	1.000000000000000e+00	24
141	1.000000000000000e+00	4
142	1.000000000000000e+00	12
143	1.000000000000000e+00	2
144	1.000000000000000e+00	14
145	1.000000000000000e+00	8
146	1.000000000000000e+00	2
147	1.000000000000000e+00	12
148	1.000000000000000e+00	18
149	1.000000000000000e+00	38
150	1.000000000000000e+00	6
151	1.000000000000000e+00	4
152	1.000000000000000e+00	10
153	1.000000000000000e+00	10
154	1.000000000000000e+00	4
155	1.000000000000000e+00	6
156	1.000000000000000e+00	34
157	1.000000000000000e+00	6
158	1.000000000000000e+00	14
159	1.000000000000000e+00	10
160	1.000000000000000e+00	6
161	1.000000000000000e+00	4
162	1.000000000000000e+00	6
163	1.000000000000000e+00	2
164	1.000000000000000e+00	4
165	1.000000000000000e+00	8
166	1.000000000000000e+00	18
167	1.000000000000000e+00	16
168	1.000000000000000e+00	6
169	1.000000000000000e+00	4
170	1.000000000000000e+00	14
171	1.000000000000000e+00	8
172	1.000000000000000e+00	24
173	1.000000000000000e+00	12
174	1.000000000000000e+00	14
175	1.000000000000000e+00	10
176	1.000000000000000e+00	36
177	1.000000000000000e+00	6
178	1.000000000000000e+00	16
179	1.000000000000000e+00	10
180	1.000000000000000e+00	6
181	1.000000000000000e+00	32
182	1.000000000000000e+00	2
183	1.000000000000000e+00	10
184	1.000000000000000e+00	30
185	1.000000000000000e+00	4
186	1.000000000000000e+00	28
187	1.000000000000000e+00	8
188	1.000000000000000e+00	4
189	1.000000000000000e+00	14
190	1.000000000000000e+00	14
191	1.000000000000000e+00	30
192	1.000000000000000e+00	38
193	1.000000000000000e+00	14
194	1.000000000000000e+00	14
195	1.000000000000000e+00	32
196	1.000000000000000e+00	6
197	1.000000000000000e+00	4
198	1.000000000000000e+00	20
199	1.000000000000000e+00	4
200	1.000000000000000e+00	10
201	1.000000000000000e+00	16
202	1.000000000000000e+00	4
203	1.000000000000000e+00	18
204	1.000000000000000e+00	2
205	1.000000000000000e+00	4
206	1.000000000000000e+00	12
207	1.000000000000000e+00	2
208	1.000000000000000e+00	28
209	1.000000000000000e+00	2
210	1.000000000000000e+00	10
211	1.000000000000000e+00	4
212	1.000000000000000e+00	2
213	1.000000000000000e+00	14
214	1.000000000000000e+00	8
215	1.000000000000000e+00	8
216	1.000000000000000e+00	2
217	1.000000000000000e+00	16
218	1.000000000000000e+00	12
219	1.000000000000000e+00	4
220	1.000000000000000e+00	8
221	1.000000000000000e+00	4
222	1.000000000000000e+00	2
223	1.000000000000000e+00	8
224	1.000000000000000e+00	4
225	1.000000000000000e+00	12
226	1.000000000000000e+00	6
227	1.000000000000000e+00	12
228	1.000000000000000e+00	4
229	1.000000000000000e+00	8
230	1.000000000000000e+00	48
231	1.000000000000000e+00	18
232	1.000000000000000e+00	16
233	1.000000000000000e+00	2
234	1.000000000000000e+00	10
235	1.000000000000000e+00	4
236	1.000000000000000e+00	14
237	1.000000000000000e+00	80
238	1.000000000000000e+00	6
239	1.000000000000000e+00	10
240	1.000000000000000e+00	10
241	1.000000000000000e+00	4
242	1.000000000000000e+00	2
243	1.000000000000000e+00	2
244	1.000000000000000e+00	8
245	1.000000000000000e+00	18
246	1.000000000000000e+00	8
247	1.000000000000000e+00	18
248	1.000000000000000e+00	6
249	1.000000000000000e+00	2
250	1.000000000000000e+00	16
251	1.000000000000000e+00	58
252	1.000000000000000e+00	2
253	1.000000000000000e+00	14
254	1.000000000000000e+00	4
255	1.000000000000000e+00	14
256	1.000000000000000e+00	12
257	1.000000000000000e+00	28
258	1.000000000000000e+00	12
259	1.000000000000000e+00	2
260	1.000000000000000e+00	28
261	1.000000000000000e+00	8
262	1.000000000000000e+00	12
263	1.000000000000000e+00	10
264	1.000000000000000e+00	4
265	1.000000000000000e+00	16
266	1.000000000000000e+00	20
267	1.000000000000000e+00	20
268	1.000000000000000e+00	14
269	1.000000000000000e+00	10
270	1.000000000000000e+00	2
271	1.000000000000000e+00	14
272	1.000000000000000e+00	18
273	1.000000000000000e+00	4
274	1.000000000000000e+00	24
275	1.000000000000000e+00	16
276	1.000000000000000e+00	14
277	1.000000000000000e+00	8
278	1.000000000000000e+00	10
279	1.000000000000000e+00	8
280	1.000000000000000e+00	8
281	1.000000000000000e+00	6
282	1.000000000000000e+00	22
283	1.000000000000000e+00	2
284	1.000000000000000e+00	4
285	1.000000000000000e+00	18
286	1.000000000000000e+00	4
287	1.000000000000000e+00	8
288	1.000000000000000e+00	10
289	1.000000000000000e+00	4
290	1.000000000000000e+00	18
291	1.000000000000000e+00	2
292	1.000000000000000e+00	18
293	1.000000000000000e+00	24
294	1.000000000000000e+00	2
295	1.000000000000000e+00	22
296	1.000000000000000e+00	16
297	1.000000000000000e+00	4
298	1.000000000000000e+00	8
299	1.000000000000000e+00	6
300	1.000000000000000e+00	6
301	1.000000000000000e+00	6
302	1.000000000000000e+00	16
303	1.000000000000000e+00	12
304	1.000000000000000e+00	4
305	1.000000000000000e+00	88
306	1.000000000000000e+00	12
307	1.000000000000000e+00	8
308	1.000000000000000e+00	4
309	1.000000000000000e+00	44
310	1.000000000000000e+00	14
311	1.000000000000000e+00	4
312	1.000000000000000e+00	26
313	1.000000000000000e+00	8
314	1.000000000000000e+00	10
315	1.000000000000000e+00	14
316	1.000000000000000e+00	10
317	1.000000000000000e+00	20
318	1.000000000000000e+00	16
319	1.000000000000000e+00	26
320	1.000000000000000e+00	2
321	1.000000000000000e+00	10
322	1.000000000000000e+00	8
323	1.000000000000000e+00	2
324	1.000000000000000e+00	2
325	1.000000000000000e+00	8
326	1.000000000000000e+00	12
327	1.000000000000000e+00	14
328	1.000000000000000e+00	6
329	1.000000000000000e+00	2
330	1.000000000000000e+00	12
331	1.000000000000000e+00	2
332	1.000000000000000e+00	10
333	1.000000000000000e+00	16
334	1.000000000000000e+00	18
335	1.000000000000000e+00	34
336	1.000000000000000e+00	6
337	1.000000000000000e+00	46
338	1.000000000000000e+00	2
339	1.000000000000000e+00	10
340	1.000000000000000e+00	8
341	1.000000000000000e+00	8
342	1.000000000000000e+00	22
343	1.000000000000000e+00	30
344	1.000000000000000e+00	10
345	1.000000000000000e+00	2
346	1.000000000000000e+00	42
347	1.000000000000000e+00	2
348	1.000000000000000e+00	6
349	1.000000000000000e+00	14
350	1.000000000000000e+00	8
351	1.000000000000000e+00	8
352	1.000000000000000e+00	10
353	1.000000000000000e+00	4
354	1.000000000000000e+00	12
355	1.000000000000000e+00	6
356	1.000000000000000e+00	16
357	1.000000000000000e+00	2
358	1.000000000000000e+00	2
359	1.000000000000000e+00	34
360	1.000000000000000e+00	10
361	1.000000000000000e+00	4
362	1.000000000000000e+00	6
363	1.000000000000000e+00	8
364	1.000000000000000e+00	12
365	1.000000000000000e+00	2
366	1.000000000000000e+00	2
367	1.000000000000000e+00	6
368	1.000000000000000e+00	8
369	1.000000000000000e+00	2
370	1.000000000000000e+00	6
371	1.000000000000000e+00	10
372	1.000000000000000e+00	8
373	1.000000000000000e+00	32
374	1.000000000000000e+00	8
375	1.000000000000000e+00	4
376	1.000000000000000e+00	6
377	1.000000000000000e+00	6
378	1.000000000000000e+00	8
379	1.000000000000000e+00	10
380	1.000000000000000e+00	20
381	1.000000000000000e+00	18
382	1.000000000000000e+00	18
383	1.000000000000000e+00	4
384	1.000000000000000e+00	4
385	1.000000000000000e+00	2
386	1.000000000000000e+00	24
387	1.000000000000000e+00	34
388	1.000000000000000e+00	14
389	1.000000000000000e+00	4
390	1.000000000000000e+00	8
391	1.000000000000000e+00	8
392	1.000000000000000e+00	20
393	1.000000000000000e+00	8
394	1.000000000000000e+00	2
395	1.000000000000000e+00	10
396	1.000000000000000e+00	18
397	1.000000000000000e+00	14
398	1.000000000000000e+00	10
399	1.000000000000000e+00	8
400	1.000000000000000e+00	12
401	1.000000000000000e+00	6
402	1.000000000000000e+00	2
403	1.000000000000000e+00	20
404	1.000000000000000e+00	6
405	1.000000000000000e+00	6
406	1.000000000000000e+00	8
407	1.000000000000000e+00	6
408	1.000000000000000e+00	8
409	1.000000000000000e+00	10
410	1.000000000000000e+00	10
411	1.000000000000000e+00	6
412	1.000000000000000e+00	12
413	1.000000000000000e+00	30
414	1.000000000000000e+00	2
415	1.000000000000000e+00	14
416	1.000000000000000e+00	8
417	1.000000000000000e+00	6
418	1.000000000000000e+00	58
419	1.000000000000000e+00	34
420	1.000000000000000e+00	8
421	1.000000000000000e+00	4
422	1.000000000000000e+00	16
423	1.000000000000000e+00	16
424	1.000000000000000e+00	4
425	1.000000000000000e+00	28
426	1.000000000000000e+00	6
427	1.000000000000000e+00	16
428	1.000000000000000e+00	10
429	1.000000000000000e+00	10
430	1.000000000000000e+00	6
431	1.000000000000000e+00	32
432	1.000000000000000e+00	16
433	1.000000000000000e+00	8
434	1.000000000000000e+00	6
435	1.000000000000000e+00	24
436	1.000000000000000e+00	2
437	1.000000000000000e+00	24
438	1.000000000000000e+00	4
439	1.000000000000000e+00	14
440	1.000000000000000e+00	24
441	1.000000000000000e+00	2
442	1.000000000000000e+00	2
443	1.000000000000000e+00	6
444	1.000000000000000e+00	4
445	1.000000000000000e+00	16
446	1.000000000000000e+00	32
447	1.000000000000000e+00	20
448	1.000000000000000e+00	26
449	1.000000000000000e+00	10
450	1.000000000000000e+00	6
451	1.000000000000000e+00	8
452	1.000000000000000e+00	6
453	1.000000000000000e+00	10
454	1.000000000000000e+00	8
455	1.000000000000000e+00	4
456	1.000000000000000e+00	12
457	1.000000000000000e+00	14
458	1.000000000000000e+00	26
459	1.000000000000000e+00	8
460	1.000000000000000e+00	6
461	1.000000000000000e+00	2
462	1.000000000000000e+00	38
463	1.000000000000000e+00	38
464	1.000000000000000e+00	4
465	1.000000000000000e+00	26
466	1.000000000000000e+00	2
467	1.000000000000000e+00	14
468	1.000000000000000e+00	4
469	1.000000000000000e+00	4
470	1.000000000000000e+00	6
471	1.000000000000000e+00	6
472	1.000000000000000e+00	2
473	1.000000000000000e+00	40
474	1.000000000000000e+00	4
475	1.000000000000000e+00	20
476	1.000000000000000e+00	38
477	1.000000000000000e+00	8
478	1.000000000000000e+00	10
479	1.000000000000000e+00	2
480	1.000000000000000e+00	30
481	1.000000000000000e+00	6
482	1.000000000000000e+00	8
483	1.000000000000000e+00	6
484	1.000000000000000e+00	18
485	1.000000000000000e+00	6
486	1.000000000000000e+00	22
487	1.000000000000000e+00	8
488	1.000000000000000e+00	2
489	1.000000000000000e+00	6
490	1.000000000000000e+00	14
491	9.500025672376274e-01	272
492	9.000088860857239e-01	300
493	8.500086113070445e-01	308
494	8.000138190336765e-01	336
495	7.499993164567244e-01	176
496	6.999872631189574e-01	234
497	6.500008432718425e-01	190
498	6.000108581347843e-01	264
499	5.500204984489825e-01	278
500	5.000143563646205e-01	320
501	5.500168792620200e-01	286
502	6.000247462786056e-01	318
503	6.500194211038812e-01	168
504	7.000275111272688e-01	260
505	7.500434300739358e-01	222
506	8.000424222130458e-01	218
507	8.500540099879306e-01	248
508	9.000733200384409e-01	292
509	9.500962871908634e-01	186
510	9.001089179703861e-01	234
511	8.501201868379715e-01	284
512	8.001005363344498e-01	276
513	7.501062267093743e-01	300
514	8.001075278816190e-01	114
515	8.501088718385668e-01	282
516	9.001069847677809e-01	280
517	9.501148280192192e-01	228
518	1.000000000000000e+00	1000
519	1.000000000000000e+00	30
520	1.000000000000000e+00	28
521	1.000000000000000e+00	12
522	1.000000000000000e+00	16
523	1.000000000000000e+00	10
524	1.000000000000000e+00	44
525	1.000000000000000e+00	8
526	1.000000000000000e+00	12
527	1.000000000000000e+00	6
528	1.000000000000000e+00	6
529	1.000000000000000e+00	2
530	1.000000000000000e+00	24
531	1.000000000000000e+00	8
532	1.000000000000000e+00	12
533	1.000000000000000e+00	4
534	1.000000000000000e+00	6
535	1.000000000000000e+00	28
536	1.000000000000000e+00	2
537	1.000000000000000e+00	2
538	1.000000000000000e+00	2
539	1.000000000000000e+00	28
540	1.000000000000000e+00	32
541	1.000000000000000e+00	6
542	1.000000000000000e+00	6
543	1.000000000000000e+00	14
544	1.000000000000000e+00	12
545	1.000000000000000e+00	16
546	1.000000000000000e+00	18
547	1.000000000000000e+00	4
548	1.000000000000000e+00	16
549	1.000000000000000e+00	6
550	1.000000000000000e+00	6
551	1.000000000000000e+00	2
552	1.000000000000000e+00	8
553	1.000000000000000e+00	6
554	1.000000000000000e+00	10
555	1.000000000000000e+00	10
556	1.000000000000000e+00	2
557	1.000000000000000e+00	14
558	1.000000000000000e+00	2
559	1.000000000000000e+00	2
560	1.000000000000000e+00	10
561	1.000000000000000e+00	2
562	1.000000000000000e+00	4
563	1.000000000000000e+00	4
564	1.000000000000000e+00	2
565	1.000000000000000e+00	2
566	1.000000000000000e+00	8
567	1.000000000000000e+00	44
568	1.000000000000000e+00	10
569	1.000000000000000e+00	18
570	1.000000000000000e+00	6
571	1.000000000000000e+00	12
572	1.000000000000000e+00	12
573	1.000000000000000e+00	8
574	1.000000000000000e+00	20
575	1.000000000000000e+00	2
576	1.000000000000000e+00	2
577	1.000000000000000e+00	20
578	1.000000000000000e+00	12
579	1.000000000000000e+00	10
580	1.000000000000000e+00	8
581	1.000000000000000e+00	14
582	1.000000000000000e+00	18
583	1.000000000000000e+00	18
584	1.000000000000000e+00	6
585	1.000000000000000e+00	18
586	1.000000000000000e+00	8
587	1.000000000000000e+00	6
588	1.000000000000000e+00	12
589	1.000000000000000e+00	4
590	1.000000000000000e+00	2
591	1.000000000000000e+00	8
592	1.000000000000000e+00	8
593	1.000000000000000e+00	16
594	1.000000000000000e+00	12
595	1.000000000000000e+00	4
596	1.000000000000000e+00	6
597	1.000000000000000e+00	2
598	1.000000000000000e+00	6
599	1.000000000000000e+00	14
600	1.000000000000000e+00	8
601	1.000000000000000e+00	16
602	1.000000000000000e+00	4
603	1.000000000000000e+00	2
604	1.000000000000000e+00	2
605	1.000000000000000e+00	10
606	1.000000000000000e+00	12
607	1.000000000000000e+00	6
608	1.000000000000000e+00	26
609	1.000000000000000e+00	30
610	1.000000000000000e+00	4
611	1.000000000000000e+00	6
612	1.000000000000000e+00	4
613	1.000000000000000e+00	12
614	1.000000000000000e+00	2
615	1.000000000000000e+00	12
616	1.000000000000000e+00	2
617	1.000000000000000e+00	2
618	1.000000000000000e+00	18
619	1.000000000000000e+00	2
620	1.000000000000000e+00	36
621	1.000000000000000e+00	2
622	1.000000000000000e+00	30
623	1.000000000000000e+00	10
624	1.000000000000000e+00	4
625	1.000000000000000e+00	2
626	1.000000000000000e+00	12
627	1.000000000000000e+00	8
628	1.000000000000000e+00	32
629	1.000000000000000e+00	4
630	1.000000000000000e+00	10
631	1.000000000000000e+00	4
632	1.000000000000000e+00	2
633	1.000000000000000e+00	10
634	1.000000000000000e+00	16
635	1.000000000000000e+00	12
636	1.000000000000000e+00	16
637	1.000000000000000e+00	4
638	1.000000000000000e+00	4
639	1.000000000000000e+00	10
640	1.000000000000000e+00	26
641	1.000000000000000e+00	10
642	1.000000000000000e+00	2
643	1.000000000000000e+00	6
644	1.000000000000000e+00	26
645	1.000000000000000e+00	6
646	1.000000000000000e+00	16
647	1.000000000000000e+00	44
648	1.000000000000000e+00	12
649	1.000000000000000e+00	2
650	1.000000000000000e+00	4
651	1.000000000000000e+00	16
652	1.000000000000000e+00	20
653	1.000000000000000e+00	16
654	1.000000000000000e+00	2
655	1.000000000000000e+00	6
656	1.000000000000000e+00	16
657	1.000000000000000e+00	10
658	1.000000000000000e+00	26
659	1.000000000000000e+00	8
660	1.000000000000000e+00	16
661	1.000000000000000e+00	12
662	1.000000000000000e+00	6
663	1.000000000000000e+00	2
664	1.000000000000000e+00	16
665	1.000000000000000e+00	16
666	1.000000000000000e+00	20
667	1.000000000000000e+00	8
668	1.000000000000000e+00	8
669	1.000000000000000e+00	2
670	1.000000000000000e+00	6
671	1.000000000000000e+00	6
672	1.000000000000000e+00	16
673	1.000000000000000e+00	10
674	1.000000000000000e+00	18
675	1.000000000000000e+00	8
676	1.000000000000000e+00	4
677	1.000000000000000e+00	2
678	1.000000000000000e+00	28
679	1.000000000000000e+00	2
680	1.000000000000000e+00	10
681	1.000000000000000e+00	44
682	1.000000000000000e+00	36
683	1.000000000000000e+00	4
684	1.000000000000000e+00	2
685	1.000000000000000e+00	40
686	1.000000000000000e+00	14
687	1.000000000000000e+00	26
688	1.000000000000000e+00	20
689	1.000000000000000e+00	10
690	1.000000000000000e+00	36
691	1.000000000000000e+00	22
692	1.000000000000000e+00	4
693	1.000000000000000e+00	10
694	1.000000000000000e+00	8
695	1.000000000000000e+00	8
696	1.000000000000000e+00	24
697	1.000000000000000e+00	10
698	1.000000000000000e+00	8
699	1.000000000000000e+00	36
700	1.000000000000000e+00	18
701	1.000000000000000e+00	22
702	1.000000000000000e+00	8
703	1.000000000000000e+00	34
704	1.000000000000000e+00	24
705	1.000000000000000e+00	6
706	1.000000000000000e+00	8
707	1.000000000000000e+00	26
708	1.000000000000000e+00	4
709	1.000000000000000e+00	18
710	1.000000000000000e+00	20
711	1.000000000000000e+00	12
712	1.000000000000000e+00	4
713	1.000000000000000e+00	4
714	1.000000000000000e+00	18
715	1.000000000000000e+00	8
716	1.000000000000000e+00	10
717	1.000000000000000e+00	14
718	1.000000000000000e+00	10
719	1.000000000000000e+00	2
720	1.000000000000000e+00	18
721	1.000000000000000e+00	28
722	1.000000000000000e+00	12
723	1.000000000000000e+00	6
724	1.000000000000000e+00	14
725	1.000000000000000e+00	12
726	1.000000000000000e+00	30
727	1.000000000000000e+00	42
728	1.000000000000000e+00	4
729	1.000000000000000e+00	10
730	1.000000000000000e+00	18
731	1.000000000000000e+00	8
732	1.000000000000000e+00	10
733	1.000000000000000e+00	18
734	1.000000000000000e+00	4
735	1.000000000000000e+00	4
736	1.000000000000000e+00	6
737	1.000000000000000e+00	8
738	1.000000000000000e+00	12
739	1.000000000000000e+00	4
740	1.000000000000000e+00	4
741	1.000000000000000e+00	10
742	1.000000000000000e+00	6
743	1.000000000000000e+00	2
744	1.000000000000000e+00	10
745	1.000000000000000e+00	10
746	1.000000000000000e+00	14
747	1.000000000000000e+00	18
748	1.000000000000000e+00	34
749	1.000000000000000e+00	4
750	1.000000000000000e+00	2
751	1.000000000000000e+00	2
752	1.000000000000000e+00	26
753	1.000000000000000e+00	4
754	1.000000000000000e+00	4
755	1.000000000000000e+00	2
756	1.000000000000000e+00	12
757	1.000000000000000e+00	18
758	1.000000000000000e+00	26
759	1.000000000000000e+00	40
760	1.000000000000000e+00	18
761	1.000000000000000e+00	12
762	1.000000000000000e+00	14
763	1.000000000000000e+00	8
764	1.000000000000000e+00	8
765	1.000000000000000e+00	2
766	1.000000000000000e+00	26
767	1.000000000000000e+00	16
768	1.000000000000000e+00	28
769	1.000000000000000e+00	30
770	1.000000000000000e+00	16
771	1.000000000000000e+00	12
772	1.000000000000000e+00	26
773	1.000000000000000e+00	36
774	1.000000000000000e+00	6
775	1.000000000000000e+00	2
776	1.000000000000000e+00	2
777	1.000000000000000e+00	20
778	1.000000000000000e+00	4
779	1.000000000000000e+00	14
780	1.000000000000000e+00	2
781	1.000000000000000e+00	32
782	1.000000000000000e+00	12
783	1.000000000000000e+00	14
784	1.000000000000000e+00	12
785	1.000000000000000e+00	22
786	1.000000000000000e+00	4
787	1.000000000000000e+00	24
788	1.000000000000000e+00	12
789	1.000000000000000e+00	16
790	1.000000000000000e+00	14
791	1.000000000000000e+00	12
792	1.000000000000000e+00	4
793	1.000000000000000e+00	10
794	1.000000000000000e+00	2
795	1.000000000000000e+00	6
796	1.000000000000000e+00	6
797	1.000000000000000e+00	10
798	1.000000000000000e+00	2
799	1.000000000000000e+00	10
800	1.000000000000000e+00	8
801	1.000000000000000e+00	14
802	1.000000000000000e+00	8
803	1.000000000000000e+00	2
804	1.000000000000000e+00	8
805	1.000000000000000e+00	34
806	1.000000000000000e+00	18
807	1.000000000000000e+00	18
808	1.000000000000000e+00	36
809	1.000000000000000e+00	12
810	1.000000000000000e+00	14
811	1.000000000000000e+00	2
812	1.000000000000000e+00	4
813	1.000000000000000e+00	2
814	1.000000000000000e+00	6
815	1.000000000000000e+00	4
816	1.000000000000000e+00	22
817	1.000000000000000e+00	2
818	1.000000000000000e+00	44
819	1.000000000000000e+00	14
820	1.000000000000000e+00	14
821	1.000000000000000e+00	12
822	1.000000000000000e+00	16
823	1.000000000000000e+00	4
824	1.000000000000000e+00	14
825	1.000000000000000e+00	10
826	1.000000000000000e+00	12
827	1.000000000000000e+00	6
828	1.000000000000000e+00	10
829	1.000000000000000e+00	2
830	1.000000000000000e+00	20
831	1.000000000000000e+00	30
832	1.000000000000000e+00	4
833	1.000000000000000e+00	12
834	1.000000000000000e+00	4
835	1.000000000000000e+00	6
836	1.000000000000000e+00	28
837	1.000000000000000e+00	2
838	1.000000000000000e+00	12
839	1.000000000000000e+00	2
840	1.000000000000000e+00	2
841	1.000000000000000e+00	2
842	1.000000000000000e+00	4
843	1.000000000000000e+00	14
844	1.000000000000000e+00	4
845	1.000000000000000e+00	26
846	1.000000000000000e+00	8
847	1.000000000000000e+00	16
848	1.000000000000000e+00	10
849	1.000000000000000e+00	14
850	1.000000000000000e+00	8
851	1.000000000000000e+00	4
852	1.000000000000000e+00	2
853	1.000000000000000e+00	2
854	1.000000000000000e+00	16
855	1.000000000000000e+00	24
856	1.000000000000000e+00	8
857	1.000000000000000e+00	4
858	1.000000000000000e+00	4
859	1.000000000000000e+00	8
860	1.000000000000000e+00	4
861	1.000000000000000e+00	18
862	1.000000000000000e+00	8
863	1.000000000000000e+00	12
864	1.000000000000000e+00	2
865	1.000000000000000e+00	14
866	1.000000000000000e+00	16
867	1.000000000000000e+00	12
868	1.000000000000000e+00	26
869	1.000000000000000e+00	14
870	1.000000000000000e+00	14
871	1.000000000000000e+00	24
872	1.000000000000000e+00	2
873	1.000000000000000e+00	8
874	1.000000000000000e+00	18
875	1.000000000000000e+00	6
876	1.000000000000000e+00	4
877	1.000000000000000e+00	26
878	1.000000000000000e+00	12
879	1.000000000000000e+00	30
880	1.000000000000000e+00	12
881	1.000000000000000e+00	4
882	1.000000000000000e+00	8
883	1.000000000000000e+00	24
884	1.000000000000000e+00	2
885	1.000000000000000e+00	2
886	1.000000000000000e+00	20
887	1.000000000000000e+00	4
888	1.000000000000000e+00	2
889	1.000000000000000e+00	4
890	1.000000000000000e+00	10
891	1.000000000000000e+00	4
892	1.000000000000000e+00	4
893	1.000000000000000e+00	22
894	1.000000000000000e+00	16
895	1.000000000000000e+00	12
896	1.000000000000000e+00	12
897	1.000000000000000e+00	8
898	1.000000000000000e+00	8
899	1.000000000000000e+00	26
900	1.000000000000000e+00	42
901	1.000000000000000e+00	4
902	1.000000000000000e+00	8
903	1.000000000000000e+00	4
904	1.000000000000000e+00	18
905	1.000000000000000e+00	4
906	1.000000000000000e+00	20
907	1.000000000000000e+00	12
908	1.000000000000000e+00	14
909	1.000000000000000e+00	6
910	1.000000000000000e+00	4
911	1.000000000000000e+00	10
912	1.000000000000000e+00	4
913	1.000000000000000e+00	14
914	1.000000000000000e+00	6
915	1.000000000000000e+00	12
916	1.000000000000000e+00	4
917	1.000000000000000e+00	18
918	1.000000000000000e+00	24
919	1.000000000000000e+00	14
920	1.000000000000000e+00	8
921	1.000000000000000e+00	22
922	1.000000000000000e+00	12
923	1.000000000000000e+00	4
924	1.000000000000000e+00	2
925	1.000000000000000e+00	2
926	1.000000000000000e+00	4
927	1.000000000000000e+00	2
928	1.000000000000000e+00	18
929	1.000000000000000e+00	12
930	1.000000000000000e+00	12
931	1.000000000000000e+00	2
932	1.000000000000000e+00	4
933	1.000000000000000e+00	12
934	1.000000000000000e+00	20
935	1.000000000000000e+00	20
936	1.000000000000000e+00	12
937	1.000000000000000e+00	28
938	1.000000000000000e+00	14
939	1.000000000000000e+00	2
940	1.000000000000000e+00	2
941	1.000000000000000e+00	14
942	1.000000000000000e+00	14
943	1.000000000000000e+00	8
944	1.000000000000000e+00	2
945	1.000000000000000e+00	4
946	1.000000000000000e+00	6
947	1.000000000000000e+00	6
948	1.000000000000000e+00	6
949	1.000000000000000e+00	8
950	1.000000000000000e+00	8
951	1.000000000000000e+00	4
952	1.000000000000000e+00	4
953	1.000000000000000e+00	14
954	1.000000000000000e+00	26
955	1.000000000000000e+00	38
956	1.000000000000000e+00	4
957	1.000000000000000e+00	18
958	1.000000000000000e+00	2
959	1.000000000000000e+00	10
960	1.000000000000000e+00	4
961	1.000000000000000e+00	6
962	1.000000000000000e+00	20
963	1.000000000000000e+00	6
964	1.000000000000000e+00	6
965	1.000000000000000e+00	2
966	1.000000000000000e+00	8
967	1.000000000000000e+00	4
968	1.000000000000000e+00	2
969	1.000000000000000e+00	26
970	1.000000000000000e+00	14
971	1.000000000000000e+00	10
972	1.000000000000000e+00	28
973	1.000000000000000e+00	16
974	1.000000000000000e+00	20
975	1.000000000000000e+00	4
976	1.000000000000000e+00	30
977	1.000000000000000e+00	6
978	1.000000000000000e+00	18
979	1.000000000000000e+00	24
980	1.000000000000000e+00	22
981	1.000000000000000e+00	14
982	1.000000000000000e+00	2
983	1.000000000000000e+00	12
984	1.000000000000000e+00	18
985	1.000000000000000e+00	2
986	1.000000000000000e+00	6
987	1.000000000000000e+00	18
988	1.000000000000000e+00	10
989	1.000000000000000e+00	10
990	1.000000000000000e+00	12
991	1.000000000000000e+00	2
992	1.000000000000000e+00	14
993	1.000000000000000e+00	14
994	1.000000000000000e+00	4
995	1.000000000000000e+00	20
996	1.000000000000000e+00	22
997	1.000000000000000e+00	4
998	1.000000000000000e+00	2
999	1.000000000000000e+00	6
1000	1.000000000000000e+00	16


Tempo gasto: 6.584293
