Método usado: LUUS JAAKOLA

POSIÇÃO	ÁREA(mm²)	CUSTO

1	1.000000000000000e+00	14
2	1.000000000000000e+00	12
3	1.000000000000000e+00	12
4	1.000000000000000e+00	2
5	1.000000000000000e+00	14
6	1.000000000000000e+00	10
7	1.000000000000000e+00	8
8	1.000000000000000e+00	6
9	1.000000000000000e+00	16
10	1.000000000000000e+00	40
11	1.000000000000000e+00	8
12	1.000000000000000e+00	12
13	1.000000000000000e+00	26
14	1.000000000000000e+00	24
15	1.000000000000000e+00	6
16	1.000000000000000e+00	28
17	1.000000000000000e+00	8
18	1.000000000000000e+00	8
19	1.000000000000000e+00	14
20	1.000000000000000e+00	8
21	1.000000000000000e+00	26
22	1.000000000000000e+00	16
23	1.000000000000000e+00	4
24	1.000000000000000e+00	8
25	1.000000000000000e+00	8
26	1.000000000000000e+00	8
27	1.000000000000000e+00	16
28	1.000000000000000e+00	6
29	1.000000000000000e+00	38
30	1.000000000000000e+00	6
31	1.000000000000000e+00	8
32	1.000000000000000e+00	8
33	1.000000000000000e+00	16
34	1.000000000000000e+00	8
35	1.000000000000000e+00	8
36	1.000000000000000e+00	14
37	1.000000000000000e+00	8
38	1.000000000000000e+00	22
39	1.000000000000000e+00	6
40	1.000000000000000e+00	10
41	1.000000000000000e+00	2
42	1.000000000000000e+00	6
43	1.000000000000000e+00	4
44	1.000000000000000e+00	8
45	1.000000000000000e+00	4
46	1.000000000000000e+00	6
47	1.000000000000000e+00	24
48	1.000000000000000e+00	4
49	1.000000000000000e+00	16
50	1.000000000000000e+00	4
51	1.000000000000000e+00	6
52	1.000000000000000e+00	18
53	1.000000000000000e+00	14
54	1.000000000000000e+00	6
55	1.000000000000000e+00	34
56	1.000000000000000e+00	6
57	1.000000000000000e+00	22
58	1.000000000000000e+00	12
59	1.000000000000000e+00	4
60	1.000000000000000e+00	8
61	1.000000000000000e+00	6
62	1.000000000000000e+00	4
63	1.000000000000000e+00	2
64	1.000000000000000e+00	16
65	1.000000000000000e+00	20
66	1.000000000000000e+00	6
67	1.000000000000000e+00	6
68	1.000000000000000e+00	20
69	1.000000000000000e+00	16
70	1.000000000000000e+00	4
71	1.000000000000000e+00	10
72	1.000000000000000e+00	24
73	1.000000000000000e+00	10
74	1.000000000000000e+00	2
75	1.000000000000000e+00	10
76	1.000000000000000e+00	4
77	1.000000000000000e+00	6
78	1.000000000000000e+00	14
79	1.000000000000000e+00	6
80	1.000000000000000e+00	12
81	1.000000000000000e+00	22
82	1.000000000000000e+00	2
83	1.000000000000000e+00	6
84	1.000000000000000e+00	34
85	1.000000000000000e+00	8
86	1.000000000000000e+00	12
87	1.000000000000000e+00	8
88	1.000000000000000e+00	24
89	1.000000000000000e+00	2
90	1.000000000000000e+00	12
91	1.000000000000000e+00	18
92	1.000000000000000e+00	2
93	1.000000000000000e+00	2
94	1.000000000000000e+00	4
95	1.000000000000000e+00	6
96	1.000000000000000e+00	2
97	1.000000000000000e+00	16
98	1.000000000000000e+00	4
99	1.000000000000000e+00	8
100	1.000000000000000e+00	22
101	1.000000000000000e+00	16
102	1.000000000000000e+00	10
103	1.000000000000000e+00	6
104	1.000000000000000e+00	8
105	1.000000000000000e+00	14
106	1.000000000000000e+00	4
107	1.000000000000000e+00	50
108	1.000000000000000e+00	8
109	1.000000000000000e+00	4
110	1.000000000000000e+00	24
111	1.000000000000000e+00	10
112	1.000000000000000e+00	48
113	1.000000000000000e+00	10
114	1.000000000000000e+00	4
115	1.000000000000000e+00	8
116	1.000000000000000e+00	24
117	1.000000000000000e+00	2
118	1.000000000000000e+00	2
119	1.000000000000000e+00	4
120	1.000000000000000e+00	14
121	1.000000000000000e+00	32
122	1.000000000000000e+00	32
123	1.000000000000000e+00	4
124	1.000000000000000e+00	10
125	1.000000000000000e+00	6
126	1.000000000000000e+00	4
127	1.000000000000000e+00	16
128	1.000000000000000e+00	24
129	1.000000000000000e+00	26
130	1.000000000000000e+00	8
131	1.000000000000000e+00	2
132	1.000000000000000e+00	44
133	1.000000000000000e+00	8
134	1.000000000000000e+00	14
135	1.000000000000000e+00	10
136	1.000000000000000e+00	18
137	1.000000000000000e+00	6
138	1.000000000000000e+00	6
139	1.000000000000000e+00	4
140	1.000000000000000e+00	18
141	1.000000000000000e+00	6
142	1.000000000000000e+00	2
143	1.000000000000000e+00	12
144	1.000000000000000e+00	30
145	1.000000000000000e+00	8
146	1.000000000000000e+00	10
147	1.000000000000000e+00	8
148	1.000000000000000e+00	26
149	1.000000000000000e+00	10
150	1.000000000000000e+00	4
151	1.000000000000000e+00	2
152	1.000000000000000e+00	14
153	1.000000000000000e+00	10
154	1.000000000000000e+00	14
155	1.000000000000000e+00	20
156	1.000000000000000e+00	10
157	1.000000000000000e+00	2
158	1.000000000000000e+00	8
159	1.000000000000000e+00	2
160	1.000000000000000e+00	16
161	1.000000000000000e+00	14
162	1.000000000000000e+00	20
163	1.000000000000000e+00	6
164	1.000000000000000e+00	4
165	1.000000000000000e+00	34
166	1.000000000000000e+00	52
167	1.000000000000000e+00	38
168	1.000000000000000e+00	2
169	1.000000000000000e+00	18
170	1.000000000000000e+00	8
171	1.000000000000000e+00	2
172	1.000000000000000e+00	16
173	1.000000000000000e+00	4
174	1.000000000000000e+00	10
175	1.000000000000000e+00	18
176	1.000000000000000e+00	14
177	1.000000000000000e+00	6
178	1.000000000000000e+00	4
179	1.000000000000000e+00	8
180	1.000000000000000e+00	26
181	1.000000000000000e+00	8
182	1.000000000000000e+00	12
183	1.000000000000000e+00	24
184	1.000000000000000e+00	10
185	1.000000000000000e+00	8
186	1.000000000000000e+00	16
187	1.000000000000000e+00	6
188	1.000000000000000e+00	16
189	1.000000000000000e+00	8
190	1.000000000000000e+00	32
191	1.000000000000000e+00	2
192	1.000000000000000e+00	24
193	1.000000000000000e+00	44
194	1.000000000000000e+00	2
195	1.000000000000000e+00	6
196	1.000000000000000e+00	12
197	1.000000000000000e+00	24
198	1.000000000000000e+00	10
199	1.000000000000000e+00	12
200	1.000000000000000e+00	14
201	1.000000000000000e+00	12
202	1.000000000000000e+00	22
203	1.000000000000000e+00	4
204	1.000000000000000e+00	2
205	1.000000000000000e+00	24
206	1.000000000000000e+00	10
207	1.000000000000000e+00	12
208	1.000000000000000e+00	20
209	1.000000000000000e+00	2
210	1.000000000000000e+00	6
211	1.000000000000000e+00	34
212	1.000000000000000e+00	20
213	1.000000000000000e+00	24
214	1.000000000000000e+00	12
215	1.000000000000000e+00	10
216	1.000000000000000e+00	2
217	1.000000000000000e+00	2
218	1.000000000000000e+00	4
219	1.000000000000000e+00	56
220	1.000000000000000e+00	8
221	1.000000000000000e+00	8
222	1.000000000000000e+00	4
223	1.000000000000000e+00	20
224	1.000000000000000e+00	32
225	1.000000000000000e+00	20
226	1.000000000000000e+00	6
227	1.000000000000000e+00	14
228	1.000000000000000e+00	6
229	1.000000000000000e+00	12
230	1.000000000000000e+00	14
231	1.000000000000000e+00	18
232	1.000000000000000e+00	38
233	1.000000000000000e+00	12
234	1.000000000000000e+00	6
235	1.000000000000000e+00	2
236	1.000000000000000e+00	24
237	1.000000000000000e+00	10
238	1.000000000000000e+00	6
239	1.000000000000000e+00	4
240	1.000000000000000e+00	20
241	1.000000000000000e+00	26
242	1.000000000000000e+00	4
243	1.000000000000000e+00	10
244	1.000000000000000e+00	10
245	1.000000000000000e+00	16
246	1.000000000000000e+00	4
247	1.000000000000000e+00	40
248	1.000000000000000e+00	2
249	1.000000000000000e+00	4
250	1.000000000000000e+00	2
251	1.000000000000000e+00	6
252	1.000000000000000e+00	2
253	1.000000000000000e+00	22
254	1.000000000000000e+00	2
255	1.000000000000000e+00	20
256	1.000000000000000e+00	6
257	1.000000000000000e+00	4
258	1.000000000000000e+00	10
259	1.000000000000000e+00	30
260	1.000000000000000e+00	6
261	1.000000000000000e+00	10
262	1.000000000000000e+00	10
263	1.000000000000000e+00	2
264	1.000000000000000e+00	34
265	1.000000000000000e+00	10
266	1.000000000000000e+00	22
267	1.000000000000000e+00	14
268	1.000000000000000e+00	34
269	1.000000000000000e+00	12
270	1.000000000000000e+00	6
271	1.000000000000000e+00	4
272	1.000000000000000e+00	32
273	1.000000000000000e+00	8
274	1.000000000000000e+00	24
275	1.000000000000000e+00	8
276	1.000000000000000e+00	10
277	1.000000000000000e+00	10
278	1.000000000000000e+00	32
279	1.000000000000000e+00	8
280	1.000000000000000e+00	6
281	1.000000000000000e+00	2
282	1.000000000000000e+00	14
283	1.000000000000000e+00	18
284	1.000000000000000e+00	6
285	1.000000000000000e+00	6
286	1.000000000000000e+00	10
287	1.000000000000000e+00	24
288	1.000000000000000e+00	4
289	1.000000000000000e+00	2
290	1.000000000000000e+00	4
291	1.000000000000000e+00	40
292	1.000000000000000e+00	8
293	1.000000000000000e+00	14
294	1.000000000000000e+00	4
295	1.000000000000000e+00	10
296	1.000000000000000e+00	14
297	1.000000000000000e+00	16
298	1.000000000000000e+00	20
299	1.000000000000000e+00	6
300	1.000000000000000e+00	2
301	1.000000000000000e+00	4
302	1.000000000000000e+00	6
303	1.000000000000000e+00	4
304	1.000000000000000e+00	2
305	1.000000000000000e+00	12
306	1.000000000000000e+00	2
307	1.000000000000000e+00	20
308	1.000000000000000e+00	30
309	1.000000000000000e+00	4
310	1.000000000000000e+00	12
311	1.000000000000000e+00	10
312	1.000000000000000e+00	2
313	1.000000000000000e+00	16
314	1.000000000000000e+00	2
315	1.000000000000000e+00	12
316	1.000000000000000e+00	4
317	1.000000000000000e+00	12
318	1.000000000000000e+00	34
319	1.000000000000000e+00	10
320	1.000000000000000e+00	14
321	1.000000000000000e+00	12
322	1.000000000000000e+00	6
323	1.000000000000000e+00	6
324	1.000000000000000e+00	8
325	1.000000000000000e+00	16
326	1.000000000000000e+00	6
327	1.000000000000000e+00	10
328	1.000000000000000e+00	4
329	1.000000000000000e+00	10
330	1.000000000000000e+00	8
331	1.000000000000000e+00	4
332	1.000000000000000e+00	2
333	1.000000000000000e+00	14
334	1.000000000000000e+00	8
335	1.000000000000000e+00	8
336	1.000000000000000e+00	4
337	1.000000000000000e+00	6
338	1.000000000000000e+00	4
339	1.000000000000000e+00	8
340	1.000000000000000e+00	4
341	1.000000000000000e+00	10
342	1.000000000000000e+00	2
343	1.000000000000000e+00	20
344	1.000000000000000e+00	4
345	1.000000000000000e+00	16
346	1.000000000000000e+00	8
347	1.000000000000000e+00	6
348	1.000000000000000e+00	8
349	1.000000000000000e+00	36
350	1.000000000000000e+00	4
351	1.000000000000000e+00	20
352	1.000000000000000e+00	18
353	1.000000000000000e+00	4
354	1.000000000000000e+00	22
355	1.000000000000000e+00	30
356	1.000000000000000e+00	8
357	1.000000000000000e+00	14
358	1.000000000000000e+00	6
359	1.000000000000000e+00	32
360	1.000000000000000e+00	8
361	1.000000000000000e+00	2
362	1.000000000000000e+00	6
363	1.000000000000000e+00	2
364	1.000000000000000e+00	6
365	1.000000000000000e+00	16
366	1.000000000000000e+00	2
367	1.000000000000000e+00	14
368	1.000000000000000e+00	16
369	1.000000000000000e+00	8
370	1.000000000000000e+00	2
371	1.000000000000000e+00	8
372	1.000000000000000e+00	16
373	1.000000000000000e+00	6
374	1.000000000000000e+00	2
375	1.000000000000000e+00	4
376	1.000000000000000e+00	8
377	1.000000000000000e+00	8
378	1.000000000000000e+00	26
379	1.000000000000000e+00	2
380	1.000000000000000e+00	10
381	1.000000000000000e+00	22
382	1.000000000000000e+00	42
383	1.000000000000000e+00	4
384	1.000000000000000e+00	2
385	1.000000000000000e+00	10
386	1.000000000000000e+00	4
387	1.000000000000000e+00	12
388	1.000000000000000e+00	10
389	1.000000000000000e+00	8
390	1.000000000000000e+00	8
391	1.000000000000000e+00	10
392	1.000000000000000e+00	2
393	1.000000000000000e+00	14
394	1.000000000000000e+00	2
395	1.000000000000000e+00	8
396	1.000000000000000e+00	10
397	1.000000000000000e+00	34
398	1.000000000000000e+00	4
399	1.000000000000000e+00	6
400	1.000000000000000e+00	34
401	1.000000000000000e+00	34
402	1.000000000000000e+00	10
403	1.000000000000000e+00	10
404	1.000000000000000e+00	4
405	1.000000000000000e+00	8
406	1.000000000000000e+00	6
407	1.000000000000000e+00	2
408	1.000000000000000e+00	8
409	1.000000000000000e+00	6
410	1.000000000000000e+00	16
411	1.000000000000000e+00	4
412	1.000000000000000e+00	18
413	1.000000000000000e+00	4
414	1.000000000000000e+00	12
415	1.000000000000000e+00	26
416	1.000000000000000e+00	12
417	1.000000000000000e+00	16
418	1.000000000000000e+00	12
419	1.000000000000000e+00	2
420	1.000000000000000e+00	10
421	1.000000000000000e+00	14
422	1.000000000000000e+00	4
423	1.000000000000000e+00	10
424	1.000000000000000e+00	12
425	1.000000000000000e+00	6
426	1.000000000000000e+00	8
427	1.000000000000000e+00	24
428	1.000000000000000e+00	8
429	1.000000000000000e+00	20
430	1.000000000000000e+00	16
431	1.000000000000000e+00	2
432	1.000000000000000e+00	10
433	1.000000000000000e+00	2
434	1.000000000000000e+00	2
435	1.000000000000000e+00	14
436	1.000000000000000e+00	10
437	1.000000000000000e+00	14
438	1.000000000000000e+00	8
439	1.000000000000000e+00	6
440	1.000000000000000e+00	2
441	1.000000000000000e+00	16
442	1.000000000000000e+00	84
443	1.000000000000000e+00	10
444	1.000000000000000e+00	4
445	1.000000000000000e+00	8
446	1.000000000000000e+00	26
447	1.000000000000000e+00	16
448	1.000000000000000e+00	6
449	1.000000000000000e+00	10
450	1.000000000000000e+00	2
451	1.000000000000000e+00	6
452	1.000000000000000e+00	10
453	1.000000000000000e+00	2
454	1.000000000000000e+00	18
455	1.000000000000000e+00	10
456	1.000000000000000e+00	16
457	1.000000000000000e+00	6
458	1.000000000000000e+00	4
459	1.000000000000000e+00	12
460	1.000000000000000e+00	8
461	1.000000000000000e+00	26
462	1.000000000000000e+00	20
463	1.000000000000000e+00	4
464	1.000000000000000e+00	82
465	1.000000000000000e+00	20
466	1.000000000000000e+00	20
467	1.000000000000000e+00	10
468	1.000000000000000e+00	20
469	1.000000000000000e+00	6
470	1.000000000000000e+00	14
471	1.000000000000000e+00	6
472	1.000000000000000e+00	2
473	1.000000000000000e+00	8
474	1.000000000000000e+00	2
475	1.000000000000000e+00	2
476	1.000000000000000e+00	58
477	1.000000000000000e+00	6
478	1.000000000000000e+00	6
479	1.000000000000000e+00	4
480	1.000000000000000e+00	2
481	1.000000000000000e+00	16
482	1.000000000000000e+00	14
483	1.000000000000000e+00	2
484	1.000000000000000e+00	24
485	1.000000000000000e+00	18
486	1.000000000000000e+00	10
487	1.000000000000000e+00	6
488	1.000000000000000e+00	4
489	1.000000000000000e+00	6
490	1.000000000000000e+00	4
491	9.499948586603922e-01	262
492	8.999915770561976e-01	310
493	8.500088303697235e-01	318
494	7.999997272684015e-01	240
495	7.499850698601390e-01	310
496	6.999957510459347e-01	168
497	6.500018760055501e-01	262
498	6.000066930965980e-01	316
499	5.500103885481361e-01	346
500	5.000159798819702e-01	300
501	5.500093758882290e-01	282
502	6.000147307112421e-01	338
503	6.500139162944302e-01	292
504	7.000221544086782e-01	184
505	7.500381454027658e-01	190
506	8.000477360104183e-01	322
507	8.500572252441807e-01	294
508	9.000619118698524e-01	310
509	9.500550526592828e-01	342
510	9.000379250562823e-01	116
511	8.500189793396022e-01	228
512	8.000318827307227e-01	274
513	7.500412629719586e-01	302
514	8.000476131358865e-01	300
515	8.500511089789061e-01	310
516	9.000566495557533e-01	308
517	9.500671513570998e-01	238
518	1.000000000000000e+00	1000
519	1.000000000000000e+00	2
520	1.000000000000000e+00	6
521	1.000000000000000e+00	6
522	1.000000000000000e+00	8
523	1.000000000000000e+00	10
524	1.000000000000000e+00	2
525	1.000000000000000e+00	14
526	1.000000000000000e+00	12
527	1.000000000000000e+00	10
528	1.000000000000000e+00	12
529	1.000000000000000e+00	10
530	1.000000000000000e+00	12
531	1.000000000000000e+00	24
532	1.000000000000000e+00	8
533	1.000000000000000e+00	12
534	1.000000000000000e+00	28
535	1.000000000000000e+00	16
536	1.000000000000000e+00	6
537	1.000000000000000e+00	4
538	1.000000000000000e+00	14
539	1.000000000000000e+00	14
540	1.000000000000000e+00	6
541	1.000000000000000e+00	2
542	1.000000000000000e+00	8
543	1.000000000000000e+00	16
544	1.000000000000000e+00	12
545	1.000000000000000e+00	18
546	1.000000000000000e+00	8
547	1.000000000000000e+00	26
548	1.000000000000000e+00	10
549	1.000000000000000e+00	8
550	1.000000000000000e+00	10
551	1.000000000000000e+00	10
552	1.000000000000000e+00	2
553	1.000000000000000e+00	6
554	1.000000000000000e+00	10
555	1.000000000000000e+00	16
556	1.000000000000000e+00	2
557	1.000000000000000e+00	2
558	1.000000000000000e+00	6
559	1.000000000000000e+00	16
560	1.000000000000000e+00	6
561	1.000000000000000e+00	2
562	1.000000000000000e+00	4
563	1.000000000000000e+00	6
564	1.000000000000000e+00	16
565	1.000000000000000e+00	6
566	1.000000000000000e+00	2
567	1.000000000000000e+00	2
568	1.000000000000000e+00	4
569	1.000000000000000e+00	10
570	1.000000000000000e+00	2
571	1.000000000000000e+00	24
572	1.000000000000000e+00	18
573	1.000000000000000e+00	18
574	1.000000000000000e+00	8
575	1.000000000000000e+00	24
576	1.000000000000000e+00	18
577	1.000000000000000e+00	16
578	1.000000000000000e+00	4
579	1.000000000000000e+00	14
580	1.000000000000000e+00	2
581	1.000000000000000e+00	6
582	1.000000000000000e+00	4
583	1.000000000000000e+00	8
584	1.000000000000000e+00	30
585	1.000000000000000e+00	10
586	1.000000000000000e+00	10
587	1.000000000000000e+00	18
588	1.000000000000000e+00	12
589	1.000000000000000e+00	14
590	1.000000000000000e+00	6
591	1.000000000000000e+00	32
592	1.000000000000000e+00	34
593	1.000000000000000e+00	10
594	1.000000000000000e+00	4
595	1.000000000000000e+00	12
596	1.000000000000000e+00	22
597	1.000000000000000e+00	26
598	1.000000000000000e+00	2
599	1.000000000000000e+00	2
600	1.000000000000000e+00	8
601	1.000000000000000e+00	10
602	1.000000000000000e+00	14
603	1.000000000000000e+00	26
604	1.000000000000000e+00	22
605	1.000000000000000e+00	22
606	1.000000000000000e+00	18
607	1.000000000000000e+00	14
608	1.000000000000000e+00	20
609	1.000000000000000e+00	4
610	1.000000000000000e+00	42
611	1.000000000000000e+00	2
612	1.000000000000000e+00	16
613	1.000000000000000e+00	8
614	1.000000000000000e+00	14
615	1.000000000000000e+00	6
616	1.000000000000000e+00	4
617	1.000000000000000e+00	6
618	1.000000000000000e+00	2
619	1.000000000000000e+00	8
620	1.000000000000000e+00	20
621	1.000000000000000e+00	4
622	1.000000000000000e+00	4
623	1.000000000000000e+00	8
624	1.000000000000000e+00	22
625	1.000000000000000e+00	10
626	1.000000000000000e+00	28
627	1.000000000000000e+00	2
628	1.000000000000000e+00	30
629	1.000000000000000e+00	2
630	1.000000000000000e+00	12
631	1.000000000000000e+00	14
632	1.000000000000000e+00	12
633	1.000000000000000e+00	18
634	1.000000000000000e+00	2
635	1.000000000000000e+00	10
636	1.000000000000000e+00	6
637	1.000000000000000e+00	14
638	1.000000000000000e+00	18
639	1.000000000000000e+00	4
640	1.000000000000000e+00	14
641	1.000000000000000e+00	18
642	1.000000000000000e+00	6
643	1.000000000000000e+00	16
644	1.000000000000000e+00	14
645	1.000000000000000e+00	12
646	1.000000000000000e+00	14
647	1.000000000000000e+00	2
648	1.000000000000000e+00	20
649	1.000000000000000e+00	12
650	1.000000000000000e+00	6
651	1.000000000000000e+00	12
652	1.000000000000000e+00	26
653	1.000000000000000e+00	20
654	1.000000000000000e+00	12
655	1.000000000000000e+00	4
656	1.000000000000000e+00	2
657	1.000000000000000e+00	2
658	1.000000000000000e+00	10
659	1.000000000000000e+00	34
660	1.000000000000000e+00	44
661	1.000000000000000e+00	6
662	1.000000000000000e+00	14
663	1.000000000000000e+00	20
664	1.000000000000000e+00	28
665	1.000000000000000e+00	18
666	1.000000000000000e+00	8
667	1.000000000000000e+00	2
668	1.000000000000000e+00	16
669	1.000000000000000e+00	2
670	1.000000000000000e+00	8
671	1.000000000000000e+00	6
672	1.000000000000000e+00	12
673	1.000000000000000e+00	18
674	1.000000000000000e+00	8
675	1.000000000000000e+00	48
676	1.000000000000000e+00	12
677	1.000000000000000e+00	8
678	1.000000000000000e+00	28
679	1.000000000000000e+00	8
680	1.000000000000000e+00	2
681	1.000000000000000e+00	12
682	1.000000000000000e+00	22
683	1.000000000000000e+00	10
684	1.000000000000000e+00	32
685	1.000000000000000e+00	14
686	1.000000000000000e+00	6
687	1.000000000000000e+00	30
688	1.000000000000000e+00	18
689	1.000000000000000e+00	8
690	1.000000000000000e+00	36
691	1.000000000000000e+00	6
692	1.000000000000000e+00	2
693	1.000000000000000e+00	8
694	1.000000000000000e+00	6
695	1.000000000000000e+00	8
696	1.000000000000000e+00	6
697	1.000000000000000e+00	4
698	1.000000000000000e+00	14
699	1.000000000000000e+00	16
700	1.000000000000000e+00	4
701	1.000000000000000e+00	12
702	1.000000000000000e+00	8
703	1.000000000000000e+00	6
704	1.000000000000000e+00	2
705	1.000000000000000e+00	18
706	1.000000000000000e+00	4
707	1.000000000000000e+00	20
708	1.000000000000000e+00	6
709	1.000000000000000e+00	10
710	1.000000000000000e+00	4
711	1.000000000000000e+00	4
712	1.000000000000000e+00	4
713	1.000000000000000e+00	6
714	1.000000000000000e+00	28
715	1.000000000000000e+00	34
716	1.000000000000000e+00	2
717	1.000000000000000e+00	2
718	1.000000000000000e+00	10
719	1.000000000000000e+00	6
720	1.000000000000000e+00	10
721	1.000000000000000e+00	4
722	1.000000000000000e+00	28
723	1.000000000000000e+00	24
724	1.000000000000000e+00	2
725	1.000000000000000e+00	12
726	1.000000000000000e+00	2
727	1.000000000000000e+00	22
728	1.000000000000000e+00	4
729	1.000000000000000e+00	4
730	1.000000000000000e+00	10
731	1.000000000000000e+00	20
732	1.000000000000000e+00	18
733	1.000000000000000e+00	24
734	1.000000000000000e+00	20
735	1.000000000000000e+00	14
736	1.000000000000000e+00	12
737	1.000000000000000e+00	2
738	1.000000000000000e+00	12
739	1.000000000000000e+00	22
740	1.000000000000000e+00	4
741	1.000000000000000e+00	8
742	1.000000000000000e+00	6
743	1.000000000000000e+00	8
744	1.000000000000000e+00	4
745	1.000000000000000e+00	16
746	1.000000000000000e+00	4
747	1.000000000000000e+00	8
748	1.000000000000000e+00	12
749	1.000000000000000e+00	14
750	1.000000000000000e+00	12
751	1.000000000000000e+00	12
752	1.000000000000000e+00	18
753	1.000000000000000e+00	8
754	1.000000000000000e+00	12
755	1.000000000000000e+00	18
756	1.000000000000000e+00	2
757	1.000000000000000e+00	60
758	1.000000000000000e+00	12
759	1.000000000000000e+00	6
760	1.000000000000000e+00	16
761	1.000000000000000e+00	22
762	1.000000000000000e+00	8
763	1.000000000000000e+00	10
764	1.000000000000000e+00	28
765	1.000000000000000e+00	6
766	1.000000000000000e+00	6
767	1.000000000000000e+00	12
768	1.000000000000000e+00	24
769	1.000000000000000e+00	4
770	1.000000000000000e+00	4
771	1.000000000000000e+00	8
772	1.000000000000000e+00	8
773	1.000000000000000e+00	22
774	1.000000000000000e+00	22
775	1.000000000000000e+00	28
776	1.000000000000000e+00	28
777	1.000000000000000e+00	30
778	1.000000000000000e+00	8
779	1.000000000000000e+00	14
780	1.000000000000000e+00	4
781	1.000000000000000e+00	26
782	1.000000000000000e+00	18
783	1.000000000000000e+00	10
784	1.000000000000000e+00	20
785	1.000000000000000e+00	32
786	1.000000000000000e+00	4
787	1.000000000000000e+00	20
788	1.000000000000000e+00	6
789	1.000000000000000e+00	10
790	1.000000000000000e+00	30
791	1.000000000000000e+00	6
792	1.000000000000000e+00	2
793	1.000000000000000e+00	2
794	1.000000000000000e+00	10
795	1.000000000000000e+00	12
796	1.000000000000000e+00	2
797	1.000000000000000e+00	8
798	1.000000000000000e+00	6
799	1.000000000000000e+00	14
800	1.000000000000000e+00	8
801	1.000000000000000e+00	26
802	1.000000000000000e+00	6
803	1.000000000000000e+00	2
804	1.000000000000000e+00	4
805	1.000000000000000e+00	2
806	1.000000000000000e+00	2
807	1.000000000000000e+00	2
808	1.000000000000000e+00	32
809	1.000000000000000e+00	12
810	1.000000000000000e+00	8
811	1.000000000000000e+00	16
812	1.000000000000000e+00	14
813	1.000000000000000e+00	4
814	1.000000000000000e+00	10
815	1.000000000000000e+00	2
816	1.000000000000000e+00	6
817	1.000000000000000e+00	14
818	1.000000000000000e+00	6
819	1.000000000000000e+00	4
820	1.000000000000000e+00	8
821	1.000000000000000e+00	10
822	1.000000000000000e+00	2
823	1.000000000000000e+00	6
824	1.000000000000000e+00	14
825	1.000000000000000e+00	2
826	1.000000000000000e+00	8
827	1.000000000000000e+00	26
828	1.000000000000000e+00	8
829	1.000000000000000e+00	10
830	1.000000000000000e+00	12
831	1.000000000000000e+00	8
832	1.000000000000000e+00	4
833	1.000000000000000e+00	10
834	1.000000000000000e+00	2
835	1.000000000000000e+00	12
836	1.000000000000000e+00	2
837	1.000000000000000e+00	14
838	1.000000000000000e+00	12
839	1.000000000000000e+00	24
840	1.000000000000000e+00	16
841	1.000000000000000e+00	4
842	1.000000000000000e+00	4
843	1.000000000000000e+00	10
844	1.000000000000000e+00	34
845	1.000000000000000e+00	8
846	1.000000000000000e+00	10
847	1.000000000000000e+00	6
848	1.000000000000000e+00	12
849	1.000000000000000e+00	2
850	1.000000000000000e+00	14
851	1.000000000000000e+00	26
852	1.000000000000000e+00	10
853	1.000000000000000e+00	10
854	1.000000000000000e+00	20
855	1.000000000000000e+00	4
856	1.000000000000000e+00	20
857	1.000000000000000e+00	24
858	1.000000000000000e+00	42
859	1.000000000000000e+00	20
860	1.000000000000000e+00	16
861	1.000000000000000e+00	26
862	1.000000000000000e+00	8
863	1.000000000000000e+00	8
864	1.000000000000000e+00	2
865	1.000000000000000e+00	22
866	1.000000000000000e+00	20
867	1.000000000000000e+00	2
868	1.000000000000000e+00	22
869	1.000000000000000e+00	4
870	1.000000000000000e+00	4
871	1.000000000000000e+00	20
872	1.000000000000000e+00	2
873	1.000000000000000e+00	6
874	1.000000000000000e+00	10
875	1.000000000000000e+00	2
876	1.000000000000000e+00	6
877	1.000000000000000e+00	10
878	1.000000000000000e+00	22
879	1.000000000000000e+00	12
880	1.000000000000000e+00	14
881	1.000000000000000e+00	4
882	1.000000000000000e+00	16
883	1.000000000000000e+00	10
884	1.000000000000000e+00	12
885	1.000000000000000e+00	2
886	1.000000000000000e+00	18
887	1.000000000000000e+00	18
888	1.000000000000000e+00	34
889	1.000000000000000e+00	24
890	1.000000000000000e+00	4
891	1.000000000000000e+00	6
892	1.000000000000000e+00	56
893	1.000000000000000e+00	10
894	1.000000000000000e+00	14
895	1.000000000000000e+00	14
896	1.000000000000000e+00	8
897	1.000000000000000e+00	42
898	1.000000000000000e+00	4
899	1.000000000000000e+00	4
900	1.000000000000000e+00	30
901	1.000000000000000e+00	26
902	1.000000000000000e+00	8
903	1.000000000000000e+00	12
904	1.000000000000000e+00	16
905	1.000000000000000e+00	10
906	1.000000000000000e+00	10
907	1.000000000000000e+00	6
908	1.000000000000000e+00	8
909	1.000000000000000e+00	28
910	1.000000000000000e+00	4
911	1.000000000000000e+00	14
912	1.000000000000000e+00	12
913	1.000000000000000e+00	4
914	1.000000000000000e+00	26
915	1.000000000000000e+00	6
916	1.000000000000000e+00	4
917	1.000000000000000e+00	8
918	1.000000000000000e+00	2
919	1.000000000000000e+00	18
920	1.000000000000000e+00	12
921	1.000000000000000e+00	32
922	1.000000000000000e+00	4
923	1.000000000000000e+00	20
924	1.000000000000000e+00	6
925	1.000000000000000e+00	6
926	1.000000000000000e+00	34
927	1.000000000000000e+00	2
928	1.000000000000000e+00	20
929	1.000000000000000e+00	20
930	1.000000000000000e+00	2
931	1.000000000000000e+00	18
932	1.000000000000000e+00	14
933	1.000000000000000e+00	10
934	1.000000000000000e+00	6
935	1.000000000000000e+00	8
936	1.000000000000000e+00	16
937	1.000000000000000e+00	16
938	1.000000000000000e+00	2
939	1.000000000000000e+00	16
940	1.000000000000000e+00	12
941	1.000000000000000e+00	8
942	1.000000000000000e+00	12
943	1.000000000000000e+00	6
944	1.000000000000000e+00	20
945	1.000000000000000e+00	4
946	1.000000000000000e+00	2
947	1.000000000000000e+00	22
948	1.000000000000000e+00	2
949	1.000000000000000e+00	16
950	1.000000000000000e+00	14
951	1.000000000000000e+00	36
952	1.000000000000000e+00	22
953	1.000000000000000e+00	4
954	1.000000000000000e+00	6
955	1.000000000000000e+00	8
956	1.000000000000000e+00	6
957	1.000000000000000e+00	6
958	1.000000000000000e+00	16
959	1.000000000000000e+00	10
960	1.000000000000000e+00	2
961	1.000000000000000e+00	6
962	1.000000000000000e+00	24
963	1.000000000000000e+00	8
964	1.000000000000000e+00	26
965	1.000000000000000e+00	24
966	1.000000000000000e+00	10
967	1.000000000000000e+00	20
968	1.000000000000000e+00	14
969	1.000000000000000e+00	10
970	1.000000000000000e+00	16
971	1.000000000000000e+00	10
972	1.000000000000000e+00	32
973	1.000000000000000e+00	4
974	1.000000000000000e+00	14
975	1.000000000000000e+00	16
976	1.000000000000000e+00	16
977	1.000000000000000e+00	12
978	1.000000000000000e+00	10
979	1.000000000000000e+00	10
980	1.000000000000000e+00	22
981	1.000000000000000e+00	20
982	1.000000000000000e+00	4
983	1.000000000000000e+00	8
984	1.000000000000000e+00	82
985	1.000000000000000e+00	14
986	1.000000000000000e+00	6
987	1.000000000000000e+00	4
988	1.000000000000000e+00	28
989	1.000000000000000e+00	16
990	1.000000000000000e+00	4
991	1.000000000000000e+00	4
992	1.000000000000000e+00	12
993	1.000000000000000e+00	8
994	1.000000000000000e+00	30
995	1.000000000000000e+00	16
996	1.000000000000000e+00	14
997	1.000000000000000e+00	4
998	1.000000000000000e+00	20
999	1.000000000000000e+00	8
1000	1.000000000000000e+00	4


Tempo gasto: 7.004421
