Método usado: LUUS JAAKOLA

POSIÇÃO	ÁREA(mm²)	CUSTO

1	1.000000000000000e+00	10
2	1.000000000000000e+00	18
3	1.000000000000000e+00	2
4	1.000000000000000e+00	16
5	1.000000000000000e+00	24
6	1.000000000000000e+00	16
7	1.000000000000000e+00	6
8	1.000000000000000e+00	24
9	1.000000000000000e+00	54
10	1.000000000000000e+00	4
11	1.000000000000000e+00	8
12	1.000000000000000e+00	18
13	1.000000000000000e+00	10
14	1.000000000000000e+00	4
15	1.000000000000000e+00	8
16	1.000000000000000e+00	12
17	1.000000000000000e+00	4
18	1.000000000000000e+00	6
19	1.000000000000000e+00	8
20	1.000000000000000e+00	14
21	1.000000000000000e+00	12
22	1.000000000000000e+00	14
23	1.000000000000000e+00	8
24	1.000000000000000e+00	14
25	1.000000000000000e+00	2
26	1.000000000000000e+00	6
27	1.000000000000000e+00	4
28	1.000000000000000e+00	16
29	1.000000000000000e+00	38
30	1.000000000000000e+00	8
31	1.000000000000000e+00	10
32	1.000000000000000e+00	2
33	1.000000000000000e+00	10
34	1.000000000000000e+00	26
35	1.000000000000000e+00	10
36	1.000000000000000e+00	8
37	1.000000000000000e+00	6
38	1.000000000000000e+00	20
39	1.000000000000000e+00	2
40	1.000000000000000e+00	92
41	1.000000000000000e+00	20
42	1.000000000000000e+00	30
43	1.000000000000000e+00	12
44	1.000000000000000e+00	2
45	1.000000000000000e+00	10
46	1.000000000000000e+00	10
47	1.000000000000000e+00	74
48	1.000000000000000e+00	8
49	1.000000000000000e+00	6
50	1.000000000000000e+00	20
51	1.000000000000000e+00	16
52	1.000000000000000e+00	8
53	1.000000000000000e+00	16
54	1.000000000000000e+00	74
55	1.000000000000000e+00	12
56	1.000000000000000e+00	2
57	1.000000000000000e+00	2
58	1.000000000000000e+00	8
59	1.000000000000000e+00	2
60	1.000000000000000e+00	12
61	1.000000000000000e+00	8
62	1.000000000000000e+00	18
63	1.000000000000000e+00	18
64	1.000000000000000e+00	2
65	1.000000000000000e+00	10
66	1.000000000000000e+00	2
67	1.000000000000000e+00	14
68	1.000000000000000e+00	4
69	1.000000000000000e+00	26
70	1.000000000000000e+00	26
71	1.000000000000000e+00	30
72	1.000000000000000e+00	14
73	1.000000000000000e+00	20
74	1.000000000000000e+00	26
75	1.000000000000000e+00	2
76	1.000000000000000e+00	6
77	1.000000000000000e+00	10
78	1.000000000000000e+00	22
79	1.000000000000000e+00	10
80	1.000000000000000e+00	4
81	1.000000000000000e+00	4
82	1.000000000000000e+00	8
83	1.000000000000000e+00	2
84	1.000000000000000e+00	6
85	1.000000000000000e+00	12
86	1.000000000000000e+00	6
87	1.000000000000000e+00	8
88	1.000000000000000e+00	14
89	1.000000000000000e+00	12
90	1.000000000000000e+00	26
91	1.000000000000000e+00	42
92	1.000000000000000e+00	6
93	1.000000000000000e+00	2
94	1.000000000000000e+00	14
95	1.000000000000000e+00	8
96	1.000000000000000e+00	4
97	1.000000000000000e+00	12
98	1.000000000000000e+00	20
99	1.000000000000000e+00	2
100	1.000000000000000e+00	2
101	1.000000000000000e+00	6
102	1.000000000000000e+00	8
103	1.000000000000000e+00	8
104	1.000000000000000e+00	10
105	1.000000000000000e+00	4
106	1.000000000000000e+00	14
107	1.000000000000000e+00	14
108	1.000000000000000e+00	16
109	1.000000000000000e+00	16
110	1.000000000000000e+00	10
111	1.000000000000000e+00	32
112	1.000000000000000e+00	28
113	1.000000000000000e+00	12
114	1.000000000000000e+00	14
115	1.000000000000000e+00	4
116	1.000000000000000e+00	4
117	1.000000000000000e+00	2
118	1.000000000000000e+00	28
119	1.000000000000000e+00	2
120	1.000000000000000e+00	14
121	1.000000000000000e+00	10
122	1.000000000000000e+00	22
123	1.000000000000000e+00	10
124	1.000000000000000e+00	6
125	1.000000000000000e+00	4
126	1.000000000000000e+00	22
127	1.000000000000000e+00	18
128	1.000000000000000e+00	6
129	1.000000000000000e+00	4
130	1.000000000000000e+00	4
131	1.000000000000000e+00	4
132	1.000000000000000e+00	6
133	1.000000000000000e+00	8
134	1.000000000000000e+00	2
135	1.000000000000000e+00	28
136	1.000000000000000e+00	16
137	1.000000000000000e+00	34
138	1.000000000000000e+00	8
139	1.000000000000000e+00	26
140	1.000000000000000e+00	4
141	1.000000000000000e+00	16
142	1.000000000000000e+00	8
143	1.000000000000000e+00	2
144	1.000000000000000e+00	2
145	1.000000000000000e+00	22
146	1.000000000000000e+00	14
147	1.000000000000000e+00	10
148	1.000000000000000e+00	4
149	1.000000000000000e+00	16
150	1.000000000000000e+00	8
151	1.000000000000000e+00	32
152	1.000000000000000e+00	14
153	1.000000000000000e+00	10
154	1.000000000000000e+00	6
155	1.000000000000000e+00	16
156	1.000000000000000e+00	20
157	1.000000000000000e+00	2
158	1.000000000000000e+00	8
159	1.000000000000000e+00	2
160	1.000000000000000e+00	10
161	1.000000000000000e+00	8
162	1.000000000000000e+00	52
163	1.000000000000000e+00	30
164	1.000000000000000e+00	12
165	1.000000000000000e+00	38
166	1.000000000000000e+00	6
167	1.000000000000000e+00	14
168	1.000000000000000e+00	8
169	1.000000000000000e+00	36
170	1.000000000000000e+00	16
171	1.000000000000000e+00	12
172	1.000000000000000e+00	2
173	1.000000000000000e+00	18
174	1.000000000000000e+00	8
175	1.000000000000000e+00	4
176	1.000000000000000e+00	30
177	1.000000000000000e+00	4
178	1.000000000000000e+00	2
179	1.000000000000000e+00	20
180	1.000000000000000e+00	14
181	1.000000000000000e+00	2
182	1.000000000000000e+00	6
183	1.000000000000000e+00	16
184	1.000000000000000e+00	10
185	1.000000000000000e+00	14
186	1.000000000000000e+00	34
187	1.000000000000000e+00	4
188	1.000000000000000e+00	12
189	1.000000000000000e+00	12
190	1.000000000000000e+00	6
191	1.000000000000000e+00	16
192	1.000000000000000e+00	10
193	1.000000000000000e+00	12
194	1.000000000000000e+00	2
195	1.000000000000000e+00	8
196	1.000000000000000e+00	2
197	1.000000000000000e+00	18
198	1.000000000000000e+00	20
199	1.000000000000000e+00	8
200	1.000000000000000e+00	12
201	1.000000000000000e+00	14
202	1.000000000000000e+00	36
203	1.000000000000000e+00	8
204	1.000000000000000e+00	50
205	1.000000000000000e+00	32
206	1.000000000000000e+00	6
207	1.000000000000000e+00	16
208	1.000000000000000e+00	10
209	1.000000000000000e+00	8
210	1.000000000000000e+00	4
211	1.000000000000000e+00	10
212	1.000000000000000e+00	12
213	1.000000000000000e+00	10
214	1.000000000000000e+00	40
215	1.000000000000000e+00	16
216	1.000000000000000e+00	14
217	1.000000000000000e+00	16
218	1.000000000000000e+00	24
219	1.000000000000000e+00	26
220	1.000000000000000e+00	2
221	1.000000000000000e+00	14
222	1.000000000000000e+00	8
223	1.000000000000000e+00	22
224	1.000000000000000e+00	12
225	1.000000000000000e+00	8
226	1.000000000000000e+00	4
227	1.000000000000000e+00	12
228	1.000000000000000e+00	30
229	1.000000000000000e+00	6
230	1.000000000000000e+00	16
231	1.000000000000000e+00	6
232	1.000000000000000e+00	18
233	1.000000000000000e+00	24
234	1.000000000000000e+00	6
235	1.000000000000000e+00	10
236	1.000000000000000e+00	2
237	1.000000000000000e+00	8
238	1.000000000000000e+00	14
239	1.000000000000000e+00	20
240	1.000000000000000e+00	6
241	1.000000000000000e+00	4
242	1.000000000000000e+00	6
243	1.000000000000000e+00	18
244	1.000000000000000e+00	6
245	1.000000000000000e+00	2
246	1.000000000000000e+00	14
247	1.000000000000000e+00	16
248	1.000000000000000e+00	12
249	1.000000000000000e+00	20
250	1.000000000000000e+00	24
251	1.000000000000000e+00	14
252	1.000000000000000e+00	2
253	1.000000000000000e+00	6
254	1.000000000000000e+00	2
255	1.000000000000000e+00	2
256	1.000000000000000e+00	4
257	1.000000000000000e+00	6
258	1.000000000000000e+00	12
259	1.000000000000000e+00	2
260	1.000000000000000e+00	30
261	1.000000000000000e+00	14
262	1.000000000000000e+00	2
263	1.000000000000000e+00	26
264	1.000000000000000e+00	8
265	1.000000000000000e+00	22
266	1.000000000000000e+00	10
267	1.000000000000000e+00	18
268	1.000000000000000e+00	4
269	1.000000000000000e+00	10
270	1.000000000000000e+00	22
271	1.000000000000000e+00	20
272	1.000000000000000e+00	14
273	1.000000000000000e+00	4
274	1.000000000000000e+00	16
275	1.000000000000000e+00	6
276	1.000000000000000e+00	8
277	1.000000000000000e+00	6
278	1.000000000000000e+00	4
279	1.000000000000000e+00	28
280	1.000000000000000e+00	12
281	1.000000000000000e+00	6
282	1.000000000000000e+00	10
283	1.000000000000000e+00	22
284	1.000000000000000e+00	8
285	1.000000000000000e+00	18
286	1.000000000000000e+00	2
287	1.000000000000000e+00	8
288	1.000000000000000e+00	4
289	1.000000000000000e+00	16
290	1.000000000000000e+00	20
291	1.000000000000000e+00	6
292	1.000000000000000e+00	16
293	1.000000000000000e+00	12
294	1.000000000000000e+00	18
295	1.000000000000000e+00	22
296	1.000000000000000e+00	4
297	1.000000000000000e+00	10
298	1.000000000000000e+00	26
299	1.000000000000000e+00	22
300	1.000000000000000e+00	20
301	1.000000000000000e+00	18
302	1.000000000000000e+00	12
303	1.000000000000000e+00	20
304	1.000000000000000e+00	4
305	1.000000000000000e+00	4
306	1.000000000000000e+00	16
307	1.000000000000000e+00	14
308	1.000000000000000e+00	8
309	1.000000000000000e+00	12
310	1.000000000000000e+00	4
311	1.000000000000000e+00	2
312	1.000000000000000e+00	10
313	1.000000000000000e+00	8
314	1.000000000000000e+00	2
315	1.000000000000000e+00	34
316	1.000000000000000e+00	2
317	1.000000000000000e+00	2
318	1.000000000000000e+00	2
319	1.000000000000000e+00	44
320	1.000000000000000e+00	6
321	1.000000000000000e+00	4
322	1.000000000000000e+00	8
323	1.000000000000000e+00	2
324	1.000000000000000e+00	28
325	1.000000000000000e+00	2
326	1.000000000000000e+00	14
327	1.000000000000000e+00	2
328	1.000000000000000e+00	2
329	1.000000000000000e+00	8
330	1.000000000000000e+00	12
331	1.000000000000000e+00	14
332	1.000000000000000e+00	18
333	1.000000000000000e+00	28
334	1.000000000000000e+00	10
335	1.000000000000000e+00	16
336	1.000000000000000e+00	14
337	1.000000000000000e+00	8
338	1.000000000000000e+00	14
339	1.000000000000000e+00	16
340	1.000000000000000e+00	12
341	1.000000000000000e+00	8
342	1.000000000000000e+00	2
343	1.000000000000000e+00	8
344	1.000000000000000e+00	4
345	1.000000000000000e+00	14
346	1.000000000000000e+00	8
347	1.000000000000000e+00	4
348	1.000000000000000e+00	34
349	1.000000000000000e+00	24
350	1.000000000000000e+00	6
351	1.000000000000000e+00	24
352	1.000000000000000e+00	26
353	1.000000000000000e+00	4
354	1.000000000000000e+00	10
355	1.000000000000000e+00	4
356	1.000000000000000e+00	64
357	1.000000000000000e+00	16
358	1.000000000000000e+00	18
359	1.000000000000000e+00	4
360	1.000000000000000e+00	8
361	1.000000000000000e+00	60
362	1.000000000000000e+00	2
363	1.000000000000000e+00	2
364	1.000000000000000e+00	2
365	1.000000000000000e+00	18
366	1.000000000000000e+00	24
367	1.000000000000000e+00	10
368	1.000000000000000e+00	2
369	1.000000000000000e+00	18
370	1.000000000000000e+00	8
371	1.000000000000000e+00	6
372	1.000000000000000e+00	10
373	1.000000000000000e+00	22
374	1.000000000000000e+00	20
375	1.000000000000000e+00	18
376	1.000000000000000e+00	16
377	1.000000000000000e+00	4
378	1.000000000000000e+00	4
379	1.000000000000000e+00	2
380	1.000000000000000e+00	14
381	1.000000000000000e+00	14
382	1.000000000000000e+00	4
383	1.000000000000000e+00	10
384	1.000000000000000e+00	6
385	1.000000000000000e+00	60
386	1.000000000000000e+00	20
387	1.000000000000000e+00	8
388	1.000000000000000e+00	20
389	1.000000000000000e+00	18
390	1.000000000000000e+00	2
391	1.000000000000000e+00	6
392	1.000000000000000e+00	24
393	1.000000000000000e+00	18
394	1.000000000000000e+00	4
395	1.000000000000000e+00	4
396	1.000000000000000e+00	26
397	1.000000000000000e+00	6
398	1.000000000000000e+00	14
399	1.000000000000000e+00	6
400	1.000000000000000e+00	2
401	1.000000000000000e+00	6
402	1.000000000000000e+00	28
403	1.000000000000000e+00	2
404	1.000000000000000e+00	18
405	1.000000000000000e+00	44
406	1.000000000000000e+00	10
407	1.000000000000000e+00	6
408	1.000000000000000e+00	8
409	1.000000000000000e+00	12
410	1.000000000000000e+00	10
411	1.000000000000000e+00	14
412	1.000000000000000e+00	18
413	1.000000000000000e+00	2
414	1.000000000000000e+00	6
415	1.000000000000000e+00	12
416	1.000000000000000e+00	10
417	1.000000000000000e+00	36
418	1.000000000000000e+00	8
419	1.000000000000000e+00	2
420	1.000000000000000e+00	10
421	1.000000000000000e+00	42
422	1.000000000000000e+00	36
423	1.000000000000000e+00	32
424	1.000000000000000e+00	14
425	1.000000000000000e+00	2
426	1.000000000000000e+00	22
427	1.000000000000000e+00	2
428	1.000000000000000e+00	8
429	1.000000000000000e+00	8
430	1.000000000000000e+00	12
431	1.000000000000000e+00	10
432	1.000000000000000e+00	6
433	1.000000000000000e+00	2
434	1.000000000000000e+00	4
435	1.000000000000000e+00	2
436	1.000000000000000e+00	8
437	1.000000000000000e+00	8
438	1.000000000000000e+00	20
439	1.000000000000000e+00	24
440	1.000000000000000e+00	4
441	1.000000000000000e+00	8
442	1.000000000000000e+00	14
443	1.000000000000000e+00	14
444	1.000000000000000e+00	20
445	1.000000000000000e+00	8
446	1.000000000000000e+00	10
447	1.000000000000000e+00	18
448	1.000000000000000e+00	6
449	1.000000000000000e+00	10
450	1.000000000000000e+00	2
451	1.000000000000000e+00	4
452	1.000000000000000e+00	26
453	1.000000000000000e+00	22
454	1.000000000000000e+00	6
455	1.000000000000000e+00	26
456	1.000000000000000e+00	28
457	1.000000000000000e+00	4
458	1.000000000000000e+00	28
459	1.000000000000000e+00	16
460	1.000000000000000e+00	6
461	1.000000000000000e+00	8
462	1.000000000000000e+00	8
463	1.000000000000000e+00	6
464	1.000000000000000e+00	6
465	1.000000000000000e+00	24
466	1.000000000000000e+00	8
467	1.000000000000000e+00	4
468	1.000000000000000e+00	30
469	1.000000000000000e+00	14
470	1.000000000000000e+00	20
471	1.000000000000000e+00	10
472	1.000000000000000e+00	12
473	1.000000000000000e+00	10
474	1.000000000000000e+00	2
475	1.000000000000000e+00	14
476	1.000000000000000e+00	6
477	1.000000000000000e+00	6
478	1.000000000000000e+00	10
479	1.000000000000000e+00	12
480	1.000000000000000e+00	2
481	1.000000000000000e+00	34
482	1.000000000000000e+00	12
483	1.000000000000000e+00	4
484	1.000000000000000e+00	8
485	1.000000000000000e+00	6
486	1.000000000000000e+00	10
487	1.000000000000000e+00	32
488	1.000000000000000e+00	16
489	1.000000000000000e+00	4
490	1.000000000000000e+00	8
491	9.500125960789605e-01	292
492	9.000287315635924e-01	240
493	8.500430904662664e-01	300
494	8.000306909202713e-01	242
495	7.500313245612970e-01	272
496	7.000371362524033e-01	338
497	6.500389748080725e-01	348
498	6.000322482246115e-01	264
499	5.500357318712139e-01	186
500	5.000402536174118e-01	314
501	5.500368615425933e-01	272
502	6.000411851338056e-01	222
503	6.500556810702000e-01	306
504	7.000646343959135e-01	292
505	7.500649403949264e-01	308
506	8.000704674223353e-01	348
507	8.500795919726860e-01	286
508	9.000891136029081e-01	298
509	9.500910978668683e-01	90
510	9.000887470307739e-01	292
511	8.500825857410363e-01	294
512	8.000801700730318e-01	304
513	7.500862479834101e-01	278
514	8.000830659458368e-01	260
515	8.500791658587569e-01	162
516	9.000779431477580e-01	298
517	9.500751247321297e-01	322
518	1.000000000000000e+00	1000
519	1.000000000000000e+00	6
520	1.000000000000000e+00	52
521	1.000000000000000e+00	4
522	1.000000000000000e+00	12
523	1.000000000000000e+00	12
524	1.000000000000000e+00	18
525	1.000000000000000e+00	26
526	1.000000000000000e+00	2
527	1.000000000000000e+00	22
528	1.000000000000000e+00	16
529	1.000000000000000e+00	20
530	1.000000000000000e+00	24
531	1.000000000000000e+00	14
532	1.000000000000000e+00	18
533	1.000000000000000e+00	6
534	1.000000000000000e+00	12
535	1.000000000000000e+00	26
536	1.000000000000000e+00	14
537	1.000000000000000e+00	18
538	1.000000000000000e+00	14
539	1.000000000000000e+00	12
540	1.000000000000000e+00	14
541	1.000000000000000e+00	6
542	1.000000000000000e+00	12
543	1.000000000000000e+00	4
544	1.000000000000000e+00	40
545	1.000000000000000e+00	28
546	1.000000000000000e+00	8
547	1.000000000000000e+00	2
548	1.000000000000000e+00	10
549	1.000000000000000e+00	12
550	1.000000000000000e+00	12
551	1.000000000000000e+00	30
552	1.000000000000000e+00	4
553	1.000000000000000e+00	12
554	1.000000000000000e+00	12
555	1.000000000000000e+00	12
556	1.000000000000000e+00	30
557	1.000000000000000e+00	12
558	1.000000000000000e+00	20
559	1.000000000000000e+00	2
560	1.000000000000000e+00	52
561	1.000000000000000e+00	2
562	1.000000000000000e+00	6
563	1.000000000000000e+00	12
564	1.000000000000000e+00	6
565	1.000000000000000e+00	2
566	1.000000000000000e+00	16
567	1.000000000000000e+00	10
568	1.000000000000000e+00	4
569	1.000000000000000e+00	4
570	1.000000000000000e+00	4
571	1.000000000000000e+00	52
572	1.000000000000000e+00	16
573	1.000000000000000e+00	20
574	1.000000000000000e+00	6
575	1.000000000000000e+00	24
576	1.000000000000000e+00	10
577	1.000000000000000e+00	8
578	1.000000000000000e+00	4
579	1.000000000000000e+00	46
580	1.000000000000000e+00	2
581	1.000000000000000e+00	10
582	1.000000000000000e+00	10
583	1.000000000000000e+00	14
584	1.000000000000000e+00	2
585	1.000000000000000e+00	10
586	1.000000000000000e+00	10
587	1.000000000000000e+00	40
588	1.000000000000000e+00	4
589	1.000000000000000e+00	2
590	1.000000000000000e+00	10
591	1.000000000000000e+00	10
592	1.000000000000000e+00	2
593	1.000000000000000e+00	34
594	1.000000000000000e+00	4
595	1.000000000000000e+00	2
596	1.000000000000000e+00	20
597	1.000000000000000e+00	26
598	1.000000000000000e+00	8
599	1.000000000000000e+00	2
600	1.000000000000000e+00	8
601	1.000000000000000e+00	6
602	1.000000000000000e+00	6
603	1.000000000000000e+00	14
604	1.000000000000000e+00	18
605	1.000000000000000e+00	14
606	1.000000000000000e+00	4
607	1.000000000000000e+00	2
608	1.000000000000000e+00	24
609	1.000000000000000e+00	2
610	1.000000000000000e+00	4
611	1.000000000000000e+00	4
612	1.000000000000000e+00	14
613	1.000000000000000e+00	4
614	1.000000000000000e+00	12
615	1.000000000000000e+00	4
616	1.000000000000000e+00	6
617	1.000000000000000e+00	18
618	1.000000000000000e+00	2
619	1.000000000000000e+00	2
620	1.000000000000000e+00	2
621	1.000000000000000e+00	6
622	1.000000000000000e+00	2
623	1.000000000000000e+00	4
624	1.000000000000000e+00	18
625	1.000000000000000e+00	12
626	1.000000000000000e+00	24
627	1.000000000000000e+00	2
628	1.000000000000000e+00	8
629	1.000000000000000e+00	4
630	1.000000000000000e+00	6
631	1.000000000000000e+00	12
632	1.000000000000000e+00	2
633	1.000000000000000e+00	16
634	1.000000000000000e+00	10
635	1.000000000000000e+00	2
636	1.000000000000000e+00	6
637	1.000000000000000e+00	14
638	1.000000000000000e+00	2
639	1.000000000000000e+00	26
640	1.000000000000000e+00	40
641	1.000000000000000e+00	12
642	1.000000000000000e+00	18
643	1.000000000000000e+00	4
644	1.000000000000000e+00	12
645	1.000000000000000e+00	14
646	1.000000000000000e+00	6
647	1.000000000000000e+00	8
648	1.000000000000000e+00	12
649	1.000000000000000e+00	58
650	1.000000000000000e+00	22
651	1.000000000000000e+00	18
652	1.000000000000000e+00	14
653	1.000000000000000e+00	4
654	1.000000000000000e+00	20
655	1.000000000000000e+00	18
656	1.000000000000000e+00	6
657	1.000000000000000e+00	4
658	1.000000000000000e+00	10
659	1.000000000000000e+00	24
660	1.000000000000000e+00	2
661	1.000000000000000e+00	6
662	1.000000000000000e+00	10
663	1.000000000000000e+00	26
664	1.000000000000000e+00	2
665	1.000000000000000e+00	10
666	1.000000000000000e+00	2
667	1.000000000000000e+00	6
668	1.000000000000000e+00	24
669	1.000000000000000e+00	2
670	1.000000000000000e+00	12
671	1.000000000000000e+00	28
672	1.000000000000000e+00	6
673	1.000000000000000e+00	8
674	1.000000000000000e+00	10
675	1.000000000000000e+00	20
676	1.000000000000000e+00	6
677	1.000000000000000e+00	10
678	1.000000000000000e+00	22
679	1.000000000000000e+00	8
680	1.000000000000000e+00	14
681	1.000000000000000e+00	40
682	1.000000000000000e+00	2
683	1.000000000000000e+00	16
684	1.000000000000000e+00	10
685	1.000000000000000e+00	10
686	1.000000000000000e+00	6
687	1.000000000000000e+00	2
688	1.000000000000000e+00	2
689	1.000000000000000e+00	10
690	1.000000000000000e+00	6
691	1.000000000000000e+00	4
692	1.000000000000000e+00	8
693	1.000000000000000e+00	2
694	1.000000000000000e+00	46
695	1.000000000000000e+00	8
696	1.000000000000000e+00	4
697	1.000000000000000e+00	2
698	1.000000000000000e+00	16
699	1.000000000000000e+00	22
700	1.000000000000000e+00	8
701	1.000000000000000e+00	4
702	1.000000000000000e+00	4
703	1.000000000000000e+00	10
704	1.000000000000000e+00	30
705	1.000000000000000e+00	32
706	1.000000000000000e+00	2
707	1.000000000000000e+00	30
708	1.000000000000000e+00	2
709	1.000000000000000e+00	34
710	1.000000000000000e+00	8
711	1.000000000000000e+00	22
712	1.000000000000000e+00	6
713	1.000000000000000e+00	28
714	1.000000000000000e+00	8
715	1.000000000000000e+00	8
716	1.000000000000000e+00	10
717	1.000000000000000e+00	4
718	1.000000000000000e+00	28
719	1.000000000000000e+00	8
720	1.000000000000000e+00	12
721	1.000000000000000e+00	12
722	1.000000000000000e+00	16
723	1.000000000000000e+00	18
724	1.000000000000000e+00	6
725	1.000000000000000e+00	4
726	1.000000000000000e+00	8
727	1.000000000000000e+00	4
728	1.000000000000000e+00	8
729	1.000000000000000e+00	2
730	1.000000000000000e+00	6
731	1.000000000000000e+00	10
732	1.000000000000000e+00	2
733	1.000000000000000e+00	4
734	1.000000000000000e+00	2
735	1.000000000000000e+00	2
736	1.000000000000000e+00	2
737	1.000000000000000e+00	28
738	1.000000000000000e+00	16
739	1.000000000000000e+00	36
740	1.000000000000000e+00	8
741	1.000000000000000e+00	26
742	1.000000000000000e+00	8
743	1.000000000000000e+00	12
744	1.000000000000000e+00	6
745	1.000000000000000e+00	2
746	1.000000000000000e+00	2
747	1.000000000000000e+00	36
748	1.000000000000000e+00	4
749	1.000000000000000e+00	10
750	1.000000000000000e+00	8
751	1.000000000000000e+00	12
752	1.000000000000000e+00	28
753	1.000000000000000e+00	22
754	1.000000000000000e+00	20
755	1.000000000000000e+00	18
756	1.000000000000000e+00	8
757	1.000000000000000e+00	6
758	1.000000000000000e+00	6
759	1.000000000000000e+00	8
760	1.000000000000000e+00	16
761	1.000000000000000e+00	6
762	1.000000000000000e+00	2
763	1.000000000000000e+00	14
764	1.000000000000000e+00	12
765	1.000000000000000e+00	12
766	1.000000000000000e+00	4
767	1.000000000000000e+00	8
768	1.000000000000000e+00	2
769	1.000000000000000e+00	12
770	1.000000000000000e+00	2
771	1.000000000000000e+00	2
772	1.000000000000000e+00	6
773	1.000000000000000e+00	6
774	1.000000000000000e+00	4
775	1.000000000000000e+00	22
776	1.000000000000000e+00	8
777	1.000000000000000e+00	6
778	1.000000000000000e+00	12
779	1.000000000000000e+00	36
780	1.000000000000000e+00	20
781	1.000000000000000e+00	22
782	1.000000000000000e+00	16
783	1.000000000000000e+00	14
784	1.000000000000000e+00	12
785	1.000000000000000e+00	14
786	1.000000000000000e+00	8
787	1.000000000000000e+00	6
788	1.000000000000000e+00	38
789	1.000000000000000e+00	10
790	1.000000000000000e+00	20
791	1.000000000000000e+00	10
792	1.000000000000000e+00	34
793	1.000000000000000e+00	10
794	1.000000000000000e+00	18
795	1.000000000000000e+00	22
796	1.000000000000000e+00	20
797	1.000000000000000e+00	4
798	1.000000000000000e+00	8
799	1.000000000000000e+00	6
800	1.000000000000000e+00	4
801	1.000000000000000e+00	26
802	1.000000000000000e+00	20
803	1.000000000000000e+00	10
804	1.000000000000000e+00	18
805	1.000000000000000e+00	16
806	1.000000000000000e+00	2
807	1.000000000000000e+00	32
808	1.000000000000000e+00	10
809	1.000000000000000e+00	8
810	1.000000000000000e+00	4
811	1.000000000000000e+00	30
812	1.000000000000000e+00	16
813	1.000000000000000e+00	10
814	1.000000000000000e+00	8
815	1.000000000000000e+00	6
816	1.000000000000000e+00	6
817	1.000000000000000e+00	22
818	1.000000000000000e+00	4
819	1.000000000000000e+00	10
820	1.000000000000000e+00	12
821	1.000000000000000e+00	2
822	1.000000000000000e+00	4
823	1.000000000000000e+00	4
824	1.000000000000000e+00	28
825	1.000000000000000e+00	2
826	1.000000000000000e+00	10
827	1.000000000000000e+00	16
828	1.000000000000000e+00	22
829	1.000000000000000e+00	2
830	1.000000000000000e+00	16
831	1.000000000000000e+00	2
832	1.000000000000000e+00	18
833	1.000000000000000e+00	22
834	1.000000000000000e+00	16
835	1.000000000000000e+00	12
836	1.000000000000000e+00	12
837	1.000000000000000e+00	42
838	1.000000000000000e+00	2
839	1.000000000000000e+00	2
840	1.000000000000000e+00	6
841	1.000000000000000e+00	18
842	1.000000000000000e+00	10
843	1.000000000000000e+00	42
844	1.000000000000000e+00	8
845	1.000000000000000e+00	12
846	1.000000000000000e+00	4
847	1.000000000000000e+00	22
848	1.000000000000000e+00	18
849	1.000000000000000e+00	16
850	1.000000000000000e+00	10
851	1.000000000000000e+00	6
852	1.000000000000000e+00	4
853	1.000000000000000e+00	16
854	1.000000000000000e+00	2
855	1.000000000000000e+00	2
856	1.000000000000000e+00	2
857	1.000000000000000e+00	26
858	1.000000000000000e+00	2
859	1.000000000000000e+00	26
860	1.000000000000000e+00	4
861	1.000000000000000e+00	40
862	1.000000000000000e+00	16
863	1.000000000000000e+00	22
864	1.000000000000000e+00	4
865	1.000000000000000e+00	12
866	1.000000000000000e+00	16
867	1.000000000000000e+00	2
868	1.000000000000000e+00	26
869	1.000000000000000e+00	14
870	1.000000000000000e+00	24
871	1.000000000000000e+00	66
872	1.000000000000000e+00	22
873	1.000000000000000e+00	22
874	1.000000000000000e+00	2
875	1.000000000000000e+00	20
876	1.000000000000000e+00	4
877	1.000000000000000e+00	10
878	1.000000000000000e+00	18
879	1.000000000000000e+00	14
880	1.000000000000000e+00	6
881	1.000000000000000e+00	12
882	1.000000000000000e+00	8
883	1.000000000000000e+00	40
884	1.000000000000000e+00	6
885	1.000000000000000e+00	10
886	1.000000000000000e+00	6
887	1.000000000000000e+00	10
888	1.000000000000000e+00	6
889	1.000000000000000e+00	14
890	1.000000000000000e+00	14
891	1.000000000000000e+00	2
892	1.000000000000000e+00	6
893	1.000000000000000e+00	12
894	1.000000000000000e+00	2
895	1.000000000000000e+00	14
896	1.000000000000000e+00	20
897	1.000000000000000e+00	24
898	1.000000000000000e+00	4
899	1.000000000000000e+00	2
900	1.000000000000000e+00	16
901	1.000000000000000e+00	8
902	1.000000000000000e+00	28
903	1.000000000000000e+00	20
904	1.000000000000000e+00	30
905	1.000000000000000e+00	42
906	1.000000000000000e+00	6
907	1.000000000000000e+00	4
908	1.000000000000000e+00	2
909	1.000000000000000e+00	10
910	1.000000000000000e+00	2
911	1.000000000000000e+00	14
912	1.000000000000000e+00	14
913	1.000000000000000e+00	12
914	1.000000000000000e+00	32
915	1.000000000000000e+00	2
916	1.000000000000000e+00	6
917	1.000000000000000e+00	18
918	1.000000000000000e+00	18
919	1.000000000000000e+00	2
920	1.000000000000000e+00	4
921	1.000000000000000e+00	28
922	1.000000000000000e+00	12
923	1.000000000000000e+00	6
924	1.000000000000000e+00	2
925	1.000000000000000e+00	12
926	1.000000000000000e+00	16
927	1.000000000000000e+00	18
928	1.000000000000000e+00	12
929	1.000000000000000e+00	20
930	1.000000000000000e+00	30
931	1.000000000000000e+00	16
932	1.000000000000000e+00	24
933	1.000000000000000e+00	10
934	1.000000000000000e+00	8
935	1.000000000000000e+00	10
936	1.000000000000000e+00	12
937	1.000000000000000e+00	12
938	1.000000000000000e+00	14
939	1.000000000000000e+00	2
940	1.000000000000000e+00	16
941	1.000000000000000e+00	14
942	1.000000000000000e+00	12
943	1.000000000000000e+00	2
944	1.000000000000000e+00	2
945	1.000000000000000e+00	14
946	1.000000000000000e+00	6
947	1.000000000000000e+00	14
948	1.000000000000000e+00	12
949	1.000000000000000e+00	6
950	1.000000000000000e+00	28
951	1.000000000000000e+00	4
952	1.000000000000000e+00	10
953	1.000000000000000e+00	4
954	1.000000000000000e+00	2
955	1.000000000000000e+00	2
956	1.000000000000000e+00	42
957	1.000000000000000e+00	8
958	1.000000000000000e+00	12
959	1.000000000000000e+00	10
960	1.000000000000000e+00	14
961	1.000000000000000e+00	14
962	1.000000000000000e+00	6
963	1.000000000000000e+00	8
964	1.000000000000000e+00	4
965	1.000000000000000e+00	14
966	1.000000000000000e+00	6
967	1.000000000000000e+00	10
968	1.000000000000000e+00	44
969	1.000000000000000e+00	8
970	1.000000000000000e+00	20
971	1.000000000000000e+00	6
972	1.000000000000000e+00	16
973	1.000000000000000e+00	26
974	1.000000000000000e+00	2
975	1.000000000000000e+00	24
976	1.000000000000000e+00	6
977	1.000000000000000e+00	6
978	1.000000000000000e+00	12
979	1.000000000000000e+00	6
980	1.000000000000000e+00	4
981	1.000000000000000e+00	2
982	1.000000000000000e+00	24
983	1.000000000000000e+00	14
984	1.000000000000000e+00	2
985	1.000000000000000e+00	4
986	1.000000000000000e+00	16
987	1.000000000000000e+00	8
988	1.000000000000000e+00	24
989	1.000000000000000e+00	26
990	1.000000000000000e+00	18
991	1.000000000000000e+00	2
992	1.000000000000000e+00	16
993	1.000000000000000e+00	10
994	1.000000000000000e+00	12
995	1.000000000000000e+00	6
996	1.000000000000000e+00	10
997	1.000000000000000e+00	12
998	1.000000000000000e+00	8
999	1.000000000000000e+00	2
1000	1.000000000000000e+00	12


Tempo gasto: 6.988140
