Método usado: LUUS JAAKOLA

POSIÇÃO	ÁREA(mm²)	CUSTO

1	1.000000000000000e+00	20
2	1.000000000000000e+00	10
3	1.000000000000000e+00	20
4	1.000000000000000e+00	30
5	1.000000000000000e+00	8
6	1.000000000000000e+00	20
7	1.000000000000000e+00	2
8	1.000000000000000e+00	24
9	1.000000000000000e+00	2
10	1.000000000000000e+00	10
11	1.000000000000000e+00	12
12	1.000000000000000e+00	100
13	1.000000000000000e+00	8
14	1.000000000000000e+00	10
15	1.000000000000000e+00	2
16	1.000000000000000e+00	12
17	1.000000000000000e+00	10
18	1.000000000000000e+00	10
19	1.000000000000000e+00	16
20	1.000000000000000e+00	70
21	1.000000000000000e+00	2
22	1.000000000000000e+00	28
23	1.000000000000000e+00	16
24	1.000000000000000e+00	4
25	1.000000000000000e+00	8
26	1.000000000000000e+00	12
27	1.000000000000000e+00	10
28	1.000000000000000e+00	6
29	1.000000000000000e+00	2
30	1.000000000000000e+00	22
31	1.000000000000000e+00	2
32	1.000000000000000e+00	4
33	1.000000000000000e+00	4
34	1.000000000000000e+00	2
35	1.000000000000000e+00	4
36	1.000000000000000e+00	62
37	1.000000000000000e+00	12
38	1.000000000000000e+00	2
39	1.000000000000000e+00	4
40	1.000000000000000e+00	32
41	1.000000000000000e+00	6
42	1.000000000000000e+00	6
43	1.000000000000000e+00	12
44	1.000000000000000e+00	10
45	1.000000000000000e+00	14
46	1.000000000000000e+00	8
47	1.000000000000000e+00	4
48	1.000000000000000e+00	28
49	1.000000000000000e+00	36
50	1.000000000000000e+00	6
51	1.000000000000000e+00	12
52	1.000000000000000e+00	14
53	1.000000000000000e+00	6
54	1.000000000000000e+00	6
55	1.000000000000000e+00	6
56	1.000000000000000e+00	8
57	1.000000000000000e+00	8
58	1.000000000000000e+00	2
59	1.000000000000000e+00	4
60	1.000000000000000e+00	16
61	1.000000000000000e+00	30
62	1.000000000000000e+00	16
63	1.000000000000000e+00	10
64	1.000000000000000e+00	16
65	1.000000000000000e+00	12
66	1.000000000000000e+00	2
67	1.000000000000000e+00	18
68	1.000000000000000e+00	32
69	1.000000000000000e+00	4
70	1.000000000000000e+00	24
71	1.000000000000000e+00	20
72	1.000000000000000e+00	8
73	1.000000000000000e+00	2
74	1.000000000000000e+00	16
75	1.000000000000000e+00	10
76	1.000000000000000e+00	14
77	1.000000000000000e+00	2
78	1.000000000000000e+00	14
79	1.000000000000000e+00	16
80	1.000000000000000e+00	6
81	1.000000000000000e+00	2
82	1.000000000000000e+00	18
83	1.000000000000000e+00	6
84	1.000000000000000e+00	28
85	1.000000000000000e+00	12
86	1.000000000000000e+00	2
87	1.000000000000000e+00	8
88	1.000000000000000e+00	6
89	1.000000000000000e+00	16
90	1.000000000000000e+00	24
91	1.000000000000000e+00	8
92	1.000000000000000e+00	20
93	1.000000000000000e+00	2
94	1.000000000000000e+00	2
95	1.000000000000000e+00	16
96	1.000000000000000e+00	2
97	1.000000000000000e+00	6
98	1.000000000000000e+00	2
99	1.000000000000000e+00	2
100	1.000000000000000e+00	2
101	1.000000000000000e+00	16
102	1.000000000000000e+00	12
103	1.000000000000000e+00	2
104	1.000000000000000e+00	6
105	1.000000000000000e+00	22
106	1.000000000000000e+00	2
107	1.000000000000000e+00	22
108	1.000000000000000e+00	40
109	1.000000000000000e+00	20
110	1.000000000000000e+00	2
111	1.000000000000000e+00	12
112	1.000000000000000e+00	40
113	1.000000000000000e+00	24
114	1.000000000000000e+00	12
115	1.000000000000000e+00	10
116	1.000000000000000e+00	12
117	1.000000000000000e+00	4
118	1.000000000000000e+00	18
119	1.000000000000000e+00	2
120	1.000000000000000e+00	2
121	1.000000000000000e+00	12
122	1.000000000000000e+00	22
123	1.000000000000000e+00	14
124	1.000000000000000e+00	2
125	1.000000000000000e+00	2
126	1.000000000000000e+00	16
127	1.000000000000000e+00	10
128	1.000000000000000e+00	18
129	1.000000000000000e+00	14
130	1.000000000000000e+00	38
131	1.000000000000000e+00	4
132	1.000000000000000e+00	2
133	1.000000000000000e+00	4
134	1.000000000000000e+00	6
135	1.000000000000000e+00	18
136	1.000000000000000e+00	4
137	1.000000000000000e+00	10
138	1.000000000000000e+00	2
139	1.000000000000000e+00	2
140	1.000000000000000e+00	16
141	1.000000000000000e+00	6
142	1.000000000000000e+00	16
143	1.000000000000000e+00	10
144	1.000000000000000e+00	22
145	1.000000000000000e+00	14
146	1.000000000000000e+00	12
147	1.000000000000000e+00	2
148	1.000000000000000e+00	8
149	1.000000000000000e+00	2
150	1.000000000000000e+00	4
151	1.000000000000000e+00	8
152	1.000000000000000e+00	24
153	1.000000000000000e+00	2
154	1.000000000000000e+00	24
155	1.000000000000000e+00	6
156	1.000000000000000e+00	30
157	1.000000000000000e+00	16
158	1.000000000000000e+00	2
159	1.000000000000000e+00	10
160	1.000000000000000e+00	2
161	1.000000000000000e+00	20
162	1.000000000000000e+00	4
163	1.000000000000000e+00	4
164	1.000000000000000e+00	16
165	1.000000000000000e+00	28
166	1.000000000000000e+00	12
167	1.000000000000000e+00	4
168	1.000000000000000e+00	8
169	1.000000000000000e+00	40
170	1.000000000000000e+00	4
171	1.000000000000000e+00	24
172	1.000000000000000e+00	4
173	1.000000000000000e+00	18
174	1.000000000000000e+00	18
175	1.000000000000000e+00	16
176	1.000000000000000e+00	24
177	1.000000000000000e+00	12
178	1.000000000000000e+00	10
179	1.000000000000000e+00	12
180	1.000000000000000e+00	14
181	1.000000000000000e+00	36
182	1.000000000000000e+00	4
183	1.000000000000000e+00	18
184	1.000000000000000e+00	6
185	1.000000000000000e+00	2
186	1.000000000000000e+00	4
187	1.000000000000000e+00	24
188	1.000000000000000e+00	12
189	1.000000000000000e+00	10
190	1.000000000000000e+00	8
191	1.000000000000000e+00	14
192	1.000000000000000e+00	16
193	1.000000000000000e+00	10
194	1.000000000000000e+00	20
195	1.000000000000000e+00	18
196	1.000000000000000e+00	10
197	1.000000000000000e+00	2
198	1.000000000000000e+00	8
199	1.000000000000000e+00	10
200	1.000000000000000e+00	2
201	1.000000000000000e+00	2
202	1.000000000000000e+00	6
203	1.000000000000000e+00	44
204	1.000000000000000e+00	16
205	1.000000000000000e+00	8
206	1.000000000000000e+00	30
207	1.000000000000000e+00	14
208	1.000000000000000e+00	14
209	1.000000000000000e+00	14
210	1.000000000000000e+00	14
211	1.000000000000000e+00	4
212	1.000000000000000e+00	6
213	1.000000000000000e+00	4
214	1.000000000000000e+00	12
215	1.000000000000000e+00	10
216	1.000000000000000e+00	14
217	1.000000000000000e+00	14
218	1.000000000000000e+00	22
219	1.000000000000000e+00	24
220	1.000000000000000e+00	16
221	1.000000000000000e+00	20
222	1.000000000000000e+00	2
223	1.000000000000000e+00	4
224	1.000000000000000e+00	16
225	1.000000000000000e+00	10
226	1.000000000000000e+00	4
227	1.000000000000000e+00	6
228	1.000000000000000e+00	12
229	1.000000000000000e+00	8
230	1.000000000000000e+00	2
231	1.000000000000000e+00	8
232	1.000000000000000e+00	12
233	1.000000000000000e+00	6
234	1.000000000000000e+00	16
235	1.000000000000000e+00	8
236	1.000000000000000e+00	16
237	1.000000000000000e+00	16
238	1.000000000000000e+00	14
239	1.000000000000000e+00	10
240	1.000000000000000e+00	2
241	1.000000000000000e+00	40
242	1.000000000000000e+00	8
243	1.000000000000000e+00	30
244	1.000000000000000e+00	24
245	1.000000000000000e+00	2
246	1.000000000000000e+00	38
247	1.000000000000000e+00	14
248	1.000000000000000e+00	10
249	1.000000000000000e+00	6
250	1.000000000000000e+00	4
251	1.000000000000000e+00	54
252	1.000000000000000e+00	28
253	1.000000000000000e+00	12
254	1.000000000000000e+00	18
255	1.000000000000000e+00	12
256	1.000000000000000e+00	20
257	1.000000000000000e+00	6
258	1.000000000000000e+00	6
259	1.000000000000000e+00	10
260	1.000000000000000e+00	28
261	1.000000000000000e+00	14
262	1.000000000000000e+00	4
263	1.000000000000000e+00	22
264	1.000000000000000e+00	6
265	1.000000000000000e+00	10
266	1.000000000000000e+00	4
267	1.000000000000000e+00	2
268	1.000000000000000e+00	4
269	1.000000000000000e+00	6
270	1.000000000000000e+00	8
271	1.000000000000000e+00	8
272	1.000000000000000e+00	20
273	1.000000000000000e+00	2
274	1.000000000000000e+00	4
275	1.000000000000000e+00	8
276	1.000000000000000e+00	4
277	1.000000000000000e+00	18
278	1.000000000000000e+00	24
279	1.000000000000000e+00	36
280	1.000000000000000e+00	8
281	1.000000000000000e+00	8
282	1.000000000000000e+00	14
283	1.000000000000000e+00	4
284	1.000000000000000e+00	2
285	1.000000000000000e+00	8
286	1.000000000000000e+00	10
287	1.000000000000000e+00	20
288	1.000000000000000e+00	4
289	1.000000000000000e+00	12
290	1.000000000000000e+00	8
291	1.000000000000000e+00	6
292	1.000000000000000e+00	36
293	1.000000000000000e+00	18
294	1.000000000000000e+00	12
295	1.000000000000000e+00	10
296	1.000000000000000e+00	8
297	1.000000000000000e+00	2
298	1.000000000000000e+00	2
299	1.000000000000000e+00	22
300	1.000000000000000e+00	2
301	1.000000000000000e+00	26
302	1.000000000000000e+00	6
303	1.000000000000000e+00	6
304	1.000000000000000e+00	14
305	1.000000000000000e+00	20
306	1.000000000000000e+00	20
307	1.000000000000000e+00	6
308	1.000000000000000e+00	8
309	1.000000000000000e+00	20
310	1.000000000000000e+00	4
311	1.000000000000000e+00	2
312	1.000000000000000e+00	22
313	1.000000000000000e+00	16
314	1.000000000000000e+00	8
315	1.000000000000000e+00	22
316	1.000000000000000e+00	2
317	1.000000000000000e+00	12
318	1.000000000000000e+00	2
319	1.000000000000000e+00	2
320	1.000000000000000e+00	4
321	1.000000000000000e+00	22
322	1.000000000000000e+00	36
323	1.000000000000000e+00	14
324	1.000000000000000e+00	2
325	1.000000000000000e+00	2
326	1.000000000000000e+00	4
327	1.000000000000000e+00	12
328	1.000000000000000e+00	2
329	1.000000000000000e+00	14
330	1.000000000000000e+00	8
331	1.000000000000000e+00	4
332	1.000000000000000e+00	6
333	1.000000000000000e+00	18
334	1.000000000000000e+00	10
335	1.000000000000000e+00	4
336	1.000000000000000e+00	6
337	1.000000000000000e+00	18
338	1.000000000000000e+00	4
339	1.000000000000000e+00	6
340	1.000000000000000e+00	4
341	1.000000000000000e+00	6
342	1.000000000000000e+00	6
343	1.000000000000000e+00	8
344	1.000000000000000e+00	18
345	1.000000000000000e+00	50
346	1.000000000000000e+00	12
347	1.000000000000000e+00	30
348	1.000000000000000e+00	4
349	1.000000000000000e+00	4
350	1.000000000000000e+00	24
351	1.000000000000000e+00	2
352	1.000000000000000e+00	34
353	1.000000000000000e+00	2
354	1.000000000000000e+00	16
355	1.000000000000000e+00	36
356	1.000000000000000e+00	8
357	1.000000000000000e+00	20
358	1.000000000000000e+00	4
359	1.000000000000000e+00	10
360	1.000000000000000e+00	4
361	1.000000000000000e+00	2
362	1.000000000000000e+00	8
363	1.000000000000000e+00	2
364	1.000000000000000e+00	14
365	1.000000000000000e+00	2
366	1.000000000000000e+00	10
367	1.000000000000000e+00	22
368	1.000000000000000e+00	8
369	1.000000000000000e+00	10
370	1.000000000000000e+00	16
371	1.000000000000000e+00	28
372	1.000000000000000e+00	12
373	1.000000000000000e+00	54
374	1.000000000000000e+00	10
375	1.000000000000000e+00	20
376	1.000000000000000e+00	20
377	1.000000000000000e+00	12
378	1.000000000000000e+00	22
379	1.000000000000000e+00	2
380	1.000000000000000e+00	4
381	1.000000000000000e+00	6
382	1.000000000000000e+00	2
383	1.000000000000000e+00	14
384	1.000000000000000e+00	20
385	1.000000000000000e+00	16
386	1.000000000000000e+00	4
387	1.000000000000000e+00	32
388	1.000000000000000e+00	14
389	1.000000000000000e+00	8
390	1.000000000000000e+00	20
391	1.000000000000000e+00	10
392	1.000000000000000e+00	2
393	1.000000000000000e+00	4
394	1.000000000000000e+00	4
395	1.000000000000000e+00	4
396	1.000000000000000e+00	10
397	1.000000000000000e+00	2
398	1.000000000000000e+00	14
399	1.000000000000000e+00	6
400	1.000000000000000e+00	18
401	1.000000000000000e+00	12
402	1.000000000000000e+00	12
403	1.000000000000000e+00	4
404	1.000000000000000e+00	10
405	1.000000000000000e+00	24
406	1.000000000000000e+00	8
407	1.000000000000000e+00	6
408	1.000000000000000e+00	4
409	1.000000000000000e+00	6
410	1.000000000000000e+00	8
411	1.000000000000000e+00	2
412	1.000000000000000e+00	2
413	1.000000000000000e+00	4
414	1.000000000000000e+00	8
415	1.000000000000000e+00	14
416	1.000000000000000e+00	2
417	1.000000000000000e+00	10
418	1.000000000000000e+00	12
419	1.000000000000000e+00	8
420	1.000000000000000e+00	2
421	1.000000000000000e+00	6
422	1.000000000000000e+00	12
423	1.000000000000000e+00	8
424	1.000000000000000e+00	8
425	1.000000000000000e+00	20
426	1.000000000000000e+00	12
427	1.000000000000000e+00	6
428	1.000000000000000e+00	2
429	1.000000000000000e+00	2
430	1.000000000000000e+00	6
431	1.000000000000000e+00	32
432	1.000000000000000e+00	18
433	1.000000000000000e+00	10
434	1.000000000000000e+00	20
435	1.000000000000000e+00	22
436	1.000000000000000e+00	38
437	1.000000000000000e+00	2
438	1.000000000000000e+00	2
439	1.000000000000000e+00	6
440	1.000000000000000e+00	14
441	1.000000000000000e+00	2
442	1.000000000000000e+00	22
443	1.000000000000000e+00	12
444	1.000000000000000e+00	4
445	1.000000000000000e+00	2
446	1.000000000000000e+00	12
447	1.000000000000000e+00	14
448	1.000000000000000e+00	2
449	1.000000000000000e+00	14
450	1.000000000000000e+00	6
451	1.000000000000000e+00	12
452	1.000000000000000e+00	26
453	1.000000000000000e+00	2
454	1.000000000000000e+00	10
455	1.000000000000000e+00	22
456	1.000000000000000e+00	6
457	1.000000000000000e+00	12
458	1.000000000000000e+00	14
459	1.000000000000000e+00	6
460	1.000000000000000e+00	10
461	1.000000000000000e+00	4
462	1.000000000000000e+00	4
463	1.000000000000000e+00	10
464	1.000000000000000e+00	10
465	1.000000000000000e+00	8
466	1.000000000000000e+00	6
467	1.000000000000000e+00	6
468	1.000000000000000e+00	16
469	1.000000000000000e+00	10
470	1.000000000000000e+00	22
471	1.000000000000000e+00	4
472	1.000000000000000e+00	26
473	1.000000000000000e+00	2
474	1.000000000000000e+00	8
475	1.000000000000000e+00	14
476	1.000000000000000e+00	22
477	1.000000000000000e+00	2
478	1.000000000000000e+00	18
479	1.000000000000000e+00	50
480	1.000000000000000e+00	6
481	1.000000000000000e+00	6
482	1.000000000000000e+00	6
483	1.000000000000000e+00	2
484	1.000000000000000e+00	22
485	1.000000000000000e+00	12
486	1.000000000000000e+00	4
487	1.000000000000000e+00	12
488	1.000000000000000e+00	10
489	1.000000000000000e+00	10
490	1.000000000000000e+00	10
491	9.500123801853343e-01	238
492	8.999971566569681e-01	340
493	8.499998917174399e-01	316
494	8.000113926719424e-01	294
495	7.500100618390833e-01	338
496	7.000158768701464e-01	324
497	6.500129783263063e-01	296
498	6.000170450600379e-01	298
499	5.500260772949104e-01	284
500	5.000153598303019e-01	268
501	5.500247175599513e-01	262
502	6.000279186966383e-01	226
503	6.500401321591646e-01	298
504	7.000451897834966e-01	322
505	7.500542836249077e-01	314
506	8.000551398179583e-01	318
507	8.500454469200186e-01	290
508	9.000435710284796e-01	330
509	9.500286790025934e-01	296
510	9.000384922474857e-01	270
511	8.500472250721043e-01	38
512	8.000390708857720e-01	286
513	7.500488201687596e-01	322
514	8.000514703068553e-01	352
515	8.500641418610092e-01	266
516	9.000821599914758e-01	288
517	9.500988545987432e-01	262
518	1.000000000000000e+00	1000
519	1.000000000000000e+00	14
520	1.000000000000000e+00	4
521	1.000000000000000e+00	2
522	1.000000000000000e+00	2
523	1.000000000000000e+00	8
524	1.000000000000000e+00	32
525	1.000000000000000e+00	14
526	1.000000000000000e+00	10
527	1.000000000000000e+00	20
528	1.000000000000000e+00	4
529	1.000000000000000e+00	28
530	1.000000000000000e+00	2
531	1.000000000000000e+00	24
532	1.000000000000000e+00	12
533	1.000000000000000e+00	12
534	1.000000000000000e+00	4
535	1.000000000000000e+00	8
536	1.000000000000000e+00	8
537	1.000000000000000e+00	18
538	1.000000000000000e+00	32
539	1.000000000000000e+00	6
540	1.000000000000000e+00	14
541	1.000000000000000e+00	24
542	1.000000000000000e+00	8
543	1.000000000000000e+00	4
544	1.000000000000000e+00	12
545	1.000000000000000e+00	6
546	1.000000000000000e+00	2
547	1.000000000000000e+00	10
548	1.000000000000000e+00	18
549	1.000000000000000e+00	12
550	1.000000000000000e+00	10
551	1.000000000000000e+00	14
552	1.000000000000000e+00	22
553	1.000000000000000e+00	24
554	1.000000000000000e+00	2
555	1.000000000000000e+00	4
556	1.000000000000000e+00	4
557	1.000000000000000e+00	8
558	1.000000000000000e+00	2
559	1.000000000000000e+00	6
560	1.000000000000000e+00	4
561	1.000000000000000e+00	10
562	1.000000000000000e+00	16
563	1.000000000000000e+00	10
564	1.000000000000000e+00	6
565	1.000000000000000e+00	14
566	1.000000000000000e+00	14
567	1.000000000000000e+00	30
568	1.000000000000000e+00	12
569	1.000000000000000e+00	10
570	1.000000000000000e+00	6
571	1.000000000000000e+00	4
572	1.000000000000000e+00	12
573	1.000000000000000e+00	20
574	1.000000000000000e+00	32
575	1.000000000000000e+00	16
576	1.000000000000000e+00	30
577	1.000000000000000e+00	22
578	1.000000000000000e+00	24
579	1.000000000000000e+00	58
580	1.000000000000000e+00	16
581	1.000000000000000e+00	16
582	1.000000000000000e+00	16
583	1.000000000000000e+00	18
584	1.000000000000000e+00	6
585	1.000000000000000e+00	14
586	1.000000000000000e+00	6
587	1.000000000000000e+00	20
588	1.000000000000000e+00	18
589	1.000000000000000e+00	68
590	1.000000000000000e+00	4
591	1.000000000000000e+00	22
592	1.000000000000000e+00	8
593	1.000000000000000e+00	6
594	1.000000000000000e+00	32
595	1.000000000000000e+00	6
596	1.000000000000000e+00	6
597	1.000000000000000e+00	26
598	1.000000000000000e+00	14
599	1.000000000000000e+00	12
600	1.000000000000000e+00	8
601	1.000000000000000e+00	8
602	1.000000000000000e+00	18
603	1.000000000000000e+00	10
604	1.000000000000000e+00	14
605	1.000000000000000e+00	14
606	1.000000000000000e+00	18
607	1.000000000000000e+00	6
608	1.000000000000000e+00	10
609	1.000000000000000e+00	26
610	1.000000000000000e+00	2
611	1.000000000000000e+00	8
612	1.000000000000000e+00	2
613	1.000000000000000e+00	2
614	1.000000000000000e+00	20
615	1.000000000000000e+00	16
616	1.000000000000000e+00	6
617	1.000000000000000e+00	16
618	1.000000000000000e+00	8
619	1.000000000000000e+00	22
620	1.000000000000000e+00	18
621	1.000000000000000e+00	4
622	1.000000000000000e+00	4
623	1.000000000000000e+00	8
624	1.000000000000000e+00	12
625	1.000000000000000e+00	12
626	1.000000000000000e+00	10
627	1.000000000000000e+00	4
628	1.000000000000000e+00	14
629	1.000000000000000e+00	2
630	1.000000000000000e+00	6
631	1.000000000000000e+00	6
632	1.000000000000000e+00	16
633	1.000000000000000e+00	8
634	1.000000000000000e+00	22
635	1.000000000000000e+00	8
636	1.000000000000000e+00	4
637	1.000000000000000e+00	2
638	1.000000000000000e+00	16
639	1.000000000000000e+00	8
640	1.000000000000000e+00	16
641	1.000000000000000e+00	28
642	1.000000000000000e+00	6
643	1.000000000000000e+00	20
644	1.000000000000000e+00	4
645	1.000000000000000e+00	10
646	1.000000000000000e+00	8
647	1.000000000000000e+00	6
648	1.000000000000000e+00	6
649	1.000000000000000e+00	10
650	1.000000000000000e+00	6
651	1.000000000000000e+00	8
652	1.000000000000000e+00	22
653	1.000000000000000e+00	4
654	1.000000000000000e+00	12
655	1.000000000000000e+00	22
656	1.000000000000000e+00	12
657	1.000000000000000e+00	6
658	1.000000000000000e+00	26
659	1.000000000000000e+00	4
660	1.000000000000000e+00	2
661	1.000000000000000e+00	4
662	1.000000000000000e+00	16
663	1.000000000000000e+00	10
664	1.000000000000000e+00	34
665	1.000000000000000e+00	14
666	1.000000000000000e+00	8
667	1.000000000000000e+00	10
668	1.000000000000000e+00	12
669	1.000000000000000e+00	14
670	1.000000000000000e+00	16
671	1.000000000000000e+00	18
672	1.000000000000000e+00	12
673	1.000000000000000e+00	12
674	1.000000000000000e+00	22
675	1.000000000000000e+00	58
676	1.000000000000000e+00	18
677	1.000000000000000e+00	4
678	1.000000000000000e+00	24
679	1.000000000000000e+00	22
680	1.000000000000000e+00	8
681	1.000000000000000e+00	16
682	1.000000000000000e+00	50
683	1.000000000000000e+00	2
684	1.000000000000000e+00	4
685	1.000000000000000e+00	4
686	1.000000000000000e+00	8
687	1.000000000000000e+00	4
688	1.000000000000000e+00	10
689	1.000000000000000e+00	4
690	1.000000000000000e+00	28
691	1.000000000000000e+00	8
692	1.000000000000000e+00	12
693	1.000000000000000e+00	18
694	1.000000000000000e+00	12
695	1.000000000000000e+00	4
696	1.000000000000000e+00	14
697	1.000000000000000e+00	14
698	1.000000000000000e+00	10
699	1.000000000000000e+00	8
700	1.000000000000000e+00	10
701	1.000000000000000e+00	30
702	1.000000000000000e+00	18
703	1.000000000000000e+00	6
704	1.000000000000000e+00	8
705	1.000000000000000e+00	8
706	1.000000000000000e+00	10
707	1.000000000000000e+00	16
708	1.000000000000000e+00	4
709	1.000000000000000e+00	8
710	1.000000000000000e+00	8
711	1.000000000000000e+00	6
712	1.000000000000000e+00	14
713	1.000000000000000e+00	2
714	1.000000000000000e+00	6
715	1.000000000000000e+00	6
716	1.000000000000000e+00	24
717	1.000000000000000e+00	10
718	1.000000000000000e+00	22
719	1.000000000000000e+00	34
720	1.000000000000000e+00	14
721	1.000000000000000e+00	10
722	1.000000000000000e+00	4
723	1.000000000000000e+00	16
724	1.000000000000000e+00	2
725	1.000000000000000e+00	4
726	1.000000000000000e+00	4
727	1.000000000000000e+00	2
728	1.000000000000000e+00	14
729	1.000000000000000e+00	8
730	1.000000000000000e+00	10
731	1.000000000000000e+00	4
732	1.000000000000000e+00	22
733	1.000000000000000e+00	12
734	1.000000000000000e+00	4
735	1.000000000000000e+00	6
736	1.000000000000000e+00	4
737	1.000000000000000e+00	8
738	1.000000000000000e+00	8
739	1.000000000000000e+00	12
740	1.000000000000000e+00	12
741	1.000000000000000e+00	4
742	1.000000000000000e+00	4
743	1.000000000000000e+00	4
744	1.000000000000000e+00	2
745	1.000000000000000e+00	10
746	1.000000000000000e+00	2
747	1.000000000000000e+00	6
748	1.000000000000000e+00	10
749	1.000000000000000e+00	4
750	1.000000000000000e+00	8
751	1.000000000000000e+00	18
752	1.000000000000000e+00	12
753	1.000000000000000e+00	26
754	1.000000000000000e+00	4
755	1.000000000000000e+00	18
756	1.000000000000000e+00	42
757	1.000000000000000e+00	30
758	1.000000000000000e+00	4
759	1.000000000000000e+00	14
760	1.000000000000000e+00	14
761	1.000000000000000e+00	8
762	1.000000000000000e+00	6
763	1.000000000000000e+00	4
764	1.000000000000000e+00	30
765	1.000000000000000e+00	4
766	1.000000000000000e+00	14
767	1.000000000000000e+00	8
768	1.000000000000000e+00	16
769	1.000000000000000e+00	4
770	1.000000000000000e+00	16
771	1.000000000000000e+00	4
772	1.000000000000000e+00	4
773	1.000000000000000e+00	8
774	1.000000000000000e+00	12
775	1.000000000000000e+00	6
776	1.000000000000000e+00	22
777	1.000000000000000e+00	14
778	1.000000000000000e+00	12
779	1.000000000000000e+00	10
780	1.000000000000000e+00	12
781	1.000000000000000e+00	6
782	1.000000000000000e+00	4
783	1.000000000000000e+00	26
784	1.000000000000000e+00	6
785	1.000000000000000e+00	2
786	1.000000000000000e+00	24
787	1.000000000000000e+00	2
788	1.000000000000000e+00	28
789	1.000000000000000e+00	8
790	1.000000000000000e+00	2
791	1.000000000000000e+00	4
792	1.000000000000000e+00	18
793	1.000000000000000e+00	30
794	1.000000000000000e+00	12
795	1.000000000000000e+00	10
796	1.000000000000000e+00	2
797	1.000000000000000e+00	4
798	1.000000000000000e+00	12
799	1.000000000000000e+00	4
800	1.000000000000000e+00	12
801	1.000000000000000e+00	18
802	1.000000000000000e+00	26
803	1.000000000000000e+00	44
804	1.000000000000000e+00	12
805	1.000000000000000e+00	14
806	1.000000000000000e+00	20
807	1.000000000000000e+00	18
808	1.000000000000000e+00	2
809	1.000000000000000e+00	26
810	1.000000000000000e+00	4
811	1.000000000000000e+00	18
812	1.000000000000000e+00	28
813	1.000000000000000e+00	22
814	1.000000000000000e+00	4
815	1.000000000000000e+00	24
816	1.000000000000000e+00	18
817	1.000000000000000e+00	18
818	1.000000000000000e+00	16
819	1.000000000000000e+00	18
820	1.000000000000000e+00	12
821	1.000000000000000e+00	24
822	1.000000000000000e+00	12
823	1.000000000000000e+00	4
824	1.000000000000000e+00	4
825	1.000000000000000e+00	18
826	1.000000000000000e+00	4
827	1.000000000000000e+00	8
828	1.000000000000000e+00	22
829	1.000000000000000e+00	6
830	1.000000000000000e+00	14
831	1.000000000000000e+00	6
832	1.000000000000000e+00	2
833	1.000000000000000e+00	4
834	1.000000000000000e+00	6
835	1.000000000000000e+00	20
836	1.000000000000000e+00	14
837	1.000000000000000e+00	34
838	1.000000000000000e+00	10
839	1.000000000000000e+00	22
840	1.000000000000000e+00	2
841	1.000000000000000e+00	4
842	1.000000000000000e+00	12
843	1.000000000000000e+00	2
844	1.000000000000000e+00	4
845	1.000000000000000e+00	20
846	1.000000000000000e+00	2
847	1.000000000000000e+00	4
848	1.000000000000000e+00	4
849	1.000000000000000e+00	8
850	1.000000000000000e+00	24
851	1.000000000000000e+00	2
852	1.000000000000000e+00	24
853	1.000000000000000e+00	2
854	1.000000000000000e+00	4
855	1.000000000000000e+00	18
856	1.000000000000000e+00	16
857	1.000000000000000e+00	12
858	1.000000000000000e+00	38
859	1.000000000000000e+00	8
860	1.000000000000000e+00	8
861	1.000000000000000e+00	6
862	1.000000000000000e+00	18
863	1.000000000000000e+00	4
864	1.000000000000000e+00	4
865	1.000000000000000e+00	4
866	1.000000000000000e+00	4
867	1.000000000000000e+00	12
868	1.000000000000000e+00	12
869	1.000000000000000e+00	20
870	1.000000000000000e+00	6
871	1.000000000000000e+00	10
872	1.000000000000000e+00	6
873	1.000000000000000e+00	8
874	1.000000000000000e+00	30
875	1.000000000000000e+00	4
876	1.000000000000000e+00	28
877	1.000000000000000e+00	4
878	1.000000000000000e+00	2
879	1.000000000000000e+00	18
880	1.000000000000000e+00	14
881	1.000000000000000e+00	10
882	1.000000000000000e+00	14
883	1.000000000000000e+00	16
884	1.000000000000000e+00	8
885	1.000000000000000e+00	20
886	1.000000000000000e+00	20
887	1.000000000000000e+00	20
888	1.000000000000000e+00	2
889	1.000000000000000e+00	12
890	1.000000000000000e+00	18
891	1.000000000000000e+00	26
892	1.000000000000000e+00	14
893	1.000000000000000e+00	6
894	1.000000000000000e+00	12
895	1.000000000000000e+00	24
896	1.000000000000000e+00	10
897	1.000000000000000e+00	4
898	1.000000000000000e+00	2
899	1.000000000000000e+00	4
900	1.000000000000000e+00	20
901	1.000000000000000e+00	12
902	1.000000000000000e+00	10
903	1.000000000000000e+00	6
904	1.000000000000000e+00	12
905	1.000000000000000e+00	2
906	1.000000000000000e+00	8
907	1.000000000000000e+00	6
908	1.000000000000000e+00	2
909	1.000000000000000e+00	6
910	1.000000000000000e+00	2
911	1.000000000000000e+00	8
912	1.000000000000000e+00	4
913	1.000000000000000e+00	16
914	1.000000000000000e+00	38
915	1.000000000000000e+00	12
916	1.000000000000000e+00	26
917	1.000000000000000e+00	22
918	1.000000000000000e+00	6
919	1.000000000000000e+00	18
920	1.000000000000000e+00	38
921	1.000000000000000e+00	2
922	1.000000000000000e+00	26
923	1.000000000000000e+00	12
924	1.000000000000000e+00	24
925	1.000000000000000e+00	12
926	1.000000000000000e+00	14
927	1.000000000000000e+00	8
928	1.000000000000000e+00	2
929	1.000000000000000e+00	20
930	1.000000000000000e+00	12
931	1.000000000000000e+00	2
932	1.000000000000000e+00	4
933	1.000000000000000e+00	16
934	1.000000000000000e+00	2
935	1.000000000000000e+00	22
936	1.000000000000000e+00	2
937	1.000000000000000e+00	2
938	1.000000000000000e+00	2
939	1.000000000000000e+00	4
940	1.000000000000000e+00	12
941	1.000000000000000e+00	12
942	1.000000000000000e+00	8
943	1.000000000000000e+00	12
944	1.000000000000000e+00	10
945	1.000000000000000e+00	2
946	1.000000000000000e+00	16
947	1.000000000000000e+00	4
948	1.000000000000000e+00	2
949	1.000000000000000e+00	20
950	1.000000000000000e+00	26
951	1.000000000000000e+00	14
952	1.000000000000000e+00	10
953	1.000000000000000e+00	6
954	1.000000000000000e+00	14
955	1.000000000000000e+00	4
956	1.000000000000000e+00	16
957	1.000000000000000e+00	8
958	1.000000000000000e+00	18
959	1.000000000000000e+00	6
960	1.000000000000000e+00	6
961	1.000000000000000e+00	58
962	1.000000000000000e+00	2
963	1.000000000000000e+00	22
964	1.000000000000000e+00	28
965	1.000000000000000e+00	24
966	1.000000000000000e+00	16
967	1.000000000000000e+00	18
968	1.000000000000000e+00	10
969	1.000000000000000e+00	12
970	1.000000000000000e+00	34
971	1.000000000000000e+00	22
972	1.000000000000000e+00	12
973	1.000000000000000e+00	10
974	1.000000000000000e+00	4
975	1.000000000000000e+00	4
976	1.000000000000000e+00	16
977	1.000000000000000e+00	12
978	1.000000000000000e+00	4
979	1.000000000000000e+00	54
980	1.000000000000000e+00	2
981	1.000000000000000e+00	2
982	1.000000000000000e+00	26
983	1.000000000000000e+00	8
984	1.000000000000000e+00	2
985	1.000000000000000e+00	6
986	1.000000000000000e+00	10
987	1.000000000000000e+00	22
988	1.000000000000000e+00	14
989	1.000000000000000e+00	4
990	1.000000000000000e+00	24
991	1.000000000000000e+00	16
992	1.000000000000000e+00	8
993	1.000000000000000e+00	4
994	1.000000000000000e+00	2
995	1.000000000000000e+00	12
996	1.000000000000000e+00	22
997	1.000000000000000e+00	4
998	1.000000000000000e+00	4
999	1.000000000000000e+00	14
1000	1.000000000000000e+00	18


Tempo gasto: 6.951212
