Método usado: LUUS JAAKOLA

POSIÇÃO	ÁREA(mm²)	CUSTO

1	1.000000000000000e+00	2
2	1.000000000000000e+00	8
3	1.000000000000000e+00	4
4	1.000000000000000e+00	6
5	1.000000000000000e+00	10
6	1.000000000000000e+00	4
7	1.000000000000000e+00	6
8	1.000000000000000e+00	12
9	1.000000000000000e+00	24
10	1.000000000000000e+00	2
11	1.000000000000000e+00	24
12	1.000000000000000e+00	14
13	1.000000000000000e+00	8
14	1.000000000000000e+00	10
15	1.000000000000000e+00	2
16	1.000000000000000e+00	14
17	1.000000000000000e+00	42
18	1.000000000000000e+00	2
19	1.000000000000000e+00	14
20	1.000000000000000e+00	2
21	1.000000000000000e+00	24
22	1.000000000000000e+00	16
23	1.000000000000000e+00	24
24	1.000000000000000e+00	16
25	1.000000000000000e+00	6
26	1.000000000000000e+00	12
27	1.000000000000000e+00	20
28	1.000000000000000e+00	18
29	1.000000000000000e+00	14
30	1.000000000000000e+00	8
31	1.000000000000000e+00	20
32	1.000000000000000e+00	32
33	1.000000000000000e+00	2
34	1.000000000000000e+00	4
35	1.000000000000000e+00	18
36	1.000000000000000e+00	8
37	1.000000000000000e+00	48
38	1.000000000000000e+00	2
39	1.000000000000000e+00	16
40	1.000000000000000e+00	4
41	1.000000000000000e+00	12
42	1.000000000000000e+00	6
43	1.000000000000000e+00	6
44	1.000000000000000e+00	16
45	1.000000000000000e+00	10
46	1.000000000000000e+00	12
47	1.000000000000000e+00	10
48	1.000000000000000e+00	8
49	1.000000000000000e+00	44
50	1.000000000000000e+00	4
51	1.000000000000000e+00	28
52	1.000000000000000e+00	18
53	1.000000000000000e+00	10
54	1.000000000000000e+00	4
55	1.000000000000000e+00	2
56	1.000000000000000e+00	10
57	1.000000000000000e+00	18
58	1.000000000000000e+00	4
59	1.000000000000000e+00	10
60	1.000000000000000e+00	16
61	1.000000000000000e+00	6
62	1.000000000000000e+00	12
63	1.000000000000000e+00	24
64	1.000000000000000e+00	18
65	1.000000000000000e+00	18
66	1.000000000000000e+00	16
67	1.000000000000000e+00	18
68	1.000000000000000e+00	4
69	1.000000000000000e+00	18
70	1.000000000000000e+00	4
71	1.000000000000000e+00	4
72	1.000000000000000e+00	2
73	1.000000000000000e+00	10
74	1.000000000000000e+00	4
75	1.000000000000000e+00	10
76	1.000000000000000e+00	8
77	1.000000000000000e+00	2
78	1.000000000000000e+00	2
79	1.000000000000000e+00	22
80	1.000000000000000e+00	12
81	1.000000000000000e+00	8
82	1.000000000000000e+00	12
83	1.000000000000000e+00	2
84	1.000000000000000e+00	8
85	1.000000000000000e+00	2
86	1.000000000000000e+00	8
87	1.000000000000000e+00	34
88	1.000000000000000e+00	8
89	1.000000000000000e+00	10
90	1.000000000000000e+00	18
91	1.000000000000000e+00	20
92	1.000000000000000e+00	8
93	1.000000000000000e+00	34
94	1.000000000000000e+00	16
95	1.000000000000000e+00	2
96	1.000000000000000e+00	18
97	1.000000000000000e+00	16
98	1.000000000000000e+00	28
99	1.000000000000000e+00	10
100	1.000000000000000e+00	26
101	1.000000000000000e+00	8
102	1.000000000000000e+00	6
103	1.000000000000000e+00	8
104	1.000000000000000e+00	20
105	1.000000000000000e+00	8
106	1.000000000000000e+00	6
107	1.000000000000000e+00	18
108	1.000000000000000e+00	20
109	1.000000000000000e+00	20
110	1.000000000000000e+00	4
111	1.000000000000000e+00	8
112	1.000000000000000e+00	6
113	1.000000000000000e+00	2
114	1.000000000000000e+00	2
115	1.000000000000000e+00	4
116	1.000000000000000e+00	4
117	1.000000000000000e+00	16
118	1.000000000000000e+00	22
119	1.000000000000000e+00	26
120	1.000000000000000e+00	12
121	1.000000000000000e+00	2
122	1.000000000000000e+00	10
123	1.000000000000000e+00	2
124	1.000000000000000e+00	10
125	1.000000000000000e+00	14
126	1.000000000000000e+00	10
127	1.000000000000000e+00	20
128	1.000000000000000e+00	20
129	1.000000000000000e+00	6
130	1.000000000000000e+00	34
131	1.000000000000000e+00	12
132	1.000000000000000e+00	22
133	1.000000000000000e+00	12
134	1.000000000000000e+00	10
135	1.000000000000000e+00	30
136	1.000000000000000e+00	6
137	1.000000000000000e+00	10
138	1.000000000000000e+00	8
139	1.000000000000000e+00	18
140	1.000000000000000e+00	6
141	1.000000000000000e+00	2
142	1.000000000000000e+00	6
143	1.000000000000000e+00	10
144	1.000000000000000e+00	30
145	1.000000000000000e+00	2
146	1.000000000000000e+00	4
147	1.000000000000000e+00	2
148	1.000000000000000e+00	4
149	1.000000000000000e+00	14
150	1.000000000000000e+00	2
151	1.000000000000000e+00	2
152	1.000000000000000e+00	2
153	1.000000000000000e+00	8
154	1.000000000000000e+00	10
155	1.000000000000000e+00	12
156	1.000000000000000e+00	6
157	1.000000000000000e+00	2
158	1.000000000000000e+00	26
159	1.000000000000000e+00	2
160	1.000000000000000e+00	14
161	1.000000000000000e+00	8
162	1.000000000000000e+00	42
163	1.000000000000000e+00	52
164	1.000000000000000e+00	14
165	1.000000000000000e+00	10
166	1.000000000000000e+00	10
167	1.000000000000000e+00	24
168	1.000000000000000e+00	20
169	1.000000000000000e+00	12
170	1.000000000000000e+00	34
171	1.000000000000000e+00	10
172	1.000000000000000e+00	18
173	1.000000000000000e+00	12
174	1.000000000000000e+00	2
175	1.000000000000000e+00	10
176	1.000000000000000e+00	4
177	1.000000000000000e+00	2
178	1.000000000000000e+00	6
179	1.000000000000000e+00	2
180	1.000000000000000e+00	18
181	1.000000000000000e+00	24
182	1.000000000000000e+00	8
183	1.000000000000000e+00	4
184	1.000000000000000e+00	26
185	1.000000000000000e+00	6
186	1.000000000000000e+00	18
187	1.000000000000000e+00	2
188	1.000000000000000e+00	22
189	1.000000000000000e+00	16
190	1.000000000000000e+00	2
191	1.000000000000000e+00	46
192	1.000000000000000e+00	8
193	1.000000000000000e+00	6
194	1.000000000000000e+00	12
195	1.000000000000000e+00	18
196	1.000000000000000e+00	14
197	1.000000000000000e+00	8
198	1.000000000000000e+00	2
199	1.000000000000000e+00	2
200	1.000000000000000e+00	4
201	1.000000000000000e+00	14
202	1.000000000000000e+00	60
203	1.000000000000000e+00	10
204	1.000000000000000e+00	4
205	1.000000000000000e+00	24
206	1.000000000000000e+00	6
207	1.000000000000000e+00	28
208	1.000000000000000e+00	12
209	1.000000000000000e+00	18
210	1.000000000000000e+00	8
211	1.000000000000000e+00	12
212	1.000000000000000e+00	20
213	1.000000000000000e+00	12
214	1.000000000000000e+00	2
215	1.000000000000000e+00	8
216	1.000000000000000e+00	4
217	1.000000000000000e+00	8
218	1.000000000000000e+00	4
219	1.000000000000000e+00	12
220	1.000000000000000e+00	14
221	1.000000000000000e+00	10
222	1.000000000000000e+00	8
223	1.000000000000000e+00	8
224	1.000000000000000e+00	32
225	1.000000000000000e+00	10
226	1.000000000000000e+00	8
227	1.000000000000000e+00	6
228	1.000000000000000e+00	2
229	1.000000000000000e+00	18
230	1.000000000000000e+00	20
231	1.000000000000000e+00	4
232	1.000000000000000e+00	12
233	1.000000000000000e+00	14
234	1.000000000000000e+00	2
235	1.000000000000000e+00	28
236	1.000000000000000e+00	12
237	1.000000000000000e+00	36
238	1.000000000000000e+00	8
239	1.000000000000000e+00	22
240	1.000000000000000e+00	20
241	1.000000000000000e+00	4
242	1.000000000000000e+00	2
243	1.000000000000000e+00	8
244	1.000000000000000e+00	46
245	1.000000000000000e+00	6
246	1.000000000000000e+00	28
247	1.000000000000000e+00	18
248	1.000000000000000e+00	12
249	1.000000000000000e+00	18
250	1.000000000000000e+00	8
251	1.000000000000000e+00	8
252	1.000000000000000e+00	4
253	1.000000000000000e+00	10
254	1.000000000000000e+00	12
255	1.000000000000000e+00	20
256	1.000000000000000e+00	22
257	1.000000000000000e+00	8
258	1.000000000000000e+00	4
259	1.000000000000000e+00	28
260	1.000000000000000e+00	6
261	1.000000000000000e+00	16
262	1.000000000000000e+00	6
263	1.000000000000000e+00	4
264	1.000000000000000e+00	4
265	1.000000000000000e+00	32
266	1.000000000000000e+00	10
267	1.000000000000000e+00	8
268	1.000000000000000e+00	2
269	1.000000000000000e+00	6
270	1.000000000000000e+00	8
271	1.000000000000000e+00	4
272	1.000000000000000e+00	10
273	1.000000000000000e+00	8
274	1.000000000000000e+00	24
275	1.000000000000000e+00	16
276	1.000000000000000e+00	10
277	1.000000000000000e+00	26
278	1.000000000000000e+00	4
279	1.000000000000000e+00	4
280	1.000000000000000e+00	14
281	1.000000000000000e+00	6
282	1.000000000000000e+00	2
283	1.000000000000000e+00	20
284	1.000000000000000e+00	2
285	1.000000000000000e+00	8
286	1.000000000000000e+00	6
287	1.000000000000000e+00	22
288	1.000000000000000e+00	10
289	1.000000000000000e+00	4
290	1.000000000000000e+00	10
291	1.000000000000000e+00	6
292	1.000000000000000e+00	12
293	1.000000000000000e+00	12
294	1.000000000000000e+00	8
295	1.000000000000000e+00	8
296	1.000000000000000e+00	8
297	1.000000000000000e+00	6
298	1.000000000000000e+00	6
299	1.000000000000000e+00	8
300	1.000000000000000e+00	6
301	1.000000000000000e+00	30
302	1.000000000000000e+00	12
303	1.000000000000000e+00	2
304	1.000000000000000e+00	20
305	1.000000000000000e+00	14
306	1.000000000000000e+00	6
307	1.000000000000000e+00	2
308	1.000000000000000e+00	6
309	1.000000000000000e+00	10
310	1.000000000000000e+00	6
311	1.000000000000000e+00	20
312	1.000000000000000e+00	16
313	1.000000000000000e+00	2
314	1.000000000000000e+00	4
315	1.000000000000000e+00	2
316	1.000000000000000e+00	8
317	1.000000000000000e+00	2
318	1.000000000000000e+00	20
319	1.000000000000000e+00	10
320	1.000000000000000e+00	24
321	1.000000000000000e+00	20
322	1.000000000000000e+00	10
323	1.000000000000000e+00	8
324	1.000000000000000e+00	6
325	1.000000000000000e+00	28
326	1.000000000000000e+00	8
327	1.000000000000000e+00	12
328	1.000000000000000e+00	6
329	1.000000000000000e+00	16
330	1.000000000000000e+00	6
331	1.000000000000000e+00	6
332	1.000000000000000e+00	4
333	1.000000000000000e+00	14
334	1.000000000000000e+00	14
335	1.000000000000000e+00	8
336	1.000000000000000e+00	6
337	1.000000000000000e+00	18
338	1.000000000000000e+00	2
339	1.000000000000000e+00	22
340	1.000000000000000e+00	16
341	1.000000000000000e+00	2
342	1.000000000000000e+00	10
343	1.000000000000000e+00	12
344	1.000000000000000e+00	18
345	1.000000000000000e+00	6
346	1.000000000000000e+00	36
347	1.000000000000000e+00	6
348	1.000000000000000e+00	22
349	1.000000000000000e+00	20
350	1.000000000000000e+00	28
351	1.000000000000000e+00	16
352	1.000000000000000e+00	16
353	1.000000000000000e+00	16
354	1.000000000000000e+00	8
355	1.000000000000000e+00	4
356	1.000000000000000e+00	10
357	1.000000000000000e+00	14
358	1.000000000000000e+00	6
359	1.000000000000000e+00	24
360	1.000000000000000e+00	24
361	1.000000000000000e+00	16
362	1.000000000000000e+00	4
363	1.000000000000000e+00	4
364	1.000000000000000e+00	12
365	1.000000000000000e+00	16
366	1.000000000000000e+00	6
367	1.000000000000000e+00	10
368	1.000000000000000e+00	2
369	1.000000000000000e+00	2
370	1.000000000000000e+00	2
371	1.000000000000000e+00	22
372	1.000000000000000e+00	6
373	1.000000000000000e+00	16
374	1.000000000000000e+00	36
375	1.000000000000000e+00	8
376	1.000000000000000e+00	6
377	1.000000000000000e+00	10
378	1.000000000000000e+00	2
379	1.000000000000000e+00	2
380	1.000000000000000e+00	10
381	1.000000000000000e+00	24
382	1.000000000000000e+00	16
383	1.000000000000000e+00	10
384	1.000000000000000e+00	2
385	1.000000000000000e+00	4
386	1.000000000000000e+00	30
387	1.000000000000000e+00	26
388	1.000000000000000e+00	34
389	1.000000000000000e+00	2
390	1.000000000000000e+00	12
391	1.000000000000000e+00	8
392	1.000000000000000e+00	12
393	1.000000000000000e+00	6
394	1.000000000000000e+00	2
395	1.000000000000000e+00	18
396	1.000000000000000e+00	16
397	1.000000000000000e+00	52
398	1.000000000000000e+00	8
399	1.000000000000000e+00	18
400	1.000000000000000e+00	2
401	1.000000000000000e+00	10
402	1.000000000000000e+00	28
403	1.000000000000000e+00	6
404	1.000000000000000e+00	2
405	1.000000000000000e+00	2
406	1.000000000000000e+00	12
407	1.000000000000000e+00	18
408	1.000000000000000e+00	12
409	1.000000000000000e+00	6
410	1.000000000000000e+00	12
411	1.000000000000000e+00	4
412	1.000000000000000e+00	8
413	1.000000000000000e+00	88
414	1.000000000000000e+00	28
415	1.000000000000000e+00	20
416	1.000000000000000e+00	6
417	1.000000000000000e+00	24
418	1.000000000000000e+00	10
419	1.000000000000000e+00	6
420	1.000000000000000e+00	4
421	1.000000000000000e+00	8
422	1.000000000000000e+00	32
423	1.000000000000000e+00	20
424	1.000000000000000e+00	4
425	1.000000000000000e+00	6
426	1.000000000000000e+00	6
427	1.000000000000000e+00	14
428	1.000000000000000e+00	8
429	1.000000000000000e+00	20
430	1.000000000000000e+00	20
431	1.000000000000000e+00	14
432	1.000000000000000e+00	10
433	1.000000000000000e+00	4
434	1.000000000000000e+00	36
435	1.000000000000000e+00	4
436	1.000000000000000e+00	14
437	1.000000000000000e+00	10
438	1.000000000000000e+00	20
439	1.000000000000000e+00	10
440	1.000000000000000e+00	24
441	1.000000000000000e+00	14
442	1.000000000000000e+00	6
443	1.000000000000000e+00	2
444	1.000000000000000e+00	8
445	1.000000000000000e+00	20
446	1.000000000000000e+00	2
447	1.000000000000000e+00	18
448	1.000000000000000e+00	18
449	1.000000000000000e+00	6
450	1.000000000000000e+00	14
451	1.000000000000000e+00	38
452	1.000000000000000e+00	10
453	1.000000000000000e+00	2
454	1.000000000000000e+00	32
455	1.000000000000000e+00	6
456	1.000000000000000e+00	16
457	1.000000000000000e+00	6
458	1.000000000000000e+00	12
459	1.000000000000000e+00	12
460	1.000000000000000e+00	6
461	1.000000000000000e+00	26
462	1.000000000000000e+00	30
463	1.000000000000000e+00	2
464	1.000000000000000e+00	20
465	1.000000000000000e+00	2
466	1.000000000000000e+00	8
467	1.000000000000000e+00	2
468	1.000000000000000e+00	8
469	1.000000000000000e+00	20
470	1.000000000000000e+00	10
471	1.000000000000000e+00	12
472	1.000000000000000e+00	14
473	1.000000000000000e+00	2
474	1.000000000000000e+00	12
475	1.000000000000000e+00	10
476	1.000000000000000e+00	2
477	1.000000000000000e+00	4
478	1.000000000000000e+00	12
479	1.000000000000000e+00	6
480	1.000000000000000e+00	8
481	1.000000000000000e+00	24
482	1.000000000000000e+00	10
483	1.000000000000000e+00	8
484	1.000000000000000e+00	22
485	1.000000000000000e+00	6
486	1.000000000000000e+00	6
487	1.000000000000000e+00	10
488	1.000000000000000e+00	6
489	1.000000000000000e+00	12
490	1.000000000000000e+00	14
491	9.499908006575049e-01	316
492	8.999779291600908e-01	284
493	8.499946088602763e-01	246
494	7.999815478840314e-01	170
495	7.499865519301446e-01	234
496	6.999816237833109e-01	290
497	6.499946535197118e-01	272
498	5.999868532434910e-01	266
499	5.499854242005382e-01	272
500	4.999897490448965e-01	292
501	5.499878657839374e-01	238
502	5.999753755766474e-01	322
503	6.499728647777929e-01	300
504	6.999753285630430e-01	244
505	7.499669107167402e-01	300
506	7.999714130272457e-01	272
507	8.499561740972290e-01	310
508	8.999695123434232e-01	326
509	9.499536572559375e-01	294
510	8.999456853953689e-01	320
511	8.499623802405590e-01	264
512	7.999662397977505e-01	320
513	7.499674788779368e-01	226
514	7.999572430299330e-01	264
515	8.499699929543684e-01	238
516	8.999825278308902e-01	236
517	9.499959636220634e-01	304
518	1.000000000000000e+00	16
519	1.000000000000000e+00	2
520	1.000000000000000e+00	18
521	1.000000000000000e+00	10
522	1.000000000000000e+00	6
523	1.000000000000000e+00	8
524	1.000000000000000e+00	74
525	1.000000000000000e+00	20
526	1.000000000000000e+00	16
527	1.000000000000000e+00	2
528	1.000000000000000e+00	4
529	1.000000000000000e+00	6
530	1.000000000000000e+00	42
531	1.000000000000000e+00	10
532	1.000000000000000e+00	44
533	1.000000000000000e+00	14
534	1.000000000000000e+00	6
535	1.000000000000000e+00	2
536	1.000000000000000e+00	14
537	1.000000000000000e+00	12
538	1.000000000000000e+00	2
539	1.000000000000000e+00	6
540	1.000000000000000e+00	26
541	1.000000000000000e+00	38
542	1.000000000000000e+00	6
543	1.000000000000000e+00	8
544	1.000000000000000e+00	24
545	1.000000000000000e+00	24
546	1.000000000000000e+00	24
547	1.000000000000000e+00	14
548	1.000000000000000e+00	30
549	1.000000000000000e+00	10
550	1.000000000000000e+00	8
551	1.000000000000000e+00	8
552	1.000000000000000e+00	4
553	1.000000000000000e+00	30
554	1.000000000000000e+00	4
555	1.000000000000000e+00	4
556	1.000000000000000e+00	28
557	1.000000000000000e+00	8
558	1.000000000000000e+00	8
559	1.000000000000000e+00	18
560	1.000000000000000e+00	2
561	1.000000000000000e+00	18
562	1.000000000000000e+00	12
563	1.000000000000000e+00	4
564	1.000000000000000e+00	10
565	1.000000000000000e+00	2
566	1.000000000000000e+00	2
567	1.000000000000000e+00	4
568	1.000000000000000e+00	12
569	1.000000000000000e+00	18
570	1.000000000000000e+00	12
571	1.000000000000000e+00	10
572	1.000000000000000e+00	12
573	1.000000000000000e+00	2
574	1.000000000000000e+00	14
575	1.000000000000000e+00	6
576	1.000000000000000e+00	22
577	1.000000000000000e+00	6
578	1.000000000000000e+00	20
579	1.000000000000000e+00	20
580	1.000000000000000e+00	4
581	1.000000000000000e+00	2
582	1.000000000000000e+00	10
583	1.000000000000000e+00	8
584	1.000000000000000e+00	6
585	1.000000000000000e+00	16
586	1.000000000000000e+00	6
587	1.000000000000000e+00	26
588	1.000000000000000e+00	16
589	1.000000000000000e+00	26
590	1.000000000000000e+00	8
591	1.000000000000000e+00	6
592	1.000000000000000e+00	10
593	1.000000000000000e+00	10
594	1.000000000000000e+00	4
595	1.000000000000000e+00	10
596	1.000000000000000e+00	4
597	1.000000000000000e+00	2
598	1.000000000000000e+00	10
599	1.000000000000000e+00	12
600	1.000000000000000e+00	2
601	1.000000000000000e+00	2
602	1.000000000000000e+00	16
603	1.000000000000000e+00	6
604	1.000000000000000e+00	10
605	1.000000000000000e+00	30
606	1.000000000000000e+00	38
607	1.000000000000000e+00	4
608	1.000000000000000e+00	10
609	1.000000000000000e+00	30
610	1.000000000000000e+00	14
611	1.000000000000000e+00	16
612	1.000000000000000e+00	8
613	1.000000000000000e+00	20
614	1.000000000000000e+00	18
615	1.000000000000000e+00	10
616	1.000000000000000e+00	8
617	1.000000000000000e+00	6
618	1.000000000000000e+00	28
619	1.000000000000000e+00	8
620	1.000000000000000e+00	10
621	1.000000000000000e+00	6
622	1.000000000000000e+00	16
623	1.000000000000000e+00	6
624	1.000000000000000e+00	4
625	1.000000000000000e+00	12
626	1.000000000000000e+00	2
627	1.000000000000000e+00	6
628	1.000000000000000e+00	14
629	1.000000000000000e+00	4
630	1.000000000000000e+00	8
631	1.000000000000000e+00	8
632	1.000000000000000e+00	22
633	1.000000000000000e+00	14
634	1.000000000000000e+00	12
635	1.000000000000000e+00	16
636	1.000000000000000e+00	4
637	1.000000000000000e+00	6
638	1.000000000000000e+00	10
639	1.000000000000000e+00	18
640	1.000000000000000e+00	4
641	1.000000000000000e+00	2
642	1.000000000000000e+00	14
643	1.000000000000000e+00	16
644	1.000000000000000e+00	24
645	1.000000000000000e+00	10
646	1.000000000000000e+00	10
647	1.000000000000000e+00	24
648	1.000000000000000e+00	26
649	1.000000000000000e+00	2
650	1.000000000000000e+00	6
651	1.000000000000000e+00	12
652	1.000000000000000e+00	6
653	1.000000000000000e+00	8
654	1.000000000000000e+00	6
655	1.000000000000000e+00	22
656	1.000000000000000e+00	8
657	1.000000000000000e+00	10
658	1.000000000000000e+00	4
659	1.000000000000000e+00	4
660	1.000000000000000e+00	2
661	1.000000000000000e+00	34
662	1.000000000000000e+00	12
663	1.000000000000000e+00	10
664	1.000000000000000e+00	2
665	1.000000000000000e+00	16
666	1.000000000000000e+00	12
667	1.000000000000000e+00	6
668	1.000000000000000e+00	2
669	1.000000000000000e+00	6
670	1.000000000000000e+00	12
671	1.000000000000000e+00	14
672	1.000000000000000e+00	8
673	1.000000000000000e+00	4
674	1.000000000000000e+00	4
675	1.000000000000000e+00	2
676	1.000000000000000e+00	4
677	1.000000000000000e+00	12
678	1.000000000000000e+00	8
679	1.000000000000000e+00	10
680	1.000000000000000e+00	6
681	1.000000000000000e+00	4
682	1.000000000000000e+00	2
683	1.000000000000000e+00	10
684	1.000000000000000e+00	12
685	1.000000000000000e+00	6
686	1.000000000000000e+00	22
687	1.000000000000000e+00	16
688	1.000000000000000e+00	6
689	1.000000000000000e+00	12
690	1.000000000000000e+00	24
691	1.000000000000000e+00	4
692	1.000000000000000e+00	6
693	1.000000000000000e+00	16
694	1.000000000000000e+00	4
695	1.000000000000000e+00	8
696	1.000000000000000e+00	6
697	1.000000000000000e+00	16
698	1.000000000000000e+00	8
699	1.000000000000000e+00	24
700	1.000000000000000e+00	42
701	1.000000000000000e+00	16
702	1.000000000000000e+00	22
703	1.000000000000000e+00	2
704	1.000000000000000e+00	24
705	1.000000000000000e+00	4
706	1.000000000000000e+00	6
707	1.000000000000000e+00	68
708	1.000000000000000e+00	12
709	1.000000000000000e+00	36
710	1.000000000000000e+00	26
711	1.000000000000000e+00	2
712	1.000000000000000e+00	32
713	1.000000000000000e+00	12
714	1.000000000000000e+00	34
715	1.000000000000000e+00	20
716	1.000000000000000e+00	2
717	1.000000000000000e+00	24
718	1.000000000000000e+00	16
719	1.000000000000000e+00	6
720	1.000000000000000e+00	2
721	1.000000000000000e+00	10
722	1.000000000000000e+00	18
723	1.000000000000000e+00	6
724	1.000000000000000e+00	16
725	1.000000000000000e+00	6
726	1.000000000000000e+00	20
727	1.000000000000000e+00	34
728	1.000000000000000e+00	10
729	1.000000000000000e+00	2
730	1.000000000000000e+00	10
731	1.000000000000000e+00	12
732	1.000000000000000e+00	14
733	1.000000000000000e+00	6
734	1.000000000000000e+00	10
735	1.000000000000000e+00	20
736	1.000000000000000e+00	44
737	1.000000000000000e+00	6
738	1.000000000000000e+00	26
739	1.000000000000000e+00	12
740	1.000000000000000e+00	14
741	1.000000000000000e+00	22
742	1.000000000000000e+00	20
743	1.000000000000000e+00	4
744	1.000000000000000e+00	20
745	1.000000000000000e+00	16
746	1.000000000000000e+00	20
747	1.000000000000000e+00	4
748	1.000000000000000e+00	18
749	1.000000000000000e+00	2
750	1.000000000000000e+00	16
751	1.000000000000000e+00	24
752	1.000000000000000e+00	8
753	1.000000000000000e+00	12
754	1.000000000000000e+00	4
755	1.000000000000000e+00	6
756	1.000000000000000e+00	8
757	1.000000000000000e+00	2
758	1.000000000000000e+00	10
759	1.000000000000000e+00	12
760	1.000000000000000e+00	20
761	1.000000000000000e+00	6
762	1.000000000000000e+00	4
763	1.000000000000000e+00	16
764	1.000000000000000e+00	4
765	1.000000000000000e+00	2
766	1.000000000000000e+00	50
767	1.000000000000000e+00	8
768	1.000000000000000e+00	2
769	1.000000000000000e+00	32
770	1.000000000000000e+00	8
771	1.000000000000000e+00	12
772	1.000000000000000e+00	12
773	1.000000000000000e+00	6
774	1.000000000000000e+00	12
775	1.000000000000000e+00	6
776	1.000000000000000e+00	12
777	1.000000000000000e+00	10
778	1.000000000000000e+00	4
779	1.000000000000000e+00	10
780	1.000000000000000e+00	6
781	1.000000000000000e+00	4
782	1.000000000000000e+00	12
783	1.000000000000000e+00	2
784	1.000000000000000e+00	14
785	1.000000000000000e+00	10
786	1.000000000000000e+00	48
787	1.000000000000000e+00	6
788	1.000000000000000e+00	4
789	1.000000000000000e+00	2
790	1.000000000000000e+00	18
791	1.000000000000000e+00	12
792	1.000000000000000e+00	18
793	1.000000000000000e+00	4
794	1.000000000000000e+00	6
795	1.000000000000000e+00	6
796	1.000000000000000e+00	34
797	1.000000000000000e+00	22
798	1.000000000000000e+00	34
799	1.000000000000000e+00	32
800	1.000000000000000e+00	6
801	1.000000000000000e+00	6
802	1.000000000000000e+00	10
803	1.000000000000000e+00	18
804	1.000000000000000e+00	20
805	1.000000000000000e+00	10
806	1.000000000000000e+00	6
807	1.000000000000000e+00	10
808	1.000000000000000e+00	10
809	1.000000000000000e+00	8
810	1.000000000000000e+00	10
811	1.000000000000000e+00	2
812	1.000000000000000e+00	14
813	1.000000000000000e+00	10
814	1.000000000000000e+00	10
815	1.000000000000000e+00	50
816	1.000000000000000e+00	18
817	1.000000000000000e+00	16
818	1.000000000000000e+00	2
819	1.000000000000000e+00	4
820	1.000000000000000e+00	22
821	1.000000000000000e+00	8
822	1.000000000000000e+00	16
823	1.000000000000000e+00	20
824	1.000000000000000e+00	12
825	1.000000000000000e+00	44
826	1.000000000000000e+00	22
827	1.000000000000000e+00	10
828	1.000000000000000e+00	12
829	1.000000000000000e+00	24
830	1.000000000000000e+00	2
831	1.000000000000000e+00	8
832	1.000000000000000e+00	16
833	1.000000000000000e+00	36
834	1.000000000000000e+00	6
835	1.000000000000000e+00	6
836	1.000000000000000e+00	24
837	1.000000000000000e+00	4
838	1.000000000000000e+00	12
839	1.000000000000000e+00	4
840	1.000000000000000e+00	2
841	1.000000000000000e+00	14
842	1.000000000000000e+00	14
843	1.000000000000000e+00	10
844	1.000000000000000e+00	20
845	1.000000000000000e+00	8
846	1.000000000000000e+00	8
847	1.000000000000000e+00	16
848	1.000000000000000e+00	2
849	1.000000000000000e+00	28
850	1.000000000000000e+00	6
851	1.000000000000000e+00	4
852	1.000000000000000e+00	10
853	1.000000000000000e+00	2
854	1.000000000000000e+00	2
855	1.000000000000000e+00	18
856	1.000000000000000e+00	4
857	1.000000000000000e+00	8
858	1.000000000000000e+00	12
859	1.000000000000000e+00	8
860	1.000000000000000e+00	2
861	1.000000000000000e+00	4
862	1.000000000000000e+00	18
863	1.000000000000000e+00	10
864	1.000000000000000e+00	8
865	1.000000000000000e+00	4
866	1.000000000000000e+00	26
867	1.000000000000000e+00	6
868	1.000000000000000e+00	12
869	1.000000000000000e+00	4
870	1.000000000000000e+00	6
871	1.000000000000000e+00	2
872	1.000000000000000e+00	14
873	1.000000000000000e+00	2
874	1.000000000000000e+00	6
875	1.000000000000000e+00	12
876	1.000000000000000e+00	6
877	1.000000000000000e+00	18
878	1.000000000000000e+00	4
879	1.000000000000000e+00	10
880	1.000000000000000e+00	32
881	1.000000000000000e+00	16
882	1.000000000000000e+00	2
883	1.000000000000000e+00	2
884	1.000000000000000e+00	10
885	1.000000000000000e+00	8
886	1.000000000000000e+00	10
887	1.000000000000000e+00	2
888	1.000000000000000e+00	12
889	1.000000000000000e+00	28
890	1.000000000000000e+00	4
891	1.000000000000000e+00	6
892	1.000000000000000e+00	16
893	1.000000000000000e+00	6
894	1.000000000000000e+00	8
895	1.000000000000000e+00	14
896	1.000000000000000e+00	10
897	1.000000000000000e+00	4
898	1.000000000000000e+00	24
899	1.000000000000000e+00	78
900	1.000000000000000e+00	2
901	1.000000000000000e+00	26
902	1.000000000000000e+00	6
903	1.000000000000000e+00	6
904	1.000000000000000e+00	2
905	1.000000000000000e+00	8
906	1.000000000000000e+00	22
907	1.000000000000000e+00	12
908	1.000000000000000e+00	8
909	1.000000000000000e+00	8
910	1.000000000000000e+00	14
911	1.000000000000000e+00	24
912	1.000000000000000e+00	2
913	1.000000000000000e+00	4
914	1.000000000000000e+00	10
915	1.000000000000000e+00	16
916	1.000000000000000e+00	32
917	1.000000000000000e+00	10
918	1.000000000000000e+00	24
919	1.000000000000000e+00	6
920	1.000000000000000e+00	12
921	1.000000000000000e+00	16
922	1.000000000000000e+00	6
923	1.000000000000000e+00	8
924	1.000000000000000e+00	20
925	1.000000000000000e+00	14
926	1.000000000000000e+00	20
927	1.000000000000000e+00	16
928	1.000000000000000e+00	4
929	1.000000000000000e+00	12
930	1.000000000000000e+00	2
931	1.000000000000000e+00	6
932	1.000000000000000e+00	14
933	1.000000000000000e+00	4
934	1.000000000000000e+00	40
935	1.000000000000000e+00	28
936	1.000000000000000e+00	18
937	1.000000000000000e+00	30
938	1.000000000000000e+00	12
939	1.000000000000000e+00	12
940	1.000000000000000e+00	20
941	1.000000000000000e+00	2
942	1.000000000000000e+00	26
943	1.000000000000000e+00	26
944	1.000000000000000e+00	20
945	1.000000000000000e+00	18
946	1.000000000000000e+00	8
947	1.000000000000000e+00	10
948	1.000000000000000e+00	32
949	1.000000000000000e+00	12
950	1.000000000000000e+00	2
951	1.000000000000000e+00	14
952	1.000000000000000e+00	20
953	1.000000000000000e+00	42
954	1.000000000000000e+00	4
955	1.000000000000000e+00	12
956	1.000000000000000e+00	4
957	1.000000000000000e+00	24
958	1.000000000000000e+00	8
959	1.000000000000000e+00	14
960	1.000000000000000e+00	4
961	1.000000000000000e+00	16
962	1.000000000000000e+00	4
963	1.000000000000000e+00	16
964	1.000000000000000e+00	20
965	1.000000000000000e+00	12
966	1.000000000000000e+00	8
967	1.000000000000000e+00	2
968	1.000000000000000e+00	16
969	1.000000000000000e+00	34
970	1.000000000000000e+00	30
971	1.000000000000000e+00	2
972	1.000000000000000e+00	10
973	1.000000000000000e+00	30
974	1.000000000000000e+00	6
975	1.000000000000000e+00	14
976	1.000000000000000e+00	10
977	1.000000000000000e+00	10
978	1.000000000000000e+00	4
979	1.000000000000000e+00	14
980	1.000000000000000e+00	8
981	1.000000000000000e+00	30
982	1.000000000000000e+00	12
983	1.000000000000000e+00	14
984	1.000000000000000e+00	2
985	1.000000000000000e+00	34
986	1.000000000000000e+00	30
987	1.000000000000000e+00	14
988	1.000000000000000e+00	4
989	1.000000000000000e+00	16
990	1.000000000000000e+00	8
991	1.000000000000000e+00	24
992	1.000000000000000e+00	18
993	1.000000000000000e+00	2
994	1.000000000000000e+00	2
995	1.000000000000000e+00	40
996	1.000000000000000e+00	12
997	1.000000000000000e+00	24
998	1.000000000000000e+00	4
999	1.000000000000000e+00	10
1000	1.000000000000000e+00	2


Tempo gasto: 6.831583
