Método usado: LUUS JAAKOLA

POSIÇÃO	ÁREA(mm²)	CUSTO

1	1.000000000000000e+00	4
2	1.000000000000000e+00	60
3	1.000000000000000e+00	12
4	1.000000000000000e+00	18
5	1.000000000000000e+00	2
6	1.000000000000000e+00	14
7	1.000000000000000e+00	10
8	1.000000000000000e+00	10
9	1.000000000000000e+00	36
10	1.000000000000000e+00	10
11	1.000000000000000e+00	42
12	1.000000000000000e+00	18
13	1.000000000000000e+00	6
14	1.000000000000000e+00	10
15	1.000000000000000e+00	26
16	1.000000000000000e+00	8
17	1.000000000000000e+00	18
18	1.000000000000000e+00	16
19	1.000000000000000e+00	2
20	1.000000000000000e+00	16
21	1.000000000000000e+00	8
22	1.000000000000000e+00	6
23	1.000000000000000e+00	2
24	1.000000000000000e+00	2
25	1.000000000000000e+00	30
26	1.000000000000000e+00	14
27	1.000000000000000e+00	18
28	1.000000000000000e+00	14
29	1.000000000000000e+00	18
30	1.000000000000000e+00	4
31	1.000000000000000e+00	24
32	1.000000000000000e+00	20
33	1.000000000000000e+00	2
34	1.000000000000000e+00	4
35	1.000000000000000e+00	28
36	1.000000000000000e+00	2
37	1.000000000000000e+00	8
38	1.000000000000000e+00	6
39	1.000000000000000e+00	2
40	1.000000000000000e+00	6
41	1.000000000000000e+00	28
42	1.000000000000000e+00	4
43	1.000000000000000e+00	4
44	1.000000000000000e+00	4
45	1.000000000000000e+00	8
46	1.000000000000000e+00	14
47	1.000000000000000e+00	44
48	1.000000000000000e+00	26
49	1.000000000000000e+00	4
50	1.000000000000000e+00	4
51	1.000000000000000e+00	8
52	1.000000000000000e+00	10
53	1.000000000000000e+00	14
54	1.000000000000000e+00	48
55	1.000000000000000e+00	2
56	1.000000000000000e+00	14
57	1.000000000000000e+00	2
58	1.000000000000000e+00	36
59	1.000000000000000e+00	26
60	1.000000000000000e+00	12
61	1.000000000000000e+00	2
62	1.000000000000000e+00	6
63	1.000000000000000e+00	10
64	1.000000000000000e+00	18
65	1.000000000000000e+00	10
66	1.000000000000000e+00	4
67	1.000000000000000e+00	4
68	1.000000000000000e+00	6
69	1.000000000000000e+00	4
70	1.000000000000000e+00	12
71	1.000000000000000e+00	10
72	1.000000000000000e+00	2
73	1.000000000000000e+00	4
74	1.000000000000000e+00	10
75	1.000000000000000e+00	8
76	1.000000000000000e+00	2
77	1.000000000000000e+00	6
78	1.000000000000000e+00	8
79	1.000000000000000e+00	16
80	1.000000000000000e+00	10
81	1.000000000000000e+00	22
82	1.000000000000000e+00	4
83	1.000000000000000e+00	14
84	1.000000000000000e+00	6
85	1.000000000000000e+00	8
86	1.000000000000000e+00	6
87	1.000000000000000e+00	2
88	1.000000000000000e+00	16
89	1.000000000000000e+00	14
90	1.000000000000000e+00	2
91	1.000000000000000e+00	16
92	1.000000000000000e+00	10
93	1.000000000000000e+00	6
94	1.000000000000000e+00	6
95	1.000000000000000e+00	6
96	1.000000000000000e+00	12
97	1.000000000000000e+00	12
98	1.000000000000000e+00	4
99	1.000000000000000e+00	14
100	1.000000000000000e+00	6
101	1.000000000000000e+00	8
102	1.000000000000000e+00	14
103	1.000000000000000e+00	20
104	1.000000000000000e+00	28
105	1.000000000000000e+00	4
106	1.000000000000000e+00	16
107	1.000000000000000e+00	32
108	1.000000000000000e+00	4
109	1.000000000000000e+00	4
110	1.000000000000000e+00	6
111	1.000000000000000e+00	8
112	1.000000000000000e+00	2
113	1.000000000000000e+00	26
114	1.000000000000000e+00	6
115	1.000000000000000e+00	2
116	1.000000000000000e+00	16
117	1.000000000000000e+00	12
118	1.000000000000000e+00	4
119	1.000000000000000e+00	2
120	1.000000000000000e+00	4
121	1.000000000000000e+00	8
122	1.000000000000000e+00	12
123	1.000000000000000e+00	14
124	1.000000000000000e+00	10
125	1.000000000000000e+00	18
126	1.000000000000000e+00	10
127	1.000000000000000e+00	2
128	1.000000000000000e+00	4
129	1.000000000000000e+00	2
130	1.000000000000000e+00	12
131	1.000000000000000e+00	14
132	1.000000000000000e+00	2
133	1.000000000000000e+00	6
134	1.000000000000000e+00	16
135	1.000000000000000e+00	10
136	1.000000000000000e+00	6
137	1.000000000000000e+00	36
138	1.000000000000000e+00	6
139	1.000000000000000e+00	22
140	1.000000000000000e+00	12
141	1.000000000000000e+00	18
142	1.000000000000000e+00	8
143	1.000000000000000e+00	8
144	1.000000000000000e+00	14
145	1.000000000000000e+00	4
146	1.000000000000000e+00	34
147	1.000000000000000e+00	8
148	1.000000000000000e+00	4
149	1.000000000000000e+00	4
150	1.000000000000000e+00	8
151	1.000000000000000e+00	12
152	1.000000000000000e+00	12
153	1.000000000000000e+00	96
154	1.000000000000000e+00	2
155	1.000000000000000e+00	28
156	1.000000000000000e+00	4
157	1.000000000000000e+00	38
158	1.000000000000000e+00	12
159	1.000000000000000e+00	12
160	1.000000000000000e+00	4
161	1.000000000000000e+00	10
162	1.000000000000000e+00	8
163	1.000000000000000e+00	16
164	1.000000000000000e+00	2
165	1.000000000000000e+00	24
166	1.000000000000000e+00	16
167	1.000000000000000e+00	6
168	1.000000000000000e+00	28
169	1.000000000000000e+00	2
170	1.000000000000000e+00	6
171	1.000000000000000e+00	2
172	1.000000000000000e+00	6
173	1.000000000000000e+00	14
174	1.000000000000000e+00	8
175	1.000000000000000e+00	18
176	1.000000000000000e+00	16
177	1.000000000000000e+00	12
178	1.000000000000000e+00	14
179	1.000000000000000e+00	6
180	1.000000000000000e+00	2
181	1.000000000000000e+00	4
182	1.000000000000000e+00	12
183	1.000000000000000e+00	16
184	1.000000000000000e+00	30
185	1.000000000000000e+00	6
186	1.000000000000000e+00	16
187	1.000000000000000e+00	14
188	1.000000000000000e+00	14
189	1.000000000000000e+00	64
190	1.000000000000000e+00	4
191	1.000000000000000e+00	18
192	1.000000000000000e+00	8
193	1.000000000000000e+00	26
194	1.000000000000000e+00	4
195	1.000000000000000e+00	2
196	1.000000000000000e+00	10
197	1.000000000000000e+00	24
198	1.000000000000000e+00	26
199	1.000000000000000e+00	18
200	1.000000000000000e+00	42
201	1.000000000000000e+00	4
202	1.000000000000000e+00	14
203	1.000000000000000e+00	2
204	1.000000000000000e+00	12
205	1.000000000000000e+00	6
206	1.000000000000000e+00	8
207	1.000000000000000e+00	14
208	1.000000000000000e+00	4
209	1.000000000000000e+00	2
210	1.000000000000000e+00	4
211	1.000000000000000e+00	6
212	1.000000000000000e+00	20
213	1.000000000000000e+00	12
214	1.000000000000000e+00	2
215	1.000000000000000e+00	4
216	1.000000000000000e+00	12
217	1.000000000000000e+00	2
218	1.000000000000000e+00	6
219	1.000000000000000e+00	20
220	1.000000000000000e+00	18
221	1.000000000000000e+00	2
222	1.000000000000000e+00	4
223	1.000000000000000e+00	16
224	1.000000000000000e+00	4
225	1.000000000000000e+00	38
226	1.000000000000000e+00	8
227	1.000000000000000e+00	4
228	1.000000000000000e+00	2
229	1.000000000000000e+00	6
230	1.000000000000000e+00	14
231	1.000000000000000e+00	10
232	1.000000000000000e+00	2
233	1.000000000000000e+00	4
234	1.000000000000000e+00	12
235	1.000000000000000e+00	8
236	1.000000000000000e+00	10
237	1.000000000000000e+00	14
238	1.000000000000000e+00	10
239	1.000000000000000e+00	4
240	1.000000000000000e+00	8
241	1.000000000000000e+00	6
242	1.000000000000000e+00	4
243	1.000000000000000e+00	4
244	1.000000000000000e+00	30
245	1.000000000000000e+00	6
246	1.000000000000000e+00	28
247	1.000000000000000e+00	12
248	1.000000000000000e+00	10
249	1.000000000000000e+00	6
250	1.000000000000000e+00	4
251	1.000000000000000e+00	8
252	1.000000000000000e+00	12
253	1.000000000000000e+00	16
254	1.000000000000000e+00	14
255	1.000000000000000e+00	20
256	1.000000000000000e+00	14
257	1.000000000000000e+00	16
258	1.000000000000000e+00	12
259	1.000000000000000e+00	6
260	1.000000000000000e+00	4
261	1.000000000000000e+00	4
262	1.000000000000000e+00	14
263	1.000000000000000e+00	28
264	1.000000000000000e+00	26
265	1.000000000000000e+00	14
266	1.000000000000000e+00	8
267	1.000000000000000e+00	14
268	1.000000000000000e+00	6
269	1.000000000000000e+00	16
270	1.000000000000000e+00	10
271	1.000000000000000e+00	8
272	1.000000000000000e+00	20
273	1.000000000000000e+00	16
274	1.000000000000000e+00	24
275	1.000000000000000e+00	22
276	1.000000000000000e+00	4
277	1.000000000000000e+00	26
278	1.000000000000000e+00	28
279	1.000000000000000e+00	22
280	1.000000000000000e+00	8
281	1.000000000000000e+00	8
282	1.000000000000000e+00	10
283	1.000000000000000e+00	2
284	1.000000000000000e+00	12
285	1.000000000000000e+00	8
286	1.000000000000000e+00	32
287	1.000000000000000e+00	22
288	1.000000000000000e+00	36
289	1.000000000000000e+00	18
290	1.000000000000000e+00	4
291	1.000000000000000e+00	12
292	1.000000000000000e+00	8
293	1.000000000000000e+00	12
294	1.000000000000000e+00	10
295	1.000000000000000e+00	4
296	1.000000000000000e+00	10
297	1.000000000000000e+00	2
298	1.000000000000000e+00	12
299	1.000000000000000e+00	20
300	1.000000000000000e+00	2
301	1.000000000000000e+00	4
302	1.000000000000000e+00	52
303	1.000000000000000e+00	20
304	1.000000000000000e+00	30
305	1.000000000000000e+00	14
306	1.000000000000000e+00	22
307	1.000000000000000e+00	8
308	1.000000000000000e+00	4
309	1.000000000000000e+00	6
310	1.000000000000000e+00	2
311	1.000000000000000e+00	4
312	1.000000000000000e+00	12
313	1.000000000000000e+00	4
314	1.000000000000000e+00	18
315	1.000000000000000e+00	20
316	1.000000000000000e+00	30
317	1.000000000000000e+00	4
318	1.000000000000000e+00	8
319	1.000000000000000e+00	8
320	1.000000000000000e+00	10
321	1.000000000000000e+00	8
322	1.000000000000000e+00	18
323	1.000000000000000e+00	14
324	1.000000000000000e+00	30
325	1.000000000000000e+00	4
326	1.000000000000000e+00	6
327	1.000000000000000e+00	10
328	1.000000000000000e+00	34
329	1.000000000000000e+00	14
330	1.000000000000000e+00	2
331	1.000000000000000e+00	4
332	1.000000000000000e+00	6
333	1.000000000000000e+00	8
334	1.000000000000000e+00	12
335	1.000000000000000e+00	2
336	1.000000000000000e+00	2
337	1.000000000000000e+00	2
338	1.000000000000000e+00	34
339	1.000000000000000e+00	10
340	1.000000000000000e+00	8
341	1.000000000000000e+00	20
342	1.000000000000000e+00	2
343	1.000000000000000e+00	4
344	1.000000000000000e+00	12
345	1.000000000000000e+00	48
346	1.000000000000000e+00	8
347	1.000000000000000e+00	12
348	1.000000000000000e+00	8
349	1.000000000000000e+00	14
350	1.000000000000000e+00	4
351	1.000000000000000e+00	24
352	1.000000000000000e+00	6
353	1.000000000000000e+00	30
354	1.000000000000000e+00	6
355	1.000000000000000e+00	4
356	1.000000000000000e+00	4
357	1.000000000000000e+00	10
358	1.000000000000000e+00	4
359	1.000000000000000e+00	32
360	1.000000000000000e+00	14
361	1.000000000000000e+00	4
362	1.000000000000000e+00	18
363	1.000000000000000e+00	10
364	1.000000000000000e+00	8
365	1.000000000000000e+00	8
366	1.000000000000000e+00	6
367	1.000000000000000e+00	36
368	1.000000000000000e+00	4
369	1.000000000000000e+00	2
370	1.000000000000000e+00	18
371	1.000000000000000e+00	6
372	1.000000000000000e+00	22
373	1.000000000000000e+00	8
374	1.000000000000000e+00	16
375	1.000000000000000e+00	8
376	1.000000000000000e+00	22
377	1.000000000000000e+00	18
378	1.000000000000000e+00	34
379	1.000000000000000e+00	36
380	1.000000000000000e+00	4
381	1.000000000000000e+00	48
382	1.000000000000000e+00	12
383	1.000000000000000e+00	4
384	1.000000000000000e+00	12
385	1.000000000000000e+00	16
386	1.000000000000000e+00	26
387	1.000000000000000e+00	6
388	1.000000000000000e+00	24
389	1.000000000000000e+00	4
390	1.000000000000000e+00	22
391	1.000000000000000e+00	12
392	1.000000000000000e+00	14
393	1.000000000000000e+00	12
394	1.000000000000000e+00	2
395	1.000000000000000e+00	2
396	1.000000000000000e+00	10
397	1.000000000000000e+00	12
398	1.000000000000000e+00	12
399	1.000000000000000e+00	4
400	1.000000000000000e+00	6
401	1.000000000000000e+00	6
402	1.000000000000000e+00	4
403	1.000000000000000e+00	18
404	1.000000000000000e+00	20
405	1.000000000000000e+00	4
406	1.000000000000000e+00	4
407	1.000000000000000e+00	4
408	1.000000000000000e+00	24
409	1.000000000000000e+00	8
410	1.000000000000000e+00	12
411	1.000000000000000e+00	8
412	1.000000000000000e+00	6
413	1.000000000000000e+00	24
414	1.000000000000000e+00	2
415	1.000000000000000e+00	34
416	1.000000000000000e+00	14
417	1.000000000000000e+00	2
418	1.000000000000000e+00	6
419	1.000000000000000e+00	4
420	1.000000000000000e+00	30
421	1.000000000000000e+00	20
422	1.000000000000000e+00	6
423	1.000000000000000e+00	10
424	1.000000000000000e+00	12
425	1.000000000000000e+00	12
426	1.000000000000000e+00	6
427	1.000000000000000e+00	10
428	1.000000000000000e+00	22
429	1.000000000000000e+00	24
430	1.000000000000000e+00	8
431	1.000000000000000e+00	26
432	1.000000000000000e+00	10
433	1.000000000000000e+00	6
434	1.000000000000000e+00	4
435	1.000000000000000e+00	28
436	1.000000000000000e+00	26
437	1.000000000000000e+00	4
438	1.000000000000000e+00	6
439	1.000000000000000e+00	18
440	1.000000000000000e+00	10
441	1.000000000000000e+00	6
442	1.000000000000000e+00	8
443	1.000000000000000e+00	28
444	1.000000000000000e+00	28
445	1.000000000000000e+00	8
446	1.000000000000000e+00	20
447	1.000000000000000e+00	22
448	1.000000000000000e+00	2
449	1.000000000000000e+00	14
450	1.000000000000000e+00	12
451	1.000000000000000e+00	16
452	1.000000000000000e+00	2
453	1.000000000000000e+00	8
454	1.000000000000000e+00	2
455	1.000000000000000e+00	2
456	1.000000000000000e+00	2
457	1.000000000000000e+00	8
458	1.000000000000000e+00	10
459	1.000000000000000e+00	10
460	1.000000000000000e+00	18
461	1.000000000000000e+00	8
462	1.000000000000000e+00	4
463	1.000000000000000e+00	12
464	1.000000000000000e+00	2
465	1.000000000000000e+00	4
466	1.000000000000000e+00	4
467	1.000000000000000e+00	10
468	1.000000000000000e+00	6
469	1.000000000000000e+00	12
470	1.000000000000000e+00	22
471	1.000000000000000e+00	10
472	1.000000000000000e+00	38
473	1.000000000000000e+00	8
474	1.000000000000000e+00	4
475	1.000000000000000e+00	12
476	1.000000000000000e+00	8
477	1.000000000000000e+00	18
478	1.000000000000000e+00	12
479	1.000000000000000e+00	2
480	1.000000000000000e+00	8
481	1.000000000000000e+00	4
482	1.000000000000000e+00	6
483	1.000000000000000e+00	14
484	1.000000000000000e+00	8
485	1.000000000000000e+00	14
486	1.000000000000000e+00	6
487	1.000000000000000e+00	6
488	1.000000000000000e+00	12
489	1.000000000000000e+00	8
490	1.000000000000000e+00	10
491	9.499963565571764e-01	232
492	8.999849940495275e-01	224
493	8.500024021793012e-01	304
494	8.000115499295956e-01	254
495	7.500217753092401e-01	324
496	7.000167497159141e-01	324
497	6.500166807061173e-01	300
498	6.000161227486481e-01	364
499	5.500248039426001e-01	296
500	5.000169398518109e-01	304
501	5.500210287197920e-01	206
502	6.000302967282342e-01	208
503	6.500244829142834e-01	262
504	7.000245614080873e-01	332
505	7.500239572087051e-01	274
506	8.000194233631200e-01	258
507	8.500038847921817e-01	234
508	8.999907700833751e-01	240
509	9.500046877380305e-01	236
510	9.000077368949647e-01	190
511	8.499989143727638e-01	340
512	8.000102492187500e-01	328
513	7.500127600089410e-01	214
514	8.000160391747815e-01	210
515	8.500184175577155e-01	288
516	9.000230461928213e-01	218
517	9.500417963514743e-01	328
518	1.000000000000000e+00	1000
519	1.000000000000000e+00	8
520	1.000000000000000e+00	14
521	1.000000000000000e+00	6
522	1.000000000000000e+00	24
523	1.000000000000000e+00	16
524	1.000000000000000e+00	14
525	1.000000000000000e+00	24
526	1.000000000000000e+00	8
527	1.000000000000000e+00	4
528	1.000000000000000e+00	10
529	1.000000000000000e+00	8
530	1.000000000000000e+00	18
531	1.000000000000000e+00	10
532	1.000000000000000e+00	2
533	1.000000000000000e+00	6
534	1.000000000000000e+00	6
535	1.000000000000000e+00	22
536	1.000000000000000e+00	2
537	1.000000000000000e+00	2
538	1.000000000000000e+00	44
539	1.000000000000000e+00	20
540	1.000000000000000e+00	8
541	1.000000000000000e+00	18
542	1.000000000000000e+00	6
543	1.000000000000000e+00	8
544	1.000000000000000e+00	4
545	1.000000000000000e+00	26
546	1.000000000000000e+00	4
547	1.000000000000000e+00	6
548	1.000000000000000e+00	4
549	1.000000000000000e+00	4
550	1.000000000000000e+00	10
551	1.000000000000000e+00	2
552	1.000000000000000e+00	12
553	1.000000000000000e+00	6
554	1.000000000000000e+00	6
555	1.000000000000000e+00	6
556	1.000000000000000e+00	14
557	1.000000000000000e+00	2
558	1.000000000000000e+00	6
559	1.000000000000000e+00	2
560	1.000000000000000e+00	4
561	1.000000000000000e+00	6
562	1.000000000000000e+00	2
563	1.000000000000000e+00	2
564	1.000000000000000e+00	16
565	1.000000000000000e+00	12
566	1.000000000000000e+00	20
567	1.000000000000000e+00	22
568	1.000000000000000e+00	2
569	1.000000000000000e+00	14
570	1.000000000000000e+00	4
571	1.000000000000000e+00	4
572	1.000000000000000e+00	22
573	1.000000000000000e+00	14
574	1.000000000000000e+00	18
575	1.000000000000000e+00	12
576	1.000000000000000e+00	12
577	1.000000000000000e+00	12
578	1.000000000000000e+00	2
579	1.000000000000000e+00	18
580	1.000000000000000e+00	38
581	1.000000000000000e+00	10
582	1.000000000000000e+00	14
583	1.000000000000000e+00	4
584	1.000000000000000e+00	36
585	1.000000000000000e+00	2
586	1.000000000000000e+00	8
587	1.000000000000000e+00	18
588	1.000000000000000e+00	4
589	1.000000000000000e+00	12
590	1.000000000000000e+00	32
591	1.000000000000000e+00	14
592	1.000000000000000e+00	2
593	1.000000000000000e+00	8
594	1.000000000000000e+00	12
595	1.000000000000000e+00	14
596	1.000000000000000e+00	2
597	1.000000000000000e+00	10
598	1.000000000000000e+00	6
599	1.000000000000000e+00	14
600	1.000000000000000e+00	8
601	1.000000000000000e+00	6
602	1.000000000000000e+00	22
603	1.000000000000000e+00	34
604	1.000000000000000e+00	28
605	1.000000000000000e+00	6
606	1.000000000000000e+00	2
607	1.000000000000000e+00	14
608	1.000000000000000e+00	16
609	1.000000000000000e+00	10
610	1.000000000000000e+00	30
611	1.000000000000000e+00	4
612	1.000000000000000e+00	4
613	1.000000000000000e+00	8
614	1.000000000000000e+00	10
615	1.000000000000000e+00	8
616	1.000000000000000e+00	4
617	1.000000000000000e+00	20
618	1.000000000000000e+00	6
619	1.000000000000000e+00	6
620	1.000000000000000e+00	12
621	1.000000000000000e+00	36
622	1.000000000000000e+00	20
623	1.000000000000000e+00	8
624	1.000000000000000e+00	6
625	1.000000000000000e+00	10
626	1.000000000000000e+00	2
627	1.000000000000000e+00	26
628	1.000000000000000e+00	44
629	1.000000000000000e+00	8
630	1.000000000000000e+00	38
631	1.000000000000000e+00	10
632	1.000000000000000e+00	16
633	1.000000000000000e+00	12
634	1.000000000000000e+00	16
635	1.000000000000000e+00	4
636	1.000000000000000e+00	6
637	1.000000000000000e+00	4
638	1.000000000000000e+00	8
639	1.000000000000000e+00	2
640	1.000000000000000e+00	2
641	1.000000000000000e+00	8
642	1.000000000000000e+00	2
643	1.000000000000000e+00	4
644	1.000000000000000e+00	6
645	1.000000000000000e+00	6
646	1.000000000000000e+00	24
647	1.000000000000000e+00	18
648	1.000000000000000e+00	14
649	1.000000000000000e+00	20
650	1.000000000000000e+00	4
651	1.000000000000000e+00	10
652	1.000000000000000e+00	2
653	1.000000000000000e+00	8
654	1.000000000000000e+00	18
655	1.000000000000000e+00	12
656	1.000000000000000e+00	14
657	1.000000000000000e+00	6
658	1.000000000000000e+00	8
659	1.000000000000000e+00	34
660	1.000000000000000e+00	18
661	1.000000000000000e+00	14
662	1.000000000000000e+00	4
663	1.000000000000000e+00	16
664	1.000000000000000e+00	4
665	1.000000000000000e+00	8
666	1.000000000000000e+00	16
667	1.000000000000000e+00	8
668	1.000000000000000e+00	20
669	1.000000000000000e+00	10
670	1.000000000000000e+00	18
671	1.000000000000000e+00	6
672	1.000000000000000e+00	10
673	1.000000000000000e+00	30
674	1.000000000000000e+00	14
675	1.000000000000000e+00	6
676	1.000000000000000e+00	8
677	1.000000000000000e+00	8
678	1.000000000000000e+00	2
679	1.000000000000000e+00	10
680	1.000000000000000e+00	36
681	1.000000000000000e+00	26
682	1.000000000000000e+00	16
683	1.000000000000000e+00	10
684	1.000000000000000e+00	2
685	1.000000000000000e+00	30
686	1.000000000000000e+00	22
687	1.000000000000000e+00	6
688	1.000000000000000e+00	26
689	1.000000000000000e+00	44
690	1.000000000000000e+00	12
691	1.000000000000000e+00	28
692	1.000000000000000e+00	84
693	1.000000000000000e+00	26
694	1.000000000000000e+00	40
695	1.000000000000000e+00	4
696	1.000000000000000e+00	6
697	1.000000000000000e+00	4
698	1.000000000000000e+00	26
699	1.000000000000000e+00	4
700	1.000000000000000e+00	22
701	1.000000000000000e+00	4
702	1.000000000000000e+00	6
703	1.000000000000000e+00	10
704	1.000000000000000e+00	4
705	1.000000000000000e+00	6
706	1.000000000000000e+00	14
707	1.000000000000000e+00	18
708	1.000000000000000e+00	4
709	1.000000000000000e+00	12
710	1.000000000000000e+00	6
711	1.000000000000000e+00	8
712	1.000000000000000e+00	18
713	1.000000000000000e+00	6
714	1.000000000000000e+00	2
715	1.000000000000000e+00	12
716	1.000000000000000e+00	18
717	1.000000000000000e+00	2
718	1.000000000000000e+00	4
719	1.000000000000000e+00	2
720	1.000000000000000e+00	8
721	1.000000000000000e+00	22
722	1.000000000000000e+00	8
723	1.000000000000000e+00	8
724	1.000000000000000e+00	8
725	1.000000000000000e+00	2
726	1.000000000000000e+00	16
727	1.000000000000000e+00	12
728	1.000000000000000e+00	4
729	1.000000000000000e+00	22
730	1.000000000000000e+00	10
731	1.000000000000000e+00	8
732	1.000000000000000e+00	4
733	1.000000000000000e+00	6
734	1.000000000000000e+00	4
735	1.000000000000000e+00	4
736	1.000000000000000e+00	8
737	1.000000000000000e+00	4
738	1.000000000000000e+00	22
739	1.000000000000000e+00	4
740	1.000000000000000e+00	34
741	1.000000000000000e+00	16
742	1.000000000000000e+00	16
743	1.000000000000000e+00	14
744	1.000000000000000e+00	2
745	1.000000000000000e+00	6
746	1.000000000000000e+00	10
747	1.000000000000000e+00	8
748	1.000000000000000e+00	2
749	1.000000000000000e+00	18
750	1.000000000000000e+00	10
751	1.000000000000000e+00	6
752	1.000000000000000e+00	10
753	1.000000000000000e+00	18
754	1.000000000000000e+00	16
755	1.000000000000000e+00	18
756	1.000000000000000e+00	24
757	1.000000000000000e+00	6
758	1.000000000000000e+00	10
759	1.000000000000000e+00	10
760	1.000000000000000e+00	12
761	1.000000000000000e+00	2
762	1.000000000000000e+00	8
763	1.000000000000000e+00	12
764	1.000000000000000e+00	16
765	1.000000000000000e+00	12
766	1.000000000000000e+00	6
767	1.000000000000000e+00	30
768	1.000000000000000e+00	40
769	1.000000000000000e+00	6
770	1.000000000000000e+00	18
771	1.000000000000000e+00	26
772	1.000000000000000e+00	12
773	1.000000000000000e+00	12
774	1.000000000000000e+00	2
775	1.000000000000000e+00	2
776	1.000000000000000e+00	18
777	1.000000000000000e+00	22
778	1.000000000000000e+00	14
779	1.000000000000000e+00	18
780	1.000000000000000e+00	6
781	1.000000000000000e+00	4
782	1.000000000000000e+00	24
783	1.000000000000000e+00	12
784	1.000000000000000e+00	10
785	1.000000000000000e+00	2
786	1.000000000000000e+00	8
787	1.000000000000000e+00	6
788	1.000000000000000e+00	8
789	1.000000000000000e+00	6
790	1.000000000000000e+00	14
791	1.000000000000000e+00	14
792	1.000000000000000e+00	2
793	1.000000000000000e+00	10
794	1.000000000000000e+00	6
795	1.000000000000000e+00	50
796	1.000000000000000e+00	10
797	1.000000000000000e+00	22
798	1.000000000000000e+00	14
799	1.000000000000000e+00	2
800	1.000000000000000e+00	26
801	1.000000000000000e+00	4
802	1.000000000000000e+00	12
803	1.000000000000000e+00	26
804	1.000000000000000e+00	12
805	1.000000000000000e+00	14
806	1.000000000000000e+00	4
807	1.000000000000000e+00	20
808	1.000000000000000e+00	8
809	1.000000000000000e+00	12
810	1.000000000000000e+00	2
811	1.000000000000000e+00	6
812	1.000000000000000e+00	12
813	1.000000000000000e+00	4
814	1.000000000000000e+00	88
815	1.000000000000000e+00	4
816	1.000000000000000e+00	22
817	1.000000000000000e+00	4
818	1.000000000000000e+00	12
819	1.000000000000000e+00	12
820	1.000000000000000e+00	4
821	1.000000000000000e+00	14
822	1.000000000000000e+00	8
823	1.000000000000000e+00	10
824	1.000000000000000e+00	4
825	1.000000000000000e+00	8
826	1.000000000000000e+00	6
827	1.000000000000000e+00	16
828	1.000000000000000e+00	20
829	1.000000000000000e+00	56
830	1.000000000000000e+00	2
831	1.000000000000000e+00	12
832	1.000000000000000e+00	4
833	1.000000000000000e+00	18
834	1.000000000000000e+00	4
835	1.000000000000000e+00	30
836	1.000000000000000e+00	10
837	1.000000000000000e+00	4
838	1.000000000000000e+00	14
839	1.000000000000000e+00	20
840	1.000000000000000e+00	4
841	1.000000000000000e+00	68
842	1.000000000000000e+00	2
843	1.000000000000000e+00	12
844	1.000000000000000e+00	12
845	1.000000000000000e+00	14
846	1.000000000000000e+00	6
847	1.000000000000000e+00	28
848	1.000000000000000e+00	16
849	1.000000000000000e+00	6
850	1.000000000000000e+00	14
851	1.000000000000000e+00	2
852	1.000000000000000e+00	22
853	1.000000000000000e+00	6
854	1.000000000000000e+00	6
855	1.000000000000000e+00	18
856	1.000000000000000e+00	6
857	1.000000000000000e+00	12
858	1.000000000000000e+00	2
859	1.000000000000000e+00	8
860	1.000000000000000e+00	6
861	1.000000000000000e+00	6
862	1.000000000000000e+00	30
863	1.000000000000000e+00	12
864	1.000000000000000e+00	12
865	1.000000000000000e+00	26
866	1.000000000000000e+00	6
867	1.000000000000000e+00	4
868	1.000000000000000e+00	6
869	1.000000000000000e+00	8
870	1.000000000000000e+00	6
871	1.000000000000000e+00	58
872	1.000000000000000e+00	8
873	1.000000000000000e+00	32
874	1.000000000000000e+00	6
875	1.000000000000000e+00	2
876	1.000000000000000e+00	22
877	1.000000000000000e+00	18
878	1.000000000000000e+00	4
879	1.000000000000000e+00	20
880	1.000000000000000e+00	10
881	1.000000000000000e+00	14
882	1.000000000000000e+00	20
883	1.000000000000000e+00	26
884	1.000000000000000e+00	22
885	1.000000000000000e+00	12
886	1.000000000000000e+00	6
887	1.000000000000000e+00	2
888	1.000000000000000e+00	2
889	1.000000000000000e+00	16
890	1.000000000000000e+00	12
891	1.000000000000000e+00	16
892	1.000000000000000e+00	28
893	1.000000000000000e+00	2
894	1.000000000000000e+00	8
895	1.000000000000000e+00	16
896	1.000000000000000e+00	12
897	1.000000000000000e+00	2
898	1.000000000000000e+00	4
899	1.000000000000000e+00	26
900	1.000000000000000e+00	14
901	1.000000000000000e+00	12
902	1.000000000000000e+00	18
903	1.000000000000000e+00	18
904	1.000000000000000e+00	4
905	1.000000000000000e+00	10
906	1.000000000000000e+00	16
907	1.000000000000000e+00	10
908	1.000000000000000e+00	22
909	1.000000000000000e+00	14
910	1.000000000000000e+00	2
911	1.000000000000000e+00	10
912	1.000000000000000e+00	2
913	1.000000000000000e+00	2
914	1.000000000000000e+00	12
915	1.000000000000000e+00	4
916	1.000000000000000e+00	4
917	1.000000000000000e+00	6
918	1.000000000000000e+00	6
919	1.000000000000000e+00	10
920	1.000000000000000e+00	4
921	1.000000000000000e+00	2
922	1.000000000000000e+00	2
923	1.000000000000000e+00	14
924	1.000000000000000e+00	20
925	1.000000000000000e+00	2
926	1.000000000000000e+00	18
927	1.000000000000000e+00	6
928	1.000000000000000e+00	42
929	1.000000000000000e+00	14
930	1.000000000000000e+00	6
931	1.000000000000000e+00	54
932	1.000000000000000e+00	6
933	1.000000000000000e+00	2
934	1.000000000000000e+00	10
935	1.000000000000000e+00	4
936	1.000000000000000e+00	34
937	1.000000000000000e+00	4
938	1.000000000000000e+00	12
939	1.000000000000000e+00	4
940	1.000000000000000e+00	2
941	1.000000000000000e+00	4
942	1.000000000000000e+00	4
943	1.000000000000000e+00	2
944	1.000000000000000e+00	8
945	1.000000000000000e+00	16
946	1.000000000000000e+00	22
947	1.000000000000000e+00	4
948	1.000000000000000e+00	10
949	1.000000000000000e+00	24
950	1.000000000000000e+00	2
951	1.000000000000000e+00	12
952	1.000000000000000e+00	4
953	1.000000000000000e+00	16
954	1.000000000000000e+00	6
955	1.000000000000000e+00	12
956	1.000000000000000e+00	24
957	1.000000000000000e+00	2
958	1.000000000000000e+00	18
959	1.000000000000000e+00	12
960	1.000000000000000e+00	10
961	1.000000000000000e+00	70
962	1.000000000000000e+00	8
963	1.000000000000000e+00	20
964	1.000000000000000e+00	2
965	1.000000000000000e+00	6
966	1.000000000000000e+00	12
967	1.000000000000000e+00	4
968	1.000000000000000e+00	10
969	1.000000000000000e+00	6
970	1.000000000000000e+00	6
971	1.000000000000000e+00	6
972	1.000000000000000e+00	2
973	1.000000000000000e+00	14
974	1.000000000000000e+00	24
975	1.000000000000000e+00	2
976	1.000000000000000e+00	6
977	1.000000000000000e+00	26
978	1.000000000000000e+00	24
979	1.000000000000000e+00	20
980	1.000000000000000e+00	50
981	1.000000000000000e+00	8
982	1.000000000000000e+00	2
983	1.000000000000000e+00	6
984	1.000000000000000e+00	16
985	1.000000000000000e+00	8
986	1.000000000000000e+00	14
987	1.000000000000000e+00	26
988	1.000000000000000e+00	6
989	1.000000000000000e+00	10
990	1.000000000000000e+00	28
991	1.000000000000000e+00	14
992	1.000000000000000e+00	16
993	1.000000000000000e+00	2
994	1.000000000000000e+00	12
995	1.000000000000000e+00	26
996	1.000000000000000e+00	70
997	1.000000000000000e+00	12
998	1.000000000000000e+00	8
999	1.000000000000000e+00	8
1000	1.000000000000000e+00	2


Tempo gasto: 7.001189
