Método usado: LUUS JAAKOLA

POSIÇÃO	ÁREA(mm²)	CUSTO

1	1.000000000000000e+00	12
2	1.000000000000000e+00	4
3	1.000000000000000e+00	4
4	1.000000000000000e+00	8
5	1.000000000000000e+00	2
6	1.000000000000000e+00	2
7	1.000000000000000e+00	20
8	1.000000000000000e+00	10
9	1.000000000000000e+00	2
10	1.000000000000000e+00	2
11	1.000000000000000e+00	2
12	1.000000000000000e+00	2
13	1.000000000000000e+00	2
14	1.000000000000000e+00	14
15	1.000000000000000e+00	4
16	1.000000000000000e+00	8
17	1.000000000000000e+00	2
18	1.000000000000000e+00	6
19	1.000000000000000e+00	4
20	1.000000000000000e+00	4
21	1.000000000000000e+00	12
22	1.000000000000000e+00	2
23	1.000000000000000e+00	10
24	1.000000000000000e+00	12
25	1.000000000000000e+00	2
26	1.000000000000000e+00	4
27	1.000000000000000e+00	14
28	1.000000000000000e+00	26
29	1.000000000000000e+00	12
30	1.000000000000000e+00	10
31	1.000000000000000e+00	2
32	1.000000000000000e+00	26
33	1.000000000000000e+00	26
34	1.000000000000000e+00	6
35	1.000000000000000e+00	2
36	1.000000000000000e+00	2
37	1.000000000000000e+00	16
38	1.000000000000000e+00	24
39	1.000000000000000e+00	12
40	1.000000000000000e+00	6
41	1.000000000000000e+00	20
42	1.000000000000000e+00	8
43	1.000000000000000e+00	8
44	1.000000000000000e+00	2
45	1.000000000000000e+00	4
46	1.000000000000000e+00	16
47	1.000000000000000e+00	6
48	1.000000000000000e+00	14
49	1.000000000000000e+00	12
50	1.000000000000000e+00	24
51	1.000000000000000e+00	26
52	1.000000000000000e+00	6
53	1.000000000000000e+00	6
54	1.000000000000000e+00	4
55	1.000000000000000e+00	10
56	1.000000000000000e+00	10
57	1.000000000000000e+00	6
58	1.000000000000000e+00	14
59	1.000000000000000e+00	8
60	1.000000000000000e+00	4
61	1.000000000000000e+00	4
62	1.000000000000000e+00	2
63	1.000000000000000e+00	34
64	1.000000000000000e+00	4
65	1.000000000000000e+00	2
66	1.000000000000000e+00	10
67	1.000000000000000e+00	6
68	1.000000000000000e+00	4
69	1.000000000000000e+00	14
70	1.000000000000000e+00	14
71	1.000000000000000e+00	8
72	1.000000000000000e+00	26
73	1.000000000000000e+00	4
74	1.000000000000000e+00	2
75	1.000000000000000e+00	34
76	1.000000000000000e+00	8
77	1.000000000000000e+00	8
78	1.000000000000000e+00	4
79	1.000000000000000e+00	10
80	1.000000000000000e+00	4
81	1.000000000000000e+00	18
82	1.000000000000000e+00	20
83	1.000000000000000e+00	2
84	1.000000000000000e+00	20
85	1.000000000000000e+00	28
86	1.000000000000000e+00	2
87	1.000000000000000e+00	4
88	1.000000000000000e+00	4
89	1.000000000000000e+00	16
90	1.000000000000000e+00	10
91	1.000000000000000e+00	2
92	1.000000000000000e+00	16
93	1.000000000000000e+00	4
94	1.000000000000000e+00	2
95	1.000000000000000e+00	6
96	1.000000000000000e+00	2
97	1.000000000000000e+00	6
98	1.000000000000000e+00	12
99	1.000000000000000e+00	20
100	1.000000000000000e+00	10
101	1.000000000000000e+00	2
102	1.000000000000000e+00	6
103	1.000000000000000e+00	30
104	1.000000000000000e+00	8
105	1.000000000000000e+00	28
106	1.000000000000000e+00	14
107	1.000000000000000e+00	4
108	1.000000000000000e+00	10
109	1.000000000000000e+00	14
110	1.000000000000000e+00	6
111	1.000000000000000e+00	2
112	1.000000000000000e+00	4
113	1.000000000000000e+00	18
114	1.000000000000000e+00	4
115	1.000000000000000e+00	14
116	1.000000000000000e+00	18
117	1.000000000000000e+00	10
118	1.000000000000000e+00	6
119	1.000000000000000e+00	8
120	1.000000000000000e+00	80
121	1.000000000000000e+00	6
122	1.000000000000000e+00	26
123	1.000000000000000e+00	10
124	1.000000000000000e+00	16
125	1.000000000000000e+00	8
126	1.000000000000000e+00	10
127	1.000000000000000e+00	12
128	1.000000000000000e+00	12
129	1.000000000000000e+00	4
130	1.000000000000000e+00	12
131	1.000000000000000e+00	46
132	1.000000000000000e+00	8
133	1.000000000000000e+00	16
134	1.000000000000000e+00	32
135	1.000000000000000e+00	14
136	1.000000000000000e+00	14
137	1.000000000000000e+00	6
138	1.000000000000000e+00	10
139	1.000000000000000e+00	18
140	1.000000000000000e+00	2
141	1.000000000000000e+00	2
142	1.000000000000000e+00	10
143	1.000000000000000e+00	10
144	1.000000000000000e+00	38
145	1.000000000000000e+00	8
146	1.000000000000000e+00	4
147	1.000000000000000e+00	2
148	1.000000000000000e+00	12
149	1.000000000000000e+00	2
150	1.000000000000000e+00	8
151	1.000000000000000e+00	4
152	1.000000000000000e+00	42
153	1.000000000000000e+00	14
154	1.000000000000000e+00	2
155	1.000000000000000e+00	12
156	1.000000000000000e+00	10
157	1.000000000000000e+00	2
158	1.000000000000000e+00	2
159	1.000000000000000e+00	6
160	1.000000000000000e+00	6
161	1.000000000000000e+00	24
162	1.000000000000000e+00	14
163	1.000000000000000e+00	34
164	1.000000000000000e+00	8
165	1.000000000000000e+00	6
166	1.000000000000000e+00	30
167	1.000000000000000e+00	6
168	1.000000000000000e+00	14
169	1.000000000000000e+00	4
170	1.000000000000000e+00	44
171	1.000000000000000e+00	34
172	1.000000000000000e+00	6
173	1.000000000000000e+00	2
174	1.000000000000000e+00	10
175	1.000000000000000e+00	18
176	1.000000000000000e+00	14
177	1.000000000000000e+00	54
178	1.000000000000000e+00	6
179	1.000000000000000e+00	14
180	1.000000000000000e+00	8
181	1.000000000000000e+00	12
182	1.000000000000000e+00	2
183	1.000000000000000e+00	14
184	1.000000000000000e+00	6
185	1.000000000000000e+00	22
186	1.000000000000000e+00	2
187	1.000000000000000e+00	6
188	1.000000000000000e+00	2
189	1.000000000000000e+00	16
190	1.000000000000000e+00	10
191	1.000000000000000e+00	4
192	1.000000000000000e+00	36
193	1.000000000000000e+00	6
194	1.000000000000000e+00	34
195	1.000000000000000e+00	10
196	1.000000000000000e+00	22
197	1.000000000000000e+00	2
198	1.000000000000000e+00	10
199	1.000000000000000e+00	12
200	1.000000000000000e+00	2
201	1.000000000000000e+00	14
202	1.000000000000000e+00	8
203	1.000000000000000e+00	10
204	1.000000000000000e+00	10
205	1.000000000000000e+00	10
206	1.000000000000000e+00	16
207	1.000000000000000e+00	14
208	1.000000000000000e+00	22
209	1.000000000000000e+00	2
210	1.000000000000000e+00	2
211	1.000000000000000e+00	32
212	1.000000000000000e+00	6
213	1.000000000000000e+00	26
214	1.000000000000000e+00	6
215	1.000000000000000e+00	24
216	1.000000000000000e+00	42
217	1.000000000000000e+00	8
218	1.000000000000000e+00	22
219	1.000000000000000e+00	24
220	1.000000000000000e+00	12
221	1.000000000000000e+00	10
222	1.000000000000000e+00	18
223	1.000000000000000e+00	2
224	1.000000000000000e+00	18
225	1.000000000000000e+00	12
226	1.000000000000000e+00	32
227	1.000000000000000e+00	6
228	1.000000000000000e+00	12
229	1.000000000000000e+00	6
230	1.000000000000000e+00	14
231	1.000000000000000e+00	6
232	1.000000000000000e+00	16
233	1.000000000000000e+00	2
234	1.000000000000000e+00	16
235	1.000000000000000e+00	4
236	1.000000000000000e+00	2
237	1.000000000000000e+00	18
238	1.000000000000000e+00	14
239	1.000000000000000e+00	24
240	1.000000000000000e+00	16
241	1.000000000000000e+00	20
242	1.000000000000000e+00	12
243	1.000000000000000e+00	26
244	1.000000000000000e+00	8
245	1.000000000000000e+00	14
246	1.000000000000000e+00	4
247	1.000000000000000e+00	18
248	1.000000000000000e+00	20
249	1.000000000000000e+00	18
250	1.000000000000000e+00	8
251	1.000000000000000e+00	2
252	1.000000000000000e+00	6
253	1.000000000000000e+00	8
254	1.000000000000000e+00	2
255	1.000000000000000e+00	14
256	1.000000000000000e+00	8
257	1.000000000000000e+00	10
258	1.000000000000000e+00	28
259	1.000000000000000e+00	2
260	1.000000000000000e+00	6
261	1.000000000000000e+00	22
262	1.000000000000000e+00	2
263	1.000000000000000e+00	10
264	1.000000000000000e+00	12
265	1.000000000000000e+00	16
266	1.000000000000000e+00	6
267	1.000000000000000e+00	16
268	1.000000000000000e+00	14
269	1.000000000000000e+00	4
270	1.000000000000000e+00	24
271	1.000000000000000e+00	42
272	1.000000000000000e+00	2
273	1.000000000000000e+00	12
274	1.000000000000000e+00	10
275	1.000000000000000e+00	14
276	1.000000000000000e+00	4
277	1.000000000000000e+00	16
278	1.000000000000000e+00	10
279	1.000000000000000e+00	26
280	1.000000000000000e+00	14
281	1.000000000000000e+00	46
282	1.000000000000000e+00	6
283	1.000000000000000e+00	2
284	1.000000000000000e+00	12
285	1.000000000000000e+00	20
286	1.000000000000000e+00	48
287	1.000000000000000e+00	36
288	1.000000000000000e+00	2
289	1.000000000000000e+00	20
290	1.000000000000000e+00	14
291	1.000000000000000e+00	10
292	1.000000000000000e+00	6
293	1.000000000000000e+00	12
294	1.000000000000000e+00	8
295	1.000000000000000e+00	36
296	1.000000000000000e+00	14
297	1.000000000000000e+00	16
298	1.000000000000000e+00	10
299	1.000000000000000e+00	36
300	1.000000000000000e+00	28
301	1.000000000000000e+00	12
302	1.000000000000000e+00	4
303	1.000000000000000e+00	10
304	1.000000000000000e+00	10
305	1.000000000000000e+00	12
306	1.000000000000000e+00	6
307	1.000000000000000e+00	6
308	1.000000000000000e+00	12
309	1.000000000000000e+00	18
310	1.000000000000000e+00	16
311	1.000000000000000e+00	34
312	1.000000000000000e+00	22
313	1.000000000000000e+00	2
314	1.000000000000000e+00	16
315	1.000000000000000e+00	30
316	1.000000000000000e+00	20
317	1.000000000000000e+00	2
318	1.000000000000000e+00	26
319	1.000000000000000e+00	4
320	1.000000000000000e+00	8
321	1.000000000000000e+00	14
322	1.000000000000000e+00	20
323	1.000000000000000e+00	2
324	1.000000000000000e+00	16
325	1.000000000000000e+00	22
326	1.000000000000000e+00	4
327	1.000000000000000e+00	24
328	1.000000000000000e+00	6
329	1.000000000000000e+00	18
330	1.000000000000000e+00	20
331	1.000000000000000e+00	20
332	1.000000000000000e+00	26
333	1.000000000000000e+00	14
334	1.000000000000000e+00	8
335	1.000000000000000e+00	24
336	1.000000000000000e+00	52
337	1.000000000000000e+00	4
338	1.000000000000000e+00	22
339	1.000000000000000e+00	6
340	1.000000000000000e+00	8
341	1.000000000000000e+00	14
342	1.000000000000000e+00	10
343	1.000000000000000e+00	4
344	1.000000000000000e+00	2
345	1.000000000000000e+00	8
346	1.000000000000000e+00	14
347	1.000000000000000e+00	34
348	1.000000000000000e+00	4
349	1.000000000000000e+00	26
350	1.000000000000000e+00	14
351	1.000000000000000e+00	2
352	1.000000000000000e+00	4
353	1.000000000000000e+00	18
354	1.000000000000000e+00	14
355	1.000000000000000e+00	8
356	1.000000000000000e+00	6
357	1.000000000000000e+00	36
358	1.000000000000000e+00	4
359	1.000000000000000e+00	6
360	1.000000000000000e+00	2
361	1.000000000000000e+00	16
362	1.000000000000000e+00	28
363	1.000000000000000e+00	2
364	1.000000000000000e+00	2
365	1.000000000000000e+00	2
366	1.000000000000000e+00	16
367	1.000000000000000e+00	10
368	1.000000000000000e+00	18
369	1.000000000000000e+00	12
370	1.000000000000000e+00	6
371	1.000000000000000e+00	2
372	1.000000000000000e+00	14
373	1.000000000000000e+00	8
374	1.000000000000000e+00	8
375	1.000000000000000e+00	4
376	1.000000000000000e+00	4
377	1.000000000000000e+00	14
378	1.000000000000000e+00	2
379	1.000000000000000e+00	16
380	1.000000000000000e+00	4
381	1.000000000000000e+00	18
382	1.000000000000000e+00	2
383	1.000000000000000e+00	32
384	1.000000000000000e+00	14
385	1.000000000000000e+00	2
386	1.000000000000000e+00	6
387	1.000000000000000e+00	18
388	1.000000000000000e+00	10
389	1.000000000000000e+00	8
390	1.000000000000000e+00	8
391	1.000000000000000e+00	20
392	1.000000000000000e+00	4
393	1.000000000000000e+00	2
394	1.000000000000000e+00	10
395	1.000000000000000e+00	16
396	1.000000000000000e+00	10
397	1.000000000000000e+00	22
398	1.000000000000000e+00	4
399	1.000000000000000e+00	24
400	1.000000000000000e+00	14
401	1.000000000000000e+00	4
402	1.000000000000000e+00	24
403	1.000000000000000e+00	8
404	1.000000000000000e+00	12
405	1.000000000000000e+00	24
406	1.000000000000000e+00	8
407	1.000000000000000e+00	16
408	1.000000000000000e+00	6
409	1.000000000000000e+00	10
410	1.000000000000000e+00	16
411	1.000000000000000e+00	4
412	1.000000000000000e+00	6
413	1.000000000000000e+00	38
414	1.000000000000000e+00	24
415	1.000000000000000e+00	4
416	1.000000000000000e+00	6
417	1.000000000000000e+00	4
418	1.000000000000000e+00	12
419	1.000000000000000e+00	8
420	1.000000000000000e+00	6
421	1.000000000000000e+00	14
422	1.000000000000000e+00	6
423	1.000000000000000e+00	6
424	1.000000000000000e+00	6
425	1.000000000000000e+00	6
426	1.000000000000000e+00	22
427	1.000000000000000e+00	36
428	1.000000000000000e+00	18
429	1.000000000000000e+00	20
430	1.000000000000000e+00	20
431	1.000000000000000e+00	6
432	1.000000000000000e+00	16
433	1.000000000000000e+00	12
434	1.000000000000000e+00	4
435	1.000000000000000e+00	22
436	1.000000000000000e+00	6
437	1.000000000000000e+00	8
438	1.000000000000000e+00	10
439	1.000000000000000e+00	22
440	1.000000000000000e+00	28
441	1.000000000000000e+00	18
442	1.000000000000000e+00	24
443	1.000000000000000e+00	12
444	1.000000000000000e+00	36
445	1.000000000000000e+00	26
446	1.000000000000000e+00	18
447	1.000000000000000e+00	14
448	1.000000000000000e+00	6
449	1.000000000000000e+00	10
450	1.000000000000000e+00	18
451	1.000000000000000e+00	12
452	1.000000000000000e+00	12
453	1.000000000000000e+00	26
454	1.000000000000000e+00	10
455	1.000000000000000e+00	2
456	1.000000000000000e+00	22
457	1.000000000000000e+00	4
458	1.000000000000000e+00	6
459	1.000000000000000e+00	12
460	1.000000000000000e+00	12
461	1.000000000000000e+00	6
462	1.000000000000000e+00	8
463	1.000000000000000e+00	14
464	1.000000000000000e+00	4
465	1.000000000000000e+00	6
466	1.000000000000000e+00	2
467	1.000000000000000e+00	8
468	1.000000000000000e+00	22
469	1.000000000000000e+00	36
470	1.000000000000000e+00	6
471	1.000000000000000e+00	34
472	1.000000000000000e+00	14
473	1.000000000000000e+00	4
474	1.000000000000000e+00	6
475	1.000000000000000e+00	4
476	1.000000000000000e+00	14
477	1.000000000000000e+00	6
478	1.000000000000000e+00	22
479	1.000000000000000e+00	16
480	1.000000000000000e+00	6
481	1.000000000000000e+00	2
482	1.000000000000000e+00	8
483	1.000000000000000e+00	8
484	1.000000000000000e+00	24
485	1.000000000000000e+00	12
486	1.000000000000000e+00	14
487	1.000000000000000e+00	2
488	1.000000000000000e+00	12
489	1.000000000000000e+00	16
490	1.000000000000000e+00	10
491	9.500004556947098e-01	224
492	9.000052165696388e-01	196
493	8.500172174784788e-01	250
494	8.000147918268472e-01	322
495	7.500195319990618e-01	324
496	7.000288061512399e-01	262
497	6.500270775527566e-01	298
498	6.000223823488459e-01	344
499	5.500296881053245e-01	300
500	5.000211101332305e-01	328
501	5.500314342749508e-01	300
502	6.000354389210144e-01	296
503	6.500411631867405e-01	278
504	7.000454389956410e-01	264
505	7.500394272020533e-01	306
506	8.000499210427092e-01	282
507	8.500504941778845e-01	280
508	9.000455502861391e-01	264
509	9.500635114087589e-01	228
510	9.000767440114206e-01	290
511	8.500604349323625e-01	262
512	8.000627998140497e-01	320
513	7.500566478565411e-01	182
514	8.000460079210582e-01	234
515	8.500590383747770e-01	240
516	9.000694069133999e-01	282
517	9.500618635219052e-01	306
518	1.000000000000000e+00	1000
519	1.000000000000000e+00	32
520	1.000000000000000e+00	2
521	1.000000000000000e+00	8
522	1.000000000000000e+00	6
523	1.000000000000000e+00	8
524	1.000000000000000e+00	2
525	1.000000000000000e+00	12
526	1.000000000000000e+00	12
527	1.000000000000000e+00	8
528	1.000000000000000e+00	14
529	1.000000000000000e+00	8
530	1.000000000000000e+00	4
531	1.000000000000000e+00	22
532	1.000000000000000e+00	20
533	1.000000000000000e+00	16
534	1.000000000000000e+00	6
535	1.000000000000000e+00	24
536	1.000000000000000e+00	22
537	1.000000000000000e+00	4
538	1.000000000000000e+00	12
539	1.000000000000000e+00	12
540	1.000000000000000e+00	4
541	1.000000000000000e+00	18
542	1.000000000000000e+00	14
543	1.000000000000000e+00	6
544	1.000000000000000e+00	24
545	1.000000000000000e+00	10
546	1.000000000000000e+00	6
547	1.000000000000000e+00	26
548	1.000000000000000e+00	16
549	1.000000000000000e+00	4
550	1.000000000000000e+00	2
551	1.000000000000000e+00	18
552	1.000000000000000e+00	20
553	1.000000000000000e+00	40
554	1.000000000000000e+00	6
555	1.000000000000000e+00	4
556	1.000000000000000e+00	16
557	1.000000000000000e+00	16
558	1.000000000000000e+00	12
559	1.000000000000000e+00	10
560	1.000000000000000e+00	8
561	1.000000000000000e+00	8
562	1.000000000000000e+00	2
563	1.000000000000000e+00	8
564	1.000000000000000e+00	14
565	1.000000000000000e+00	22
566	1.000000000000000e+00	16
567	1.000000000000000e+00	8
568	1.000000000000000e+00	2
569	1.000000000000000e+00	6
570	1.000000000000000e+00	18
571	1.000000000000000e+00	18
572	1.000000000000000e+00	14
573	1.000000000000000e+00	10
574	1.000000000000000e+00	4
575	1.000000000000000e+00	6
576	1.000000000000000e+00	4
577	1.000000000000000e+00	44
578	1.000000000000000e+00	18
579	1.000000000000000e+00	10
580	1.000000000000000e+00	2
581	1.000000000000000e+00	12
582	1.000000000000000e+00	2
583	1.000000000000000e+00	2
584	1.000000000000000e+00	26
585	1.000000000000000e+00	14
586	1.000000000000000e+00	14
587	1.000000000000000e+00	6
588	1.000000000000000e+00	4
589	1.000000000000000e+00	14
590	1.000000000000000e+00	14
591	1.000000000000000e+00	2
592	1.000000000000000e+00	12
593	1.000000000000000e+00	14
594	1.000000000000000e+00	16
595	1.000000000000000e+00	4
596	1.000000000000000e+00	14
597	1.000000000000000e+00	12
598	1.000000000000000e+00	16
599	1.000000000000000e+00	24
600	1.000000000000000e+00	18
601	1.000000000000000e+00	18
602	1.000000000000000e+00	24
603	1.000000000000000e+00	2
604	1.000000000000000e+00	14
605	1.000000000000000e+00	24
606	1.000000000000000e+00	10
607	1.000000000000000e+00	16
608	1.000000000000000e+00	2
609	1.000000000000000e+00	4
610	1.000000000000000e+00	20
611	1.000000000000000e+00	24
612	1.000000000000000e+00	2
613	1.000000000000000e+00	4
614	1.000000000000000e+00	10
615	1.000000000000000e+00	24
616	1.000000000000000e+00	2
617	1.000000000000000e+00	12
618	1.000000000000000e+00	44
619	1.000000000000000e+00	6
620	1.000000000000000e+00	4
621	1.000000000000000e+00	6
622	1.000000000000000e+00	2
623	1.000000000000000e+00	62
624	1.000000000000000e+00	8
625	1.000000000000000e+00	6
626	1.000000000000000e+00	20
627	1.000000000000000e+00	2
628	1.000000000000000e+00	10
629	1.000000000000000e+00	4
630	1.000000000000000e+00	12
631	1.000000000000000e+00	6
632	1.000000000000000e+00	10
633	1.000000000000000e+00	14
634	1.000000000000000e+00	2
635	1.000000000000000e+00	2
636	1.000000000000000e+00	6
637	1.000000000000000e+00	4
638	1.000000000000000e+00	20
639	1.000000000000000e+00	16
640	1.000000000000000e+00	6
641	1.000000000000000e+00	6
642	1.000000000000000e+00	2
643	1.000000000000000e+00	10
644	1.000000000000000e+00	4
645	1.000000000000000e+00	20
646	1.000000000000000e+00	8
647	1.000000000000000e+00	8
648	1.000000000000000e+00	6
649	1.000000000000000e+00	2
650	1.000000000000000e+00	4
651	1.000000000000000e+00	4
652	1.000000000000000e+00	12
653	1.000000000000000e+00	2
654	1.000000000000000e+00	4
655	1.000000000000000e+00	10
656	1.000000000000000e+00	12
657	1.000000000000000e+00	10
658	1.000000000000000e+00	2
659	1.000000000000000e+00	6
660	1.000000000000000e+00	4
661	1.000000000000000e+00	12
662	1.000000000000000e+00	30
663	1.000000000000000e+00	12
664	1.000000000000000e+00	2
665	1.000000000000000e+00	6
666	1.000000000000000e+00	8
667	1.000000000000000e+00	6
668	1.000000000000000e+00	28
669	1.000000000000000e+00	6
670	1.000000000000000e+00	4
671	1.000000000000000e+00	8
672	1.000000000000000e+00	8
673	1.000000000000000e+00	24
674	1.000000000000000e+00	16
675	1.000000000000000e+00	10
676	1.000000000000000e+00	4
677	1.000000000000000e+00	4
678	1.000000000000000e+00	10
679	1.000000000000000e+00	16
680	1.000000000000000e+00	20
681	1.000000000000000e+00	12
682	1.000000000000000e+00	4
683	1.000000000000000e+00	10
684	1.000000000000000e+00	6
685	1.000000000000000e+00	14
686	1.000000000000000e+00	12
687	1.000000000000000e+00	10
688	1.000000000000000e+00	40
689	1.000000000000000e+00	26
690	1.000000000000000e+00	14
691	1.000000000000000e+00	2
692	1.000000000000000e+00	10
693	1.000000000000000e+00	2
694	1.000000000000000e+00	2
695	1.000000000000000e+00	2
696	1.000000000000000e+00	12
697	1.000000000000000e+00	14
698	1.000000000000000e+00	24
699	1.000000000000000e+00	6
700	1.000000000000000e+00	8
701	1.000000000000000e+00	8
702	1.000000000000000e+00	20
703	1.000000000000000e+00	16
704	1.000000000000000e+00	18
705	1.000000000000000e+00	54
706	1.000000000000000e+00	12
707	1.000000000000000e+00	12
708	1.000000000000000e+00	12
709	1.000000000000000e+00	18
710	1.000000000000000e+00	16
711	1.000000000000000e+00	22
712	1.000000000000000e+00	8
713	1.000000000000000e+00	4
714	1.000000000000000e+00	6
715	1.000000000000000e+00	4
716	1.000000000000000e+00	6
717	1.000000000000000e+00	10
718	1.000000000000000e+00	14
719	1.000000000000000e+00	18
720	1.000000000000000e+00	4
721	1.000000000000000e+00	16
722	1.000000000000000e+00	18
723	1.000000000000000e+00	30
724	1.000000000000000e+00	4
725	1.000000000000000e+00	10
726	1.000000000000000e+00	20
727	1.000000000000000e+00	4
728	1.000000000000000e+00	4
729	1.000000000000000e+00	4
730	1.000000000000000e+00	12
731	1.000000000000000e+00	32
732	1.000000000000000e+00	2
733	1.000000000000000e+00	8
734	1.000000000000000e+00	6
735	1.000000000000000e+00	20
736	1.000000000000000e+00	4
737	1.000000000000000e+00	10
738	1.000000000000000e+00	14
739	1.000000000000000e+00	2
740	1.000000000000000e+00	2
741	1.000000000000000e+00	8
742	1.000000000000000e+00	4
743	1.000000000000000e+00	14
744	1.000000000000000e+00	6
745	1.000000000000000e+00	4
746	1.000000000000000e+00	12
747	1.000000000000000e+00	18
748	1.000000000000000e+00	4
749	1.000000000000000e+00	4
750	1.000000000000000e+00	8
751	1.000000000000000e+00	6
752	1.000000000000000e+00	6
753	1.000000000000000e+00	8
754	1.000000000000000e+00	6
755	1.000000000000000e+00	2
756	1.000000000000000e+00	10
757	1.000000000000000e+00	8
758	1.000000000000000e+00	6
759	1.000000000000000e+00	14
760	1.000000000000000e+00	26
761	1.000000000000000e+00	4
762	1.000000000000000e+00	6
763	1.000000000000000e+00	22
764	1.000000000000000e+00	8
765	1.000000000000000e+00	18
766	1.000000000000000e+00	12
767	1.000000000000000e+00	4
768	1.000000000000000e+00	14
769	1.000000000000000e+00	22
770	1.000000000000000e+00	30
771	1.000000000000000e+00	28
772	1.000000000000000e+00	10
773	1.000000000000000e+00	14
774	1.000000000000000e+00	8
775	1.000000000000000e+00	6
776	1.000000000000000e+00	2
777	1.000000000000000e+00	24
778	1.000000000000000e+00	10
779	1.000000000000000e+00	22
780	1.000000000000000e+00	30
781	1.000000000000000e+00	6
782	1.000000000000000e+00	18
783	1.000000000000000e+00	6
784	1.000000000000000e+00	2
785	1.000000000000000e+00	8
786	1.000000000000000e+00	6
787	1.000000000000000e+00	18
788	1.000000000000000e+00	6
789	1.000000000000000e+00	8
790	1.000000000000000e+00	8
791	1.000000000000000e+00	4
792	1.000000000000000e+00	26
793	1.000000000000000e+00	6
794	1.000000000000000e+00	20
795	1.000000000000000e+00	16
796	1.000000000000000e+00	18
797	1.000000000000000e+00	14
798	1.000000000000000e+00	2
799	1.000000000000000e+00	6
800	1.000000000000000e+00	18
801	1.000000000000000e+00	14
802	1.000000000000000e+00	12
803	1.000000000000000e+00	18
804	1.000000000000000e+00	6
805	1.000000000000000e+00	12
806	1.000000000000000e+00	4
807	1.000000000000000e+00	24
808	1.000000000000000e+00	4
809	1.000000000000000e+00	30
810	1.000000000000000e+00	22
811	1.000000000000000e+00	2
812	1.000000000000000e+00	24
813	1.000000000000000e+00	12
814	1.000000000000000e+00	4
815	1.000000000000000e+00	12
816	1.000000000000000e+00	12
817	1.000000000000000e+00	10
818	1.000000000000000e+00	36
819	1.000000000000000e+00	2
820	1.000000000000000e+00	46
821	1.000000000000000e+00	6
822	1.000000000000000e+00	2
823	1.000000000000000e+00	2
824	1.000000000000000e+00	8
825	1.000000000000000e+00	22
826	1.000000000000000e+00	12
827	1.000000000000000e+00	4
828	1.000000000000000e+00	14
829	1.000000000000000e+00	4
830	1.000000000000000e+00	8
831	1.000000000000000e+00	8
832	1.000000000000000e+00	16
833	1.000000000000000e+00	24
834	1.000000000000000e+00	18
835	1.000000000000000e+00	2
836	1.000000000000000e+00	32
837	1.000000000000000e+00	4
838	1.000000000000000e+00	8
839	1.000000000000000e+00	8
840	1.000000000000000e+00	12
841	1.000000000000000e+00	18
842	1.000000000000000e+00	6
843	1.000000000000000e+00	8
844	1.000000000000000e+00	18
845	1.000000000000000e+00	10
846	1.000000000000000e+00	6
847	1.000000000000000e+00	20
848	1.000000000000000e+00	6
849	1.000000000000000e+00	36
850	1.000000000000000e+00	2
851	1.000000000000000e+00	26
852	1.000000000000000e+00	8
853	1.000000000000000e+00	4
854	1.000000000000000e+00	18
855	1.000000000000000e+00	10
856	1.000000000000000e+00	28
857	1.000000000000000e+00	20
858	1.000000000000000e+00	4
859	1.000000000000000e+00	6
860	1.000000000000000e+00	6
861	1.000000000000000e+00	6
862	1.000000000000000e+00	20
863	1.000000000000000e+00	18
864	1.000000000000000e+00	4
865	1.000000000000000e+00	10
866	1.000000000000000e+00	14
867	1.000000000000000e+00	8
868	1.000000000000000e+00	10
869	1.000000000000000e+00	6
870	1.000000000000000e+00	8
871	1.000000000000000e+00	8
872	1.000000000000000e+00	12
873	1.000000000000000e+00	8
874	1.000000000000000e+00	42
875	1.000000000000000e+00	6
876	1.000000000000000e+00	14
877	1.000000000000000e+00	2
878	1.000000000000000e+00	14
879	1.000000000000000e+00	22
880	1.000000000000000e+00	14
881	1.000000000000000e+00	12
882	1.000000000000000e+00	12
883	1.000000000000000e+00	12
884	1.000000000000000e+00	10
885	1.000000000000000e+00	26
886	1.000000000000000e+00	10
887	1.000000000000000e+00	4
888	1.000000000000000e+00	40
889	1.000000000000000e+00	14
890	1.000000000000000e+00	6
891	1.000000000000000e+00	8
892	1.000000000000000e+00	2
893	1.000000000000000e+00	10
894	1.000000000000000e+00	28
895	1.000000000000000e+00	6
896	1.000000000000000e+00	10
897	1.000000000000000e+00	4
898	1.000000000000000e+00	4
899	1.000000000000000e+00	12
900	1.000000000000000e+00	2
901	1.000000000000000e+00	22
902	1.000000000000000e+00	4
903	1.000000000000000e+00	4
904	1.000000000000000e+00	8
905	1.000000000000000e+00	2
906	1.000000000000000e+00	8
907	1.000000000000000e+00	20
908	1.000000000000000e+00	30
909	1.000000000000000e+00	24
910	1.000000000000000e+00	40
911	1.000000000000000e+00	10
912	1.000000000000000e+00	2
913	1.000000000000000e+00	6
914	1.000000000000000e+00	24
915	1.000000000000000e+00	8
916	1.000000000000000e+00	4
917	1.000000000000000e+00	12
918	1.000000000000000e+00	4
919	1.000000000000000e+00	12
920	1.000000000000000e+00	20
921	1.000000000000000e+00	14
922	1.000000000000000e+00	2
923	1.000000000000000e+00	6
924	1.000000000000000e+00	12
925	1.000000000000000e+00	14
926	1.000000000000000e+00	12
927	1.000000000000000e+00	20
928	1.000000000000000e+00	6
929	1.000000000000000e+00	28
930	1.000000000000000e+00	18
931	1.000000000000000e+00	26
932	1.000000000000000e+00	6
933	1.000000000000000e+00	4
934	1.000000000000000e+00	10
935	1.000000000000000e+00	12
936	1.000000000000000e+00	16
937	1.000000000000000e+00	20
938	1.000000000000000e+00	16
939	1.000000000000000e+00	4
940	1.000000000000000e+00	42
941	1.000000000000000e+00	6
942	1.000000000000000e+00	16
943	1.000000000000000e+00	20
944	1.000000000000000e+00	10
945	1.000000000000000e+00	18
946	1.000000000000000e+00	10
947	1.000000000000000e+00	2
948	1.000000000000000e+00	32
949	1.000000000000000e+00	10
950	1.000000000000000e+00	2
951	1.000000000000000e+00	2
952	1.000000000000000e+00	16
953	1.000000000000000e+00	8
954	1.000000000000000e+00	4
955	1.000000000000000e+00	12
956	1.000000000000000e+00	4
957	1.000000000000000e+00	4
958	1.000000000000000e+00	10
959	1.000000000000000e+00	2
960	1.000000000000000e+00	6
961	1.000000000000000e+00	34
962	1.000000000000000e+00	2
963	1.000000000000000e+00	20
964	1.000000000000000e+00	6
965	1.000000000000000e+00	2
966	1.000000000000000e+00	36
967	1.000000000000000e+00	4
968	1.000000000000000e+00	14
969	1.000000000000000e+00	28
970	1.000000000000000e+00	12
971	1.000000000000000e+00	22
972	1.000000000000000e+00	16
973	1.000000000000000e+00	20
974	1.000000000000000e+00	24
975	1.000000000000000e+00	14
976	1.000000000000000e+00	18
977	1.000000000000000e+00	4
978	1.000000000000000e+00	6
979	1.000000000000000e+00	18
980	1.000000000000000e+00	10
981	1.000000000000000e+00	6
982	1.000000000000000e+00	2
983	1.000000000000000e+00	2
984	1.000000000000000e+00	6
985	1.000000000000000e+00	4
986	1.000000000000000e+00	26
987	1.000000000000000e+00	8
988	1.000000000000000e+00	4
989	1.000000000000000e+00	20
990	1.000000000000000e+00	14
991	1.000000000000000e+00	18
992	1.000000000000000e+00	8
993	1.000000000000000e+00	36
994	1.000000000000000e+00	4
995	1.000000000000000e+00	16
996	1.000000000000000e+00	8
997	1.000000000000000e+00	4
998	1.000000000000000e+00	6
999	1.000000000000000e+00	14
1000	1.000000000000000e+00	4


Tempo gasto: 6.866904
