Método usado: LUUS JAAKOLA

POSIÇÃO	ÁREA(mm²)	CUSTO

1	1.000000000000000e+00	2
2	1.000000000000000e+00	34
3	1.000000000000000e+00	18
4	1.000000000000000e+00	4
5	1.000000000000000e+00	10
6	1.000000000000000e+00	10
7	1.000000000000000e+00	12
8	1.000000000000000e+00	4
9	1.000000000000000e+00	18
10	1.000000000000000e+00	16
11	1.000000000000000e+00	10
12	1.000000000000000e+00	24
13	1.000000000000000e+00	4
14	1.000000000000000e+00	8
15	1.000000000000000e+00	10
16	1.000000000000000e+00	16
17	1.000000000000000e+00	6
18	1.000000000000000e+00	24
19	1.000000000000000e+00	8
20	1.000000000000000e+00	14
21	1.000000000000000e+00	20
22	1.000000000000000e+00	14
23	1.000000000000000e+00	18
24	1.000000000000000e+00	50
25	1.000000000000000e+00	8
26	1.000000000000000e+00	8
27	1.000000000000000e+00	10
28	1.000000000000000e+00	6
29	1.000000000000000e+00	22
30	1.000000000000000e+00	6
31	1.000000000000000e+00	28
32	1.000000000000000e+00	24
33	1.000000000000000e+00	6
34	1.000000000000000e+00	2
35	1.000000000000000e+00	26
36	1.000000000000000e+00	2
37	1.000000000000000e+00	12
38	1.000000000000000e+00	12
39	1.000000000000000e+00	8
40	1.000000000000000e+00	8
41	1.000000000000000e+00	22
42	1.000000000000000e+00	6
43	1.000000000000000e+00	4
44	1.000000000000000e+00	2
45	1.000000000000000e+00	22
46	1.000000000000000e+00	12
47	1.000000000000000e+00	2
48	1.000000000000000e+00	18
49	1.000000000000000e+00	2
50	1.000000000000000e+00	10
51	1.000000000000000e+00	8
52	1.000000000000000e+00	6
53	1.000000000000000e+00	4
54	1.000000000000000e+00	8
55	1.000000000000000e+00	4
56	1.000000000000000e+00	12
57	1.000000000000000e+00	18
58	1.000000000000000e+00	2
59	1.000000000000000e+00	10
60	1.000000000000000e+00	4
61	1.000000000000000e+00	26
62	1.000000000000000e+00	2
63	1.000000000000000e+00	8
64	1.000000000000000e+00	2
65	1.000000000000000e+00	6
66	1.000000000000000e+00	6
67	1.000000000000000e+00	16
68	1.000000000000000e+00	4
69	1.000000000000000e+00	4
70	1.000000000000000e+00	10
71	1.000000000000000e+00	46
72	1.000000000000000e+00	2
73	1.000000000000000e+00	18
74	1.000000000000000e+00	6
75	1.000000000000000e+00	8
76	1.000000000000000e+00	2
77	1.000000000000000e+00	14
78	1.000000000000000e+00	16
79	1.000000000000000e+00	14
80	1.000000000000000e+00	10
81	1.000000000000000e+00	4
82	1.000000000000000e+00	26
83	1.000000000000000e+00	8
84	1.000000000000000e+00	4
85	1.000000000000000e+00	10
86	1.000000000000000e+00	26
87	1.000000000000000e+00	24
88	1.000000000000000e+00	18
89	1.000000000000000e+00	8
90	1.000000000000000e+00	16
91	1.000000000000000e+00	14
92	1.000000000000000e+00	6
93	1.000000000000000e+00	44
94	1.000000000000000e+00	6
95	1.000000000000000e+00	14
96	1.000000000000000e+00	8
97	1.000000000000000e+00	18
98	1.000000000000000e+00	38
99	1.000000000000000e+00	16
100	1.000000000000000e+00	6
101	1.000000000000000e+00	6
102	1.000000000000000e+00	24
103	1.000000000000000e+00	18
104	1.000000000000000e+00	26
105	1.000000000000000e+00	4
106	1.000000000000000e+00	2
107	1.000000000000000e+00	6
108	1.000000000000000e+00	2
109	1.000000000000000e+00	36
110	1.000000000000000e+00	30
111	1.000000000000000e+00	20
112	1.000000000000000e+00	2
113	1.000000000000000e+00	18
114	1.000000000000000e+00	6
115	1.000000000000000e+00	28
116	1.000000000000000e+00	4
117	1.000000000000000e+00	4
118	1.000000000000000e+00	8
119	1.000000000000000e+00	6
120	1.000000000000000e+00	14
121	1.000000000000000e+00	40
122	1.000000000000000e+00	20
123	1.000000000000000e+00	2
124	1.000000000000000e+00	60
125	1.000000000000000e+00	28
126	1.000000000000000e+00	12
127	1.000000000000000e+00	22
128	1.000000000000000e+00	10
129	1.000000000000000e+00	12
130	1.000000000000000e+00	4
131	1.000000000000000e+00	8
132	1.000000000000000e+00	6
133	1.000000000000000e+00	8
134	1.000000000000000e+00	24
135	1.000000000000000e+00	22
136	1.000000000000000e+00	18
137	1.000000000000000e+00	10
138	1.000000000000000e+00	12
139	1.000000000000000e+00	16
140	1.000000000000000e+00	26
141	1.000000000000000e+00	10
142	1.000000000000000e+00	4
143	1.000000000000000e+00	6
144	1.000000000000000e+00	36
145	1.000000000000000e+00	34
146	1.000000000000000e+00	34
147	1.000000000000000e+00	22
148	1.000000000000000e+00	8
149	1.000000000000000e+00	20
150	1.000000000000000e+00	6
151	1.000000000000000e+00	32
152	1.000000000000000e+00	14
153	1.000000000000000e+00	6
154	1.000000000000000e+00	6
155	1.000000000000000e+00	22
156	1.000000000000000e+00	14
157	1.000000000000000e+00	12
158	1.000000000000000e+00	6
159	1.000000000000000e+00	6
160	1.000000000000000e+00	10
161	1.000000000000000e+00	22
162	1.000000000000000e+00	38
163	1.000000000000000e+00	12
164	1.000000000000000e+00	20
165	1.000000000000000e+00	42
166	1.000000000000000e+00	10
167	1.000000000000000e+00	12
168	1.000000000000000e+00	18
169	1.000000000000000e+00	8
170	1.000000000000000e+00	10
171	1.000000000000000e+00	18
172	1.000000000000000e+00	14
173	1.000000000000000e+00	4
174	1.000000000000000e+00	8
175	1.000000000000000e+00	10
176	1.000000000000000e+00	18
177	1.000000000000000e+00	8
178	1.000000000000000e+00	12
179	1.000000000000000e+00	8
180	1.000000000000000e+00	4
181	1.000000000000000e+00	6
182	1.000000000000000e+00	6
183	1.000000000000000e+00	12
184	1.000000000000000e+00	4
185	1.000000000000000e+00	8
186	1.000000000000000e+00	16
187	1.000000000000000e+00	26
188	1.000000000000000e+00	4
189	1.000000000000000e+00	14
190	1.000000000000000e+00	12
191	1.000000000000000e+00	10
192	1.000000000000000e+00	6
193	1.000000000000000e+00	16
194	1.000000000000000e+00	8
195	1.000000000000000e+00	10
196	1.000000000000000e+00	6
197	1.000000000000000e+00	12
198	1.000000000000000e+00	22
199	1.000000000000000e+00	24
200	1.000000000000000e+00	6
201	1.000000000000000e+00	6
202	1.000000000000000e+00	8
203	1.000000000000000e+00	20
204	1.000000000000000e+00	26
205	1.000000000000000e+00	28
206	1.000000000000000e+00	18
207	1.000000000000000e+00	8
208	1.000000000000000e+00	16
209	1.000000000000000e+00	30
210	1.000000000000000e+00	2
211	1.000000000000000e+00	20
212	1.000000000000000e+00	4
213	1.000000000000000e+00	2
214	1.000000000000000e+00	18
215	1.000000000000000e+00	4
216	1.000000000000000e+00	28
217	1.000000000000000e+00	8
218	1.000000000000000e+00	8
219	1.000000000000000e+00	10
220	1.000000000000000e+00	4
221	1.000000000000000e+00	2
222	1.000000000000000e+00	8
223	1.000000000000000e+00	34
224	1.000000000000000e+00	6
225	1.000000000000000e+00	8
226	1.000000000000000e+00	12
227	1.000000000000000e+00	12
228	1.000000000000000e+00	20
229	1.000000000000000e+00	6
230	1.000000000000000e+00	2
231	1.000000000000000e+00	16
232	1.000000000000000e+00	30
233	1.000000000000000e+00	12
234	1.000000000000000e+00	8
235	1.000000000000000e+00	10
236	1.000000000000000e+00	2
237	1.000000000000000e+00	22
238	1.000000000000000e+00	18
239	1.000000000000000e+00	16
240	1.000000000000000e+00	4
241	1.000000000000000e+00	2
242	1.000000000000000e+00	18
243	1.000000000000000e+00	8
244	1.000000000000000e+00	18
245	1.000000000000000e+00	4
246	1.000000000000000e+00	4
247	1.000000000000000e+00	2
248	1.000000000000000e+00	10
249	1.000000000000000e+00	2
250	1.000000000000000e+00	16
251	1.000000000000000e+00	4
252	1.000000000000000e+00	26
253	1.000000000000000e+00	12
254	1.000000000000000e+00	2
255	1.000000000000000e+00	18
256	1.000000000000000e+00	2
257	1.000000000000000e+00	44
258	1.000000000000000e+00	40
259	1.000000000000000e+00	14
260	1.000000000000000e+00	10
261	1.000000000000000e+00	2
262	1.000000000000000e+00	2
263	1.000000000000000e+00	32
264	1.000000000000000e+00	20
265	1.000000000000000e+00	16
266	1.000000000000000e+00	2
267	1.000000000000000e+00	18
268	1.000000000000000e+00	4
269	1.000000000000000e+00	4
270	1.000000000000000e+00	8
271	1.000000000000000e+00	2
272	1.000000000000000e+00	8
273	1.000000000000000e+00	8
274	1.000000000000000e+00	16
275	1.000000000000000e+00	6
276	1.000000000000000e+00	20
277	1.000000000000000e+00	6
278	1.000000000000000e+00	4
279	1.000000000000000e+00	4
280	1.000000000000000e+00	10
281	1.000000000000000e+00	2
282	1.000000000000000e+00	2
283	1.000000000000000e+00	38
284	1.000000000000000e+00	2
285	1.000000000000000e+00	30
286	1.000000000000000e+00	14
287	1.000000000000000e+00	2
288	1.000000000000000e+00	10
289	1.000000000000000e+00	14
290	1.000000000000000e+00	6
291	1.000000000000000e+00	20
292	1.000000000000000e+00	4
293	1.000000000000000e+00	36
294	1.000000000000000e+00	56
295	1.000000000000000e+00	6
296	1.000000000000000e+00	16
297	1.000000000000000e+00	4
298	1.000000000000000e+00	16
299	1.000000000000000e+00	4
300	1.000000000000000e+00	8
301	1.000000000000000e+00	28
302	1.000000000000000e+00	2
303	1.000000000000000e+00	10
304	1.000000000000000e+00	36
305	1.000000000000000e+00	28
306	1.000000000000000e+00	8
307	1.000000000000000e+00	8
308	1.000000000000000e+00	12
309	1.000000000000000e+00	4
310	1.000000000000000e+00	10
311	1.000000000000000e+00	8
312	1.000000000000000e+00	12
313	1.000000000000000e+00	30
314	1.000000000000000e+00	8
315	1.000000000000000e+00	2
316	1.000000000000000e+00	20
317	1.000000000000000e+00	14
318	1.000000000000000e+00	6
319	1.000000000000000e+00	26
320	1.000000000000000e+00	6
321	1.000000000000000e+00	40
322	1.000000000000000e+00	8
323	1.000000000000000e+00	32
324	1.000000000000000e+00	8
325	1.000000000000000e+00	6
326	1.000000000000000e+00	2
327	1.000000000000000e+00	32
328	1.000000000000000e+00	6
329	1.000000000000000e+00	8
330	1.000000000000000e+00	10
331	1.000000000000000e+00	14
332	1.000000000000000e+00	2
333	1.000000000000000e+00	18
334	1.000000000000000e+00	6
335	1.000000000000000e+00	24
336	1.000000000000000e+00	2
337	1.000000000000000e+00	6
338	1.000000000000000e+00	10
339	1.000000000000000e+00	28
340	1.000000000000000e+00	26
341	1.000000000000000e+00	4
342	1.000000000000000e+00	10
343	1.000000000000000e+00	10
344	1.000000000000000e+00	12
345	1.000000000000000e+00	10
346	1.000000000000000e+00	2
347	1.000000000000000e+00	8
348	1.000000000000000e+00	18
349	1.000000000000000e+00	12
350	1.000000000000000e+00	20
351	1.000000000000000e+00	10
352	1.000000000000000e+00	4
353	1.000000000000000e+00	4
354	1.000000000000000e+00	8
355	1.000000000000000e+00	2
356	1.000000000000000e+00	4
357	1.000000000000000e+00	4
358	1.000000000000000e+00	4
359	1.000000000000000e+00	10
360	1.000000000000000e+00	4
361	1.000000000000000e+00	2
362	1.000000000000000e+00	8
363	1.000000000000000e+00	18
364	1.000000000000000e+00	24
365	1.000000000000000e+00	22
366	1.000000000000000e+00	48
367	1.000000000000000e+00	16
368	1.000000000000000e+00	18
369	1.000000000000000e+00	2
370	1.000000000000000e+00	2
371	1.000000000000000e+00	2
372	1.000000000000000e+00	48
373	1.000000000000000e+00	4
374	1.000000000000000e+00	4
375	1.000000000000000e+00	4
376	1.000000000000000e+00	10
377	1.000000000000000e+00	12
378	1.000000000000000e+00	44
379	1.000000000000000e+00	2
380	1.000000000000000e+00	46
381	1.000000000000000e+00	10
382	1.000000000000000e+00	8
383	1.000000000000000e+00	28
384	1.000000000000000e+00	2
385	1.000000000000000e+00	6
386	1.000000000000000e+00	16
387	1.000000000000000e+00	14
388	1.000000000000000e+00	6
389	1.000000000000000e+00	4
390	1.000000000000000e+00	6
391	1.000000000000000e+00	26
392	1.000000000000000e+00	14
393	1.000000000000000e+00	4
394	1.000000000000000e+00	12
395	1.000000000000000e+00	20
396	1.000000000000000e+00	36
397	1.000000000000000e+00	6
398	1.000000000000000e+00	6
399	1.000000000000000e+00	2
400	1.000000000000000e+00	16
401	1.000000000000000e+00	10
402	1.000000000000000e+00	10
403	1.000000000000000e+00	22
404	1.000000000000000e+00	2
405	1.000000000000000e+00	4
406	1.000000000000000e+00	10
407	1.000000000000000e+00	14
408	1.000000000000000e+00	6
409	1.000000000000000e+00	6
410	1.000000000000000e+00	2
411	1.000000000000000e+00	2
412	1.000000000000000e+00	12
413	1.000000000000000e+00	14
414	1.000000000000000e+00	2
415	1.000000000000000e+00	2
416	1.000000000000000e+00	10
417	1.000000000000000e+00	4
418	1.000000000000000e+00	4
419	1.000000000000000e+00	26
420	1.000000000000000e+00	24
421	1.000000000000000e+00	2
422	1.000000000000000e+00	26
423	1.000000000000000e+00	4
424	1.000000000000000e+00	20
425	1.000000000000000e+00	10
426	1.000000000000000e+00	12
427	1.000000000000000e+00	8
428	1.000000000000000e+00	2
429	1.000000000000000e+00	22
430	1.000000000000000e+00	4
431	1.000000000000000e+00	20
432	1.000000000000000e+00	10
433	1.000000000000000e+00	2
434	1.000000000000000e+00	14
435	1.000000000000000e+00	12
436	1.000000000000000e+00	48
437	1.000000000000000e+00	2
438	1.000000000000000e+00	10
439	1.000000000000000e+00	22
440	1.000000000000000e+00	18
441	1.000000000000000e+00	10
442	1.000000000000000e+00	28
443	1.000000000000000e+00	8
444	1.000000000000000e+00	2
445	1.000000000000000e+00	22
446	1.000000000000000e+00	4
447	1.000000000000000e+00	8
448	1.000000000000000e+00	10
449	1.000000000000000e+00	8
450	1.000000000000000e+00	6
451	1.000000000000000e+00	2
452	1.000000000000000e+00	6
453	1.000000000000000e+00	2
454	1.000000000000000e+00	8
455	1.000000000000000e+00	8
456	1.000000000000000e+00	4
457	1.000000000000000e+00	4
458	1.000000000000000e+00	8
459	1.000000000000000e+00	10
460	1.000000000000000e+00	8
461	1.000000000000000e+00	8
462	1.000000000000000e+00	8
463	1.000000000000000e+00	24
464	1.000000000000000e+00	34
465	1.000000000000000e+00	16
466	1.000000000000000e+00	22
467	1.000000000000000e+00	4
468	1.000000000000000e+00	6
469	1.000000000000000e+00	12
470	1.000000000000000e+00	14
471	1.000000000000000e+00	16
472	1.000000000000000e+00	4
473	1.000000000000000e+00	12
474	1.000000000000000e+00	16
475	1.000000000000000e+00	6
476	1.000000000000000e+00	2
477	1.000000000000000e+00	2
478	1.000000000000000e+00	6
479	1.000000000000000e+00	12
480	1.000000000000000e+00	10
481	1.000000000000000e+00	4
482	1.000000000000000e+00	42
483	1.000000000000000e+00	6
484	1.000000000000000e+00	6
485	1.000000000000000e+00	12
486	1.000000000000000e+00	28
487	1.000000000000000e+00	2
488	1.000000000000000e+00	14
489	1.000000000000000e+00	34
490	1.000000000000000e+00	4
491	9.499923778207641e-01	264
492	9.000086122984414e-01	294
493	8.500176427076109e-01	306
494	8.000094650961291e-01	174
495	7.499996081180670e-01	328
496	6.999878582530785e-01	278
497	6.499904906496431e-01	230
498	5.999965694389916e-01	264
499	5.500054404238330e-01	276
500	5.000042049434054e-01	260
501	5.500064698271382e-01	208
502	5.999980226194476e-01	196
503	6.500064354170950e-01	330
504	7.000062339894346e-01	298
505	7.500055399607088e-01	228
506	8.000070542820501e-01	330
507	8.500163499807960e-01	316
508	9.000079660018435e-01	292
509	9.500124318677208e-01	304
510	9.000296668389753e-01	250
511	8.500189477064433e-01	228
512	8.000157430608765e-01	222
513	7.500041602982435e-01	220
514	8.000172291392367e-01	294
515	8.500330589055676e-01	286
516	9.000270428389131e-01	68
517	9.500352601790938e-01	328
518	1.000000000000000e+00	1000
519	1.000000000000000e+00	10
520	1.000000000000000e+00	10
521	1.000000000000000e+00	4
522	1.000000000000000e+00	22
523	1.000000000000000e+00	2
524	1.000000000000000e+00	30
525	1.000000000000000e+00	2
526	1.000000000000000e+00	30
527	1.000000000000000e+00	6
528	1.000000000000000e+00	8
529	1.000000000000000e+00	8
530	1.000000000000000e+00	4
531	1.000000000000000e+00	8
532	1.000000000000000e+00	12
533	1.000000000000000e+00	6
534	1.000000000000000e+00	6
535	1.000000000000000e+00	8
536	1.000000000000000e+00	6
537	1.000000000000000e+00	18
538	1.000000000000000e+00	12
539	1.000000000000000e+00	14
540	1.000000000000000e+00	2
541	1.000000000000000e+00	26
542	1.000000000000000e+00	6
543	1.000000000000000e+00	14
544	1.000000000000000e+00	34
545	1.000000000000000e+00	12
546	1.000000000000000e+00	32
547	1.000000000000000e+00	12
548	1.000000000000000e+00	6
549	1.000000000000000e+00	6
550	1.000000000000000e+00	20
551	1.000000000000000e+00	2
552	1.000000000000000e+00	22
553	1.000000000000000e+00	14
554	1.000000000000000e+00	4
555	1.000000000000000e+00	2
556	1.000000000000000e+00	40
557	1.000000000000000e+00	18
558	1.000000000000000e+00	2
559	1.000000000000000e+00	16
560	1.000000000000000e+00	20
561	1.000000000000000e+00	10
562	1.000000000000000e+00	12
563	1.000000000000000e+00	8
564	1.000000000000000e+00	20
565	1.000000000000000e+00	16
566	1.000000000000000e+00	2
567	1.000000000000000e+00	14
568	1.000000000000000e+00	4
569	1.000000000000000e+00	2
570	1.000000000000000e+00	16
571	1.000000000000000e+00	8
572	1.000000000000000e+00	4
573	1.000000000000000e+00	4
574	1.000000000000000e+00	12
575	1.000000000000000e+00	18
576	1.000000000000000e+00	2
577	1.000000000000000e+00	8
578	1.000000000000000e+00	26
579	1.000000000000000e+00	26
580	1.000000000000000e+00	8
581	1.000000000000000e+00	4
582	1.000000000000000e+00	8
583	1.000000000000000e+00	4
584	1.000000000000000e+00	2
585	1.000000000000000e+00	10
586	1.000000000000000e+00	10
587	1.000000000000000e+00	8
588	1.000000000000000e+00	32
589	1.000000000000000e+00	6
590	1.000000000000000e+00	2
591	1.000000000000000e+00	4
592	1.000000000000000e+00	20
593	1.000000000000000e+00	4
594	1.000000000000000e+00	42
595	1.000000000000000e+00	6
596	1.000000000000000e+00	2
597	1.000000000000000e+00	8
598	1.000000000000000e+00	2
599	1.000000000000000e+00	32
600	1.000000000000000e+00	2
601	1.000000000000000e+00	4
602	1.000000000000000e+00	2
603	1.000000000000000e+00	6
604	1.000000000000000e+00	6
605	1.000000000000000e+00	6
606	1.000000000000000e+00	2
607	1.000000000000000e+00	34
608	1.000000000000000e+00	28
609	1.000000000000000e+00	18
610	1.000000000000000e+00	18
611	1.000000000000000e+00	10
612	1.000000000000000e+00	36
613	1.000000000000000e+00	8
614	1.000000000000000e+00	38
615	1.000000000000000e+00	20
616	1.000000000000000e+00	20
617	1.000000000000000e+00	2
618	1.000000000000000e+00	16
619	1.000000000000000e+00	4
620	1.000000000000000e+00	8
621	1.000000000000000e+00	22
622	1.000000000000000e+00	26
623	1.000000000000000e+00	2
624	1.000000000000000e+00	24
625	1.000000000000000e+00	30
626	1.000000000000000e+00	10
627	1.000000000000000e+00	4
628	1.000000000000000e+00	38
629	1.000000000000000e+00	16
630	1.000000000000000e+00	4
631	1.000000000000000e+00	10
632	1.000000000000000e+00	8
633	1.000000000000000e+00	6
634	1.000000000000000e+00	2
635	1.000000000000000e+00	16
636	1.000000000000000e+00	2
637	1.000000000000000e+00	2
638	1.000000000000000e+00	12
639	1.000000000000000e+00	2
640	1.000000000000000e+00	12
641	1.000000000000000e+00	34
642	1.000000000000000e+00	10
643	1.000000000000000e+00	6
644	1.000000000000000e+00	4
645	1.000000000000000e+00	2
646	1.000000000000000e+00	2
647	1.000000000000000e+00	16
648	1.000000000000000e+00	26
649	1.000000000000000e+00	18
650	1.000000000000000e+00	22
651	1.000000000000000e+00	2
652	1.000000000000000e+00	18
653	1.000000000000000e+00	6
654	1.000000000000000e+00	6
655	1.000000000000000e+00	2
656	1.000000000000000e+00	6
657	1.000000000000000e+00	2
658	1.000000000000000e+00	2
659	1.000000000000000e+00	2
660	1.000000000000000e+00	8
661	1.000000000000000e+00	14
662	1.000000000000000e+00	16
663	1.000000000000000e+00	4
664	1.000000000000000e+00	6
665	1.000000000000000e+00	6
666	1.000000000000000e+00	22
667	1.000000000000000e+00	10
668	1.000000000000000e+00	24
669	1.000000000000000e+00	14
670	1.000000000000000e+00	6
671	1.000000000000000e+00	12
672	1.000000000000000e+00	14
673	1.000000000000000e+00	26
674	1.000000000000000e+00	12
675	1.000000000000000e+00	8
676	1.000000000000000e+00	12
677	1.000000000000000e+00	4
678	1.000000000000000e+00	2
679	1.000000000000000e+00	10
680	1.000000000000000e+00	14
681	1.000000000000000e+00	4
682	1.000000000000000e+00	16
683	1.000000000000000e+00	4
684	1.000000000000000e+00	12
685	1.000000000000000e+00	34
686	1.000000000000000e+00	8
687	1.000000000000000e+00	4
688	1.000000000000000e+00	2
689	1.000000000000000e+00	38
690	1.000000000000000e+00	14
691	1.000000000000000e+00	32
692	1.000000000000000e+00	20
693	1.000000000000000e+00	6
694	1.000000000000000e+00	4
695	1.000000000000000e+00	28
696	1.000000000000000e+00	4
697	1.000000000000000e+00	4
698	1.000000000000000e+00	44
699	1.000000000000000e+00	8
700	1.000000000000000e+00	20
701	1.000000000000000e+00	14
702	1.000000000000000e+00	4
703	1.000000000000000e+00	6
704	1.000000000000000e+00	8
705	1.000000000000000e+00	4
706	1.000000000000000e+00	36
707	1.000000000000000e+00	8
708	1.000000000000000e+00	20
709	1.000000000000000e+00	10
710	1.000000000000000e+00	6
711	1.000000000000000e+00	2
712	1.000000000000000e+00	16
713	1.000000000000000e+00	4
714	1.000000000000000e+00	6
715	1.000000000000000e+00	16
716	1.000000000000000e+00	2
717	1.000000000000000e+00	4
718	1.000000000000000e+00	18
719	1.000000000000000e+00	12
720	1.000000000000000e+00	2
721	1.000000000000000e+00	12
722	1.000000000000000e+00	28
723	1.000000000000000e+00	12
724	1.000000000000000e+00	22
725	1.000000000000000e+00	2
726	1.000000000000000e+00	10
727	1.000000000000000e+00	12
728	1.000000000000000e+00	12
729	1.000000000000000e+00	2
730	1.000000000000000e+00	16
731	1.000000000000000e+00	4
732	1.000000000000000e+00	2
733	1.000000000000000e+00	6
734	1.000000000000000e+00	8
735	1.000000000000000e+00	2
736	1.000000000000000e+00	38
737	1.000000000000000e+00	2
738	1.000000000000000e+00	14
739	1.000000000000000e+00	34
740	1.000000000000000e+00	8
741	1.000000000000000e+00	18
742	1.000000000000000e+00	6
743	1.000000000000000e+00	12
744	1.000000000000000e+00	16
745	1.000000000000000e+00	16
746	1.000000000000000e+00	22
747	1.000000000000000e+00	4
748	1.000000000000000e+00	4
749	1.000000000000000e+00	2
750	1.000000000000000e+00	2
751	1.000000000000000e+00	24
752	1.000000000000000e+00	14
753	1.000000000000000e+00	10
754	1.000000000000000e+00	8
755	1.000000000000000e+00	6
756	1.000000000000000e+00	38
757	1.000000000000000e+00	12
758	1.000000000000000e+00	8
759	1.000000000000000e+00	8
760	1.000000000000000e+00	8
761	1.000000000000000e+00	22
762	1.000000000000000e+00	4
763	1.000000000000000e+00	38
764	1.000000000000000e+00	24
765	1.000000000000000e+00	14
766	1.000000000000000e+00	12
767	1.000000000000000e+00	32
768	1.000000000000000e+00	22
769	1.000000000000000e+00	8
770	1.000000000000000e+00	10
771	1.000000000000000e+00	8
772	1.000000000000000e+00	8
773	1.000000000000000e+00	4
774	1.000000000000000e+00	8
775	1.000000000000000e+00	2
776	1.000000000000000e+00	14
777	1.000000000000000e+00	14
778	1.000000000000000e+00	8
779	1.000000000000000e+00	6
780	1.000000000000000e+00	8
781	1.000000000000000e+00	10
782	1.000000000000000e+00	4
783	1.000000000000000e+00	4
784	1.000000000000000e+00	6
785	1.000000000000000e+00	8
786	1.000000000000000e+00	24
787	1.000000000000000e+00	8
788	1.000000000000000e+00	4
789	1.000000000000000e+00	28
790	1.000000000000000e+00	6
791	1.000000000000000e+00	16
792	1.000000000000000e+00	4
793	1.000000000000000e+00	4
794	1.000000000000000e+00	12
795	1.000000000000000e+00	10
796	1.000000000000000e+00	24
797	1.000000000000000e+00	12
798	1.000000000000000e+00	36
799	1.000000000000000e+00	8
800	1.000000000000000e+00	10
801	1.000000000000000e+00	24
802	1.000000000000000e+00	8
803	1.000000000000000e+00	16
804	1.000000000000000e+00	20
805	1.000000000000000e+00	8
806	1.000000000000000e+00	32
807	1.000000000000000e+00	2
808	1.000000000000000e+00	10
809	1.000000000000000e+00	12
810	1.000000000000000e+00	28
811	1.000000000000000e+00	64
812	1.000000000000000e+00	4
813	1.000000000000000e+00	20
814	1.000000000000000e+00	16
815	1.000000000000000e+00	2
816	1.000000000000000e+00	24
817	1.000000000000000e+00	6
818	1.000000000000000e+00	18
819	1.000000000000000e+00	10
820	1.000000000000000e+00	12
821	1.000000000000000e+00	4
822	1.000000000000000e+00	14
823	1.000000000000000e+00	6
824	1.000000000000000e+00	4
825	1.000000000000000e+00	12
826	1.000000000000000e+00	20
827	1.000000000000000e+00	8
828	1.000000000000000e+00	16
829	1.000000000000000e+00	2
830	1.000000000000000e+00	18
831	1.000000000000000e+00	14
832	1.000000000000000e+00	18
833	1.000000000000000e+00	4
834	1.000000000000000e+00	14
835	1.000000000000000e+00	14
836	1.000000000000000e+00	10
837	1.000000000000000e+00	54
838	1.000000000000000e+00	16
839	1.000000000000000e+00	4
840	1.000000000000000e+00	18
841	1.000000000000000e+00	22
842	1.000000000000000e+00	20
843	1.000000000000000e+00	6
844	1.000000000000000e+00	8
845	1.000000000000000e+00	2
846	1.000000000000000e+00	2
847	1.000000000000000e+00	2
848	1.000000000000000e+00	14
849	1.000000000000000e+00	30
850	1.000000000000000e+00	2
851	1.000000000000000e+00	8
852	1.000000000000000e+00	24
853	1.000000000000000e+00	20
854	1.000000000000000e+00	20
855	1.000000000000000e+00	2
856	1.000000000000000e+00	2
857	1.000000000000000e+00	28
858	1.000000000000000e+00	2
859	1.000000000000000e+00	8
860	1.000000000000000e+00	2
861	1.000000000000000e+00	10
862	1.000000000000000e+00	4
863	1.000000000000000e+00	2
864	1.000000000000000e+00	4
865	1.000000000000000e+00	6
866	1.000000000000000e+00	4
867	1.000000000000000e+00	10
868	1.000000000000000e+00	28
869	1.000000000000000e+00	20
870	1.000000000000000e+00	2
871	1.000000000000000e+00	14
872	1.000000000000000e+00	8
873	1.000000000000000e+00	2
874	1.000000000000000e+00	10
875	1.000000000000000e+00	4
876	1.000000000000000e+00	12
877	1.000000000000000e+00	16
878	1.000000000000000e+00	6
879	1.000000000000000e+00	6
880	1.000000000000000e+00	14
881	1.000000000000000e+00	4
882	1.000000000000000e+00	16
883	1.000000000000000e+00	14
884	1.000000000000000e+00	30
885	1.000000000000000e+00	8
886	1.000000000000000e+00	6
887	1.000000000000000e+00	22
888	1.000000000000000e+00	4
889	1.000000000000000e+00	10
890	1.000000000000000e+00	10
891	1.000000000000000e+00	2
892	1.000000000000000e+00	8
893	1.000000000000000e+00	8
894	1.000000000000000e+00	16
895	1.000000000000000e+00	16
896	1.000000000000000e+00	12
897	1.000000000000000e+00	16
898	1.000000000000000e+00	28
899	1.000000000000000e+00	8
900	1.000000000000000e+00	16
901	1.000000000000000e+00	38
902	1.000000000000000e+00	38
903	1.000000000000000e+00	14
904	1.000000000000000e+00	6
905	1.000000000000000e+00	4
906	1.000000000000000e+00	4
907	1.000000000000000e+00	26
908	1.000000000000000e+00	2
909	1.000000000000000e+00	14
910	1.000000000000000e+00	8
911	1.000000000000000e+00	18
912	1.000000000000000e+00	14
913	1.000000000000000e+00	8
914	1.000000000000000e+00	12
915	1.000000000000000e+00	2
916	1.000000000000000e+00	16
917	1.000000000000000e+00	2
918	1.000000000000000e+00	8
919	1.000000000000000e+00	8
920	1.000000000000000e+00	8
921	1.000000000000000e+00	10
922	1.000000000000000e+00	12
923	1.000000000000000e+00	14
924	1.000000000000000e+00	4
925	1.000000000000000e+00	6
926	1.000000000000000e+00	12
927	1.000000000000000e+00	8
928	1.000000000000000e+00	14
929	1.000000000000000e+00	2
930	1.000000000000000e+00	16
931	1.000000000000000e+00	2
932	1.000000000000000e+00	8
933	1.000000000000000e+00	22
934	1.000000000000000e+00	12
935	1.000000000000000e+00	10
936	1.000000000000000e+00	14
937	1.000000000000000e+00	6
938	1.000000000000000e+00	6
939	1.000000000000000e+00	2
940	1.000000000000000e+00	20
941	1.000000000000000e+00	10
942	1.000000000000000e+00	12
943	1.000000000000000e+00	26
944	1.000000000000000e+00	2
945	1.000000000000000e+00	12
946	1.000000000000000e+00	8
947	1.000000000000000e+00	8
948	1.000000000000000e+00	10
949	1.000000000000000e+00	28
950	1.000000000000000e+00	2
951	1.000000000000000e+00	36
952	1.000000000000000e+00	20
953	1.000000000000000e+00	16
954	1.000000000000000e+00	20
955	1.000000000000000e+00	2
956	1.000000000000000e+00	14
957	1.000000000000000e+00	18
958	1.000000000000000e+00	6
959	1.000000000000000e+00	12
960	1.000000000000000e+00	14
961	1.000000000000000e+00	6
962	1.000000000000000e+00	6
963	1.000000000000000e+00	10
964	1.000000000000000e+00	6
965	1.000000000000000e+00	6
966	1.000000000000000e+00	8
967	1.000000000000000e+00	24
968	1.000000000000000e+00	44
969	1.000000000000000e+00	8
970	1.000000000000000e+00	6
971	1.000000000000000e+00	6
972	1.000000000000000e+00	12
973	1.000000000000000e+00	10
974	1.000000000000000e+00	20
975	1.000000000000000e+00	8
976	1.000000000000000e+00	6
977	1.000000000000000e+00	20
978	1.000000000000000e+00	16
979	1.000000000000000e+00	16
980	1.000000000000000e+00	4
981	1.000000000000000e+00	10
982	1.000000000000000e+00	10
983	1.000000000000000e+00	2
984	1.000000000000000e+00	26
985	1.000000000000000e+00	8
986	1.000000000000000e+00	14
987	1.000000000000000e+00	14
988	1.000000000000000e+00	8
989	1.000000000000000e+00	18
990	1.000000000000000e+00	24
991	1.000000000000000e+00	4
992	1.000000000000000e+00	2
993	1.000000000000000e+00	28
994	1.000000000000000e+00	10
995	1.000000000000000e+00	22
996	1.000000000000000e+00	18
997	1.000000000000000e+00	12
998	1.000000000000000e+00	4
999	1.000000000000000e+00	38
1000	1.000000000000000e+00	6


Tempo gasto: 6.788855
