Método usado: LUUS JAAKOLA

POSIÇÃO	ÁREA(mm²)	CUSTO

1	1.000000000000000e+00	4
2	1.000000000000000e+00	18
3	1.000000000000000e+00	12
4	1.000000000000000e+00	20
5	1.000000000000000e+00	24
6	1.000000000000000e+00	12
7	1.000000000000000e+00	4
8	1.000000000000000e+00	2
9	1.000000000000000e+00	34
10	1.000000000000000e+00	4
11	1.000000000000000e+00	8
12	1.000000000000000e+00	10
13	1.000000000000000e+00	4
14	1.000000000000000e+00	14
15	1.000000000000000e+00	6
16	1.000000000000000e+00	20
17	1.000000000000000e+00	16
18	1.000000000000000e+00	8
19	1.000000000000000e+00	24
20	1.000000000000000e+00	4
21	1.000000000000000e+00	16
22	1.000000000000000e+00	10
23	1.000000000000000e+00	10
24	1.000000000000000e+00	8
25	1.000000000000000e+00	2
26	1.000000000000000e+00	16
27	1.000000000000000e+00	14
28	1.000000000000000e+00	8
29	1.000000000000000e+00	18
30	1.000000000000000e+00	16
31	1.000000000000000e+00	16
32	1.000000000000000e+00	4
33	1.000000000000000e+00	10
34	1.000000000000000e+00	10
35	1.000000000000000e+00	8
36	1.000000000000000e+00	16
37	1.000000000000000e+00	8
38	1.000000000000000e+00	2
39	1.000000000000000e+00	24
40	1.000000000000000e+00	12
41	1.000000000000000e+00	4
42	1.000000000000000e+00	22
43	1.000000000000000e+00	16
44	1.000000000000000e+00	46
45	1.000000000000000e+00	30
46	1.000000000000000e+00	10
47	1.000000000000000e+00	2
48	1.000000000000000e+00	8
49	1.000000000000000e+00	28
50	1.000000000000000e+00	8
51	1.000000000000000e+00	54
52	1.000000000000000e+00	4
53	1.000000000000000e+00	28
54	1.000000000000000e+00	16
55	1.000000000000000e+00	26
56	1.000000000000000e+00	18
57	1.000000000000000e+00	10
58	1.000000000000000e+00	10
59	1.000000000000000e+00	62
60	1.000000000000000e+00	6
61	1.000000000000000e+00	36
62	1.000000000000000e+00	26
63	1.000000000000000e+00	2
64	1.000000000000000e+00	16
65	1.000000000000000e+00	20
66	1.000000000000000e+00	2
67	1.000000000000000e+00	4
68	1.000000000000000e+00	28
69	1.000000000000000e+00	2
70	1.000000000000000e+00	6
71	1.000000000000000e+00	22
72	1.000000000000000e+00	8
73	1.000000000000000e+00	12
74	1.000000000000000e+00	8
75	1.000000000000000e+00	24
76	1.000000000000000e+00	16
77	1.000000000000000e+00	16
78	1.000000000000000e+00	12
79	1.000000000000000e+00	14
80	1.000000000000000e+00	6
81	1.000000000000000e+00	2
82	1.000000000000000e+00	16
83	1.000000000000000e+00	22
84	1.000000000000000e+00	22
85	1.000000000000000e+00	18
86	1.000000000000000e+00	4
87	1.000000000000000e+00	6
88	1.000000000000000e+00	6
89	1.000000000000000e+00	12
90	1.000000000000000e+00	18
91	1.000000000000000e+00	14
92	1.000000000000000e+00	6
93	1.000000000000000e+00	10
94	1.000000000000000e+00	6
95	1.000000000000000e+00	22
96	1.000000000000000e+00	8
97	1.000000000000000e+00	2
98	1.000000000000000e+00	14
99	1.000000000000000e+00	2
100	1.000000000000000e+00	4
101	1.000000000000000e+00	6
102	1.000000000000000e+00	20
103	1.000000000000000e+00	4
104	1.000000000000000e+00	8
105	1.000000000000000e+00	10
106	1.000000000000000e+00	6
107	1.000000000000000e+00	32
108	1.000000000000000e+00	2
109	1.000000000000000e+00	2
110	1.000000000000000e+00	10
111	1.000000000000000e+00	8
112	1.000000000000000e+00	2
113	1.000000000000000e+00	14
114	1.000000000000000e+00	4
115	1.000000000000000e+00	18
116	1.000000000000000e+00	4
117	1.000000000000000e+00	24
118	1.000000000000000e+00	20
119	1.000000000000000e+00	2
120	1.000000000000000e+00	10
121	1.000000000000000e+00	22
122	1.000000000000000e+00	6
123	1.000000000000000e+00	2
124	1.000000000000000e+00	12
125	1.000000000000000e+00	12
126	1.000000000000000e+00	6
127	1.000000000000000e+00	38
128	1.000000000000000e+00	40
129	1.000000000000000e+00	38
130	1.000000000000000e+00	14
131	1.000000000000000e+00	32
132	1.000000000000000e+00	8
133	1.000000000000000e+00	34
134	1.000000000000000e+00	12
135	1.000000000000000e+00	18
136	1.000000000000000e+00	30
137	1.000000000000000e+00	12
138	1.000000000000000e+00	4
139	1.000000000000000e+00	24
140	1.000000000000000e+00	24
141	1.000000000000000e+00	22
142	1.000000000000000e+00	6
143	1.000000000000000e+00	14
144	1.000000000000000e+00	18
145	1.000000000000000e+00	12
146	1.000000000000000e+00	6
147	1.000000000000000e+00	10
148	1.000000000000000e+00	6
149	1.000000000000000e+00	24
150	1.000000000000000e+00	2
151	1.000000000000000e+00	16
152	1.000000000000000e+00	4
153	1.000000000000000e+00	2
154	1.000000000000000e+00	20
155	1.000000000000000e+00	20
156	1.000000000000000e+00	32
157	1.000000000000000e+00	12
158	1.000000000000000e+00	2
159	1.000000000000000e+00	22
160	1.000000000000000e+00	6
161	1.000000000000000e+00	12
162	1.000000000000000e+00	4
163	1.000000000000000e+00	14
164	1.000000000000000e+00	2
165	1.000000000000000e+00	20
166	1.000000000000000e+00	4
167	1.000000000000000e+00	12
168	1.000000000000000e+00	2
169	1.000000000000000e+00	20
170	1.000000000000000e+00	4
171	1.000000000000000e+00	16
172	1.000000000000000e+00	4
173	1.000000000000000e+00	16
174	1.000000000000000e+00	18
175	1.000000000000000e+00	16
176	1.000000000000000e+00	6
177	1.000000000000000e+00	30
178	1.000000000000000e+00	26
179	1.000000000000000e+00	10
180	1.000000000000000e+00	36
181	1.000000000000000e+00	4
182	1.000000000000000e+00	8
183	1.000000000000000e+00	32
184	1.000000000000000e+00	38
185	1.000000000000000e+00	2
186	1.000000000000000e+00	14
187	1.000000000000000e+00	8
188	1.000000000000000e+00	6
189	1.000000000000000e+00	36
190	1.000000000000000e+00	18
191	1.000000000000000e+00	14
192	1.000000000000000e+00	4
193	1.000000000000000e+00	18
194	1.000000000000000e+00	8
195	1.000000000000000e+00	18
196	1.000000000000000e+00	12
197	1.000000000000000e+00	16
198	1.000000000000000e+00	14
199	1.000000000000000e+00	4
200	1.000000000000000e+00	10
201	1.000000000000000e+00	30
202	1.000000000000000e+00	26
203	1.000000000000000e+00	4
204	1.000000000000000e+00	14
205	1.000000000000000e+00	6
206	1.000000000000000e+00	12
207	1.000000000000000e+00	10
208	1.000000000000000e+00	22
209	1.000000000000000e+00	8
210	1.000000000000000e+00	4
211	1.000000000000000e+00	4
212	1.000000000000000e+00	12
213	1.000000000000000e+00	20
214	1.000000000000000e+00	20
215	1.000000000000000e+00	30
216	1.000000000000000e+00	6
217	1.000000000000000e+00	8
218	1.000000000000000e+00	4
219	1.000000000000000e+00	14
220	1.000000000000000e+00	4
221	1.000000000000000e+00	10
222	1.000000000000000e+00	8
223	1.000000000000000e+00	16
224	1.000000000000000e+00	8
225	1.000000000000000e+00	2
226	1.000000000000000e+00	16
227	1.000000000000000e+00	46
228	1.000000000000000e+00	8
229	1.000000000000000e+00	4
230	1.000000000000000e+00	6
231	1.000000000000000e+00	18
232	1.000000000000000e+00	8
233	1.000000000000000e+00	4
234	1.000000000000000e+00	12
235	1.000000000000000e+00	16
236	1.000000000000000e+00	6
237	1.000000000000000e+00	4
238	1.000000000000000e+00	22
239	1.000000000000000e+00	4
240	1.000000000000000e+00	2
241	1.000000000000000e+00	4
242	1.000000000000000e+00	6
243	1.000000000000000e+00	30
244	1.000000000000000e+00	14
245	1.000000000000000e+00	8
246	1.000000000000000e+00	10
247	1.000000000000000e+00	6
248	1.000000000000000e+00	2
249	1.000000000000000e+00	14
250	1.000000000000000e+00	16
251	1.000000000000000e+00	8
252	1.000000000000000e+00	6
253	1.000000000000000e+00	32
254	1.000000000000000e+00	24
255	1.000000000000000e+00	14
256	1.000000000000000e+00	30
257	1.000000000000000e+00	14
258	1.000000000000000e+00	4
259	1.000000000000000e+00	12
260	1.000000000000000e+00	2
261	1.000000000000000e+00	20
262	1.000000000000000e+00	12
263	1.000000000000000e+00	24
264	1.000000000000000e+00	12
265	1.000000000000000e+00	34
266	1.000000000000000e+00	26
267	1.000000000000000e+00	8
268	1.000000000000000e+00	16
269	1.000000000000000e+00	6
270	1.000000000000000e+00	4
271	1.000000000000000e+00	8
272	1.000000000000000e+00	6
273	1.000000000000000e+00	14
274	1.000000000000000e+00	4
275	1.000000000000000e+00	4
276	1.000000000000000e+00	2
277	1.000000000000000e+00	16
278	1.000000000000000e+00	24
279	1.000000000000000e+00	6
280	1.000000000000000e+00	10
281	1.000000000000000e+00	26
282	1.000000000000000e+00	24
283	1.000000000000000e+00	4
284	1.000000000000000e+00	4
285	1.000000000000000e+00	2
286	1.000000000000000e+00	16
287	1.000000000000000e+00	2
288	1.000000000000000e+00	6
289	1.000000000000000e+00	2
290	1.000000000000000e+00	16
291	1.000000000000000e+00	8
292	1.000000000000000e+00	10
293	1.000000000000000e+00	4
294	1.000000000000000e+00	8
295	1.000000000000000e+00	8
296	1.000000000000000e+00	2
297	1.000000000000000e+00	6
298	1.000000000000000e+00	4
299	1.000000000000000e+00	8
300	1.000000000000000e+00	2
301	1.000000000000000e+00	2
302	1.000000000000000e+00	14
303	1.000000000000000e+00	18
304	1.000000000000000e+00	16
305	1.000000000000000e+00	4
306	1.000000000000000e+00	46
307	1.000000000000000e+00	16
308	1.000000000000000e+00	8
309	1.000000000000000e+00	8
310	1.000000000000000e+00	12
311	1.000000000000000e+00	2
312	1.000000000000000e+00	22
313	1.000000000000000e+00	4
314	1.000000000000000e+00	8
315	1.000000000000000e+00	10
316	1.000000000000000e+00	2
317	1.000000000000000e+00	2
318	1.000000000000000e+00	14
319	1.000000000000000e+00	8
320	1.000000000000000e+00	14
321	1.000000000000000e+00	2
322	1.000000000000000e+00	20
323	1.000000000000000e+00	6
324	1.000000000000000e+00	2
325	1.000000000000000e+00	30
326	1.000000000000000e+00	32
327	1.000000000000000e+00	26
328	1.000000000000000e+00	20
329	1.000000000000000e+00	6
330	1.000000000000000e+00	32
331	1.000000000000000e+00	2
332	1.000000000000000e+00	2
333	1.000000000000000e+00	10
334	1.000000000000000e+00	10
335	1.000000000000000e+00	6
336	1.000000000000000e+00	14
337	1.000000000000000e+00	14
338	1.000000000000000e+00	6
339	1.000000000000000e+00	14
340	1.000000000000000e+00	12
341	1.000000000000000e+00	10
342	1.000000000000000e+00	12
343	1.000000000000000e+00	10
344	1.000000000000000e+00	2
345	1.000000000000000e+00	18
346	1.000000000000000e+00	18
347	1.000000000000000e+00	4
348	1.000000000000000e+00	30
349	1.000000000000000e+00	8
350	1.000000000000000e+00	2
351	1.000000000000000e+00	20
352	1.000000000000000e+00	2
353	1.000000000000000e+00	22
354	1.000000000000000e+00	8
355	1.000000000000000e+00	24
356	1.000000000000000e+00	2
357	1.000000000000000e+00	4
358	1.000000000000000e+00	28
359	1.000000000000000e+00	14
360	1.000000000000000e+00	4
361	1.000000000000000e+00	14
362	1.000000000000000e+00	20
363	1.000000000000000e+00	4
364	1.000000000000000e+00	6
365	1.000000000000000e+00	18
366	1.000000000000000e+00	18
367	1.000000000000000e+00	8
368	1.000000000000000e+00	8
369	1.000000000000000e+00	20
370	1.000000000000000e+00	12
371	1.000000000000000e+00	4
372	1.000000000000000e+00	12
373	1.000000000000000e+00	2
374	1.000000000000000e+00	14
375	1.000000000000000e+00	10
376	1.000000000000000e+00	4
377	1.000000000000000e+00	4
378	1.000000000000000e+00	4
379	1.000000000000000e+00	4
380	1.000000000000000e+00	12
381	1.000000000000000e+00	24
382	1.000000000000000e+00	50
383	1.000000000000000e+00	12
384	1.000000000000000e+00	8
385	1.000000000000000e+00	12
386	1.000000000000000e+00	8
387	1.000000000000000e+00	24
388	1.000000000000000e+00	6
389	1.000000000000000e+00	40
390	1.000000000000000e+00	2
391	1.000000000000000e+00	14
392	1.000000000000000e+00	2
393	1.000000000000000e+00	14
394	1.000000000000000e+00	12
395	1.000000000000000e+00	28
396	1.000000000000000e+00	6
397	1.000000000000000e+00	12
398	1.000000000000000e+00	18
399	1.000000000000000e+00	4
400	1.000000000000000e+00	10
401	1.000000000000000e+00	22
402	1.000000000000000e+00	6
403	1.000000000000000e+00	6
404	1.000000000000000e+00	50
405	1.000000000000000e+00	6
406	1.000000000000000e+00	6
407	1.000000000000000e+00	28
408	1.000000000000000e+00	8
409	1.000000000000000e+00	20
410	1.000000000000000e+00	24
411	1.000000000000000e+00	30
412	1.000000000000000e+00	14
413	1.000000000000000e+00	2
414	1.000000000000000e+00	4
415	1.000000000000000e+00	4
416	1.000000000000000e+00	16
417	1.000000000000000e+00	68
418	1.000000000000000e+00	12
419	1.000000000000000e+00	2
420	1.000000000000000e+00	28
421	1.000000000000000e+00	24
422	1.000000000000000e+00	22
423	1.000000000000000e+00	6
424	1.000000000000000e+00	14
425	1.000000000000000e+00	10
426	1.000000000000000e+00	8
427	1.000000000000000e+00	6
428	1.000000000000000e+00	28
429	1.000000000000000e+00	4
430	1.000000000000000e+00	12
431	1.000000000000000e+00	8
432	1.000000000000000e+00	12
433	1.000000000000000e+00	14
434	1.000000000000000e+00	18
435	1.000000000000000e+00	8
436	1.000000000000000e+00	24
437	1.000000000000000e+00	4
438	1.000000000000000e+00	18
439	1.000000000000000e+00	2
440	1.000000000000000e+00	26
441	1.000000000000000e+00	10
442	1.000000000000000e+00	50
443	1.000000000000000e+00	36
444	1.000000000000000e+00	12
445	1.000000000000000e+00	30
446	1.000000000000000e+00	6
447	1.000000000000000e+00	6
448	1.000000000000000e+00	18
449	1.000000000000000e+00	24
450	1.000000000000000e+00	16
451	1.000000000000000e+00	12
452	1.000000000000000e+00	14
453	1.000000000000000e+00	10
454	1.000000000000000e+00	2
455	1.000000000000000e+00	2
456	1.000000000000000e+00	12
457	1.000000000000000e+00	16
458	1.000000000000000e+00	6
459	1.000000000000000e+00	4
460	1.000000000000000e+00	28
461	1.000000000000000e+00	2
462	1.000000000000000e+00	10
463	1.000000000000000e+00	10
464	1.000000000000000e+00	6
465	1.000000000000000e+00	18
466	1.000000000000000e+00	16
467	1.000000000000000e+00	6
468	1.000000000000000e+00	16
469	1.000000000000000e+00	36
470	1.000000000000000e+00	4
471	1.000000000000000e+00	8
472	1.000000000000000e+00	36
473	1.000000000000000e+00	10
474	1.000000000000000e+00	14
475	1.000000000000000e+00	8
476	1.000000000000000e+00	14
477	1.000000000000000e+00	22
478	1.000000000000000e+00	2
479	1.000000000000000e+00	24
480	1.000000000000000e+00	6
481	1.000000000000000e+00	6
482	1.000000000000000e+00	22
483	1.000000000000000e+00	6
484	1.000000000000000e+00	36
485	1.000000000000000e+00	4
486	1.000000000000000e+00	10
487	1.000000000000000e+00	26
488	1.000000000000000e+00	8
489	1.000000000000000e+00	30
490	1.000000000000000e+00	8
491	9.500001407830041e-01	192
492	9.000178424284113e-01	316
493	8.500293450576566e-01	318
494	8.000288649141747e-01	232
495	7.500199308509439e-01	272
496	7.000192969613432e-01	280
497	6.500244660578350e-01	282
498	6.000284850926296e-01	132
499	5.500325889406172e-01	298
500	5.000241664933417e-01	268
501	5.500287178155051e-01	284
502	6.000275699181525e-01	354
503	6.500423286400069e-01	304
504	7.000323159954226e-01	330
505	7.500354586872321e-01	324
506	8.000357563078871e-01	350
507	8.500438363701035e-01	232
508	9.000324414529309e-01	38
509	9.500428443159743e-01	192
510	9.000402337443085e-01	272
511	8.500354521595563e-01	288
512	8.000397283760217e-01	58
513	7.500483122951173e-01	290
514	8.000483152800735e-01	276
515	8.500433395076725e-01	276
516	9.000408092589886e-01	318
517	9.500351097368089e-01	268
518	1.000000000000000e+00	1000
519	1.000000000000000e+00	8
520	1.000000000000000e+00	6
521	1.000000000000000e+00	28
522	1.000000000000000e+00	2
523	1.000000000000000e+00	4
524	1.000000000000000e+00	2
525	1.000000000000000e+00	14
526	1.000000000000000e+00	2
527	1.000000000000000e+00	26
528	1.000000000000000e+00	10
529	1.000000000000000e+00	14
530	1.000000000000000e+00	38
531	1.000000000000000e+00	4
532	1.000000000000000e+00	10
533	1.000000000000000e+00	12
534	1.000000000000000e+00	8
535	1.000000000000000e+00	4
536	1.000000000000000e+00	6
537	1.000000000000000e+00	14
538	1.000000000000000e+00	26
539	1.000000000000000e+00	6
540	1.000000000000000e+00	16
541	1.000000000000000e+00	2
542	1.000000000000000e+00	6
543	1.000000000000000e+00	10
544	1.000000000000000e+00	22
545	1.000000000000000e+00	26
546	1.000000000000000e+00	24
547	1.000000000000000e+00	2
548	1.000000000000000e+00	24
549	1.000000000000000e+00	28
550	1.000000000000000e+00	10
551	1.000000000000000e+00	20
552	1.000000000000000e+00	32
553	1.000000000000000e+00	48
554	1.000000000000000e+00	2
555	1.000000000000000e+00	12
556	1.000000000000000e+00	6
557	1.000000000000000e+00	24
558	1.000000000000000e+00	8
559	1.000000000000000e+00	6
560	1.000000000000000e+00	4
561	1.000000000000000e+00	10
562	1.000000000000000e+00	2
563	1.000000000000000e+00	10
564	1.000000000000000e+00	16
565	1.000000000000000e+00	6
566	1.000000000000000e+00	10
567	1.000000000000000e+00	22
568	1.000000000000000e+00	2
569	1.000000000000000e+00	8
570	1.000000000000000e+00	6
571	1.000000000000000e+00	2
572	1.000000000000000e+00	28
573	1.000000000000000e+00	18
574	1.000000000000000e+00	10
575	1.000000000000000e+00	6
576	1.000000000000000e+00	20
577	1.000000000000000e+00	10
578	1.000000000000000e+00	6
579	1.000000000000000e+00	6
580	1.000000000000000e+00	14
581	1.000000000000000e+00	2
582	1.000000000000000e+00	26
583	1.000000000000000e+00	6
584	1.000000000000000e+00	14
585	1.000000000000000e+00	26
586	1.000000000000000e+00	40
587	1.000000000000000e+00	8
588	1.000000000000000e+00	14
589	1.000000000000000e+00	6
590	1.000000000000000e+00	30
591	1.000000000000000e+00	42
592	1.000000000000000e+00	8
593	1.000000000000000e+00	2
594	1.000000000000000e+00	26
595	1.000000000000000e+00	6
596	1.000000000000000e+00	24
597	1.000000000000000e+00	6
598	1.000000000000000e+00	4
599	1.000000000000000e+00	12
600	1.000000000000000e+00	24
601	1.000000000000000e+00	30
602	1.000000000000000e+00	6
603	1.000000000000000e+00	6
604	1.000000000000000e+00	6
605	1.000000000000000e+00	22
606	1.000000000000000e+00	10
607	1.000000000000000e+00	28
608	1.000000000000000e+00	16
609	1.000000000000000e+00	2
610	1.000000000000000e+00	4
611	1.000000000000000e+00	6
612	1.000000000000000e+00	10
613	1.000000000000000e+00	26
614	1.000000000000000e+00	6
615	1.000000000000000e+00	10
616	1.000000000000000e+00	8
617	1.000000000000000e+00	20
618	1.000000000000000e+00	10
619	1.000000000000000e+00	2
620	1.000000000000000e+00	2
621	1.000000000000000e+00	10
622	1.000000000000000e+00	14
623	1.000000000000000e+00	26
624	1.000000000000000e+00	2
625	1.000000000000000e+00	8
626	1.000000000000000e+00	4
627	1.000000000000000e+00	28
628	1.000000000000000e+00	12
629	1.000000000000000e+00	10
630	1.000000000000000e+00	2
631	1.000000000000000e+00	2
632	1.000000000000000e+00	24
633	1.000000000000000e+00	6
634	1.000000000000000e+00	8
635	1.000000000000000e+00	38
636	1.000000000000000e+00	38
637	1.000000000000000e+00	4
638	1.000000000000000e+00	2
639	1.000000000000000e+00	20
640	1.000000000000000e+00	12
641	1.000000000000000e+00	74
642	1.000000000000000e+00	14
643	1.000000000000000e+00	12
644	1.000000000000000e+00	14
645	1.000000000000000e+00	6
646	1.000000000000000e+00	10
647	1.000000000000000e+00	10
648	1.000000000000000e+00	18
649	1.000000000000000e+00	2
650	1.000000000000000e+00	6
651	1.000000000000000e+00	30
652	1.000000000000000e+00	6
653	1.000000000000000e+00	4
654	1.000000000000000e+00	2
655	1.000000000000000e+00	2
656	1.000000000000000e+00	16
657	1.000000000000000e+00	16
658	1.000000000000000e+00	26
659	1.000000000000000e+00	16
660	1.000000000000000e+00	6
661	1.000000000000000e+00	2
662	1.000000000000000e+00	20
663	1.000000000000000e+00	10
664	1.000000000000000e+00	4
665	1.000000000000000e+00	2
666	1.000000000000000e+00	32
667	1.000000000000000e+00	44
668	1.000000000000000e+00	16
669	1.000000000000000e+00	24
670	1.000000000000000e+00	2
671	1.000000000000000e+00	8
672	1.000000000000000e+00	26
673	1.000000000000000e+00	4
674	1.000000000000000e+00	2
675	1.000000000000000e+00	22
676	1.000000000000000e+00	2
677	1.000000000000000e+00	14
678	1.000000000000000e+00	12
679	1.000000000000000e+00	8
680	1.000000000000000e+00	4
681	1.000000000000000e+00	8
682	1.000000000000000e+00	16
683	1.000000000000000e+00	2
684	1.000000000000000e+00	4
685	1.000000000000000e+00	4
686	1.000000000000000e+00	4
687	1.000000000000000e+00	20
688	1.000000000000000e+00	40
689	1.000000000000000e+00	4
690	1.000000000000000e+00	16
691	1.000000000000000e+00	18
692	1.000000000000000e+00	4
693	1.000000000000000e+00	2
694	1.000000000000000e+00	2
695	1.000000000000000e+00	12
696	1.000000000000000e+00	12
697	1.000000000000000e+00	4
698	1.000000000000000e+00	12
699	1.000000000000000e+00	28
700	1.000000000000000e+00	2
701	1.000000000000000e+00	6
702	1.000000000000000e+00	2
703	1.000000000000000e+00	6
704	1.000000000000000e+00	6
705	1.000000000000000e+00	6
706	1.000000000000000e+00	12
707	1.000000000000000e+00	10
708	1.000000000000000e+00	20
709	1.000000000000000e+00	4
710	1.000000000000000e+00	16
711	1.000000000000000e+00	4
712	1.000000000000000e+00	6
713	1.000000000000000e+00	14
714	1.000000000000000e+00	2
715	1.000000000000000e+00	4
716	1.000000000000000e+00	18
717	1.000000000000000e+00	2
718	1.000000000000000e+00	4
719	1.000000000000000e+00	14
720	1.000000000000000e+00	44
721	1.000000000000000e+00	12
722	1.000000000000000e+00	12
723	1.000000000000000e+00	8
724	1.000000000000000e+00	8
725	1.000000000000000e+00	22
726	1.000000000000000e+00	10
727	1.000000000000000e+00	18
728	1.000000000000000e+00	4
729	1.000000000000000e+00	24
730	1.000000000000000e+00	12
731	1.000000000000000e+00	22
732	1.000000000000000e+00	6
733	1.000000000000000e+00	40
734	1.000000000000000e+00	16
735	1.000000000000000e+00	6
736	1.000000000000000e+00	6
737	1.000000000000000e+00	6
738	1.000000000000000e+00	64
739	1.000000000000000e+00	14
740	1.000000000000000e+00	26
741	1.000000000000000e+00	8
742	1.000000000000000e+00	24
743	1.000000000000000e+00	14
744	1.000000000000000e+00	12
745	1.000000000000000e+00	8
746	1.000000000000000e+00	8
747	1.000000000000000e+00	30
748	1.000000000000000e+00	2
749	1.000000000000000e+00	16
750	1.000000000000000e+00	2
751	1.000000000000000e+00	16
752	1.000000000000000e+00	2
753	1.000000000000000e+00	4
754	1.000000000000000e+00	2
755	1.000000000000000e+00	4
756	1.000000000000000e+00	2
757	1.000000000000000e+00	44
758	1.000000000000000e+00	10
759	1.000000000000000e+00	2
760	1.000000000000000e+00	28
761	1.000000000000000e+00	16
762	1.000000000000000e+00	16
763	1.000000000000000e+00	2
764	1.000000000000000e+00	22
765	1.000000000000000e+00	6
766	1.000000000000000e+00	20
767	1.000000000000000e+00	8
768	1.000000000000000e+00	14
769	1.000000000000000e+00	22
770	1.000000000000000e+00	14
771	1.000000000000000e+00	4
772	1.000000000000000e+00	6
773	1.000000000000000e+00	4
774	1.000000000000000e+00	4
775	1.000000000000000e+00	12
776	1.000000000000000e+00	2
777	1.000000000000000e+00	18
778	1.000000000000000e+00	20
779	1.000000000000000e+00	18
780	1.000000000000000e+00	4
781	1.000000000000000e+00	4
782	1.000000000000000e+00	4
783	1.000000000000000e+00	12
784	1.000000000000000e+00	8
785	1.000000000000000e+00	38
786	1.000000000000000e+00	16
787	1.000000000000000e+00	4
788	1.000000000000000e+00	10
789	1.000000000000000e+00	2
790	1.000000000000000e+00	14
791	1.000000000000000e+00	8
792	1.000000000000000e+00	6
793	1.000000000000000e+00	14
794	1.000000000000000e+00	20
795	1.000000000000000e+00	34
796	1.000000000000000e+00	4
797	1.000000000000000e+00	10
798	1.000000000000000e+00	14
799	1.000000000000000e+00	16
800	1.000000000000000e+00	14
801	1.000000000000000e+00	4
802	1.000000000000000e+00	12
803	1.000000000000000e+00	2
804	1.000000000000000e+00	4
805	1.000000000000000e+00	4
806	1.000000000000000e+00	6
807	1.000000000000000e+00	34
808	1.000000000000000e+00	16
809	1.000000000000000e+00	8
810	1.000000000000000e+00	4
811	1.000000000000000e+00	10
812	1.000000000000000e+00	20
813	1.000000000000000e+00	8
814	1.000000000000000e+00	2
815	1.000000000000000e+00	8
816	1.000000000000000e+00	26
817	1.000000000000000e+00	16
818	1.000000000000000e+00	2
819	1.000000000000000e+00	20
820	1.000000000000000e+00	2
821	1.000000000000000e+00	14
822	1.000000000000000e+00	14
823	1.000000000000000e+00	16
824	1.000000000000000e+00	24
825	1.000000000000000e+00	40
826	1.000000000000000e+00	10
827	1.000000000000000e+00	6
828	1.000000000000000e+00	14
829	1.000000000000000e+00	4
830	1.000000000000000e+00	6
831	1.000000000000000e+00	20
832	1.000000000000000e+00	10
833	1.000000000000000e+00	2
834	1.000000000000000e+00	14
835	1.000000000000000e+00	14
836	1.000000000000000e+00	18
837	1.000000000000000e+00	4
838	1.000000000000000e+00	6
839	1.000000000000000e+00	10
840	1.000000000000000e+00	56
841	1.000000000000000e+00	2
842	1.000000000000000e+00	8
843	1.000000000000000e+00	12
844	1.000000000000000e+00	18
845	1.000000000000000e+00	10
846	1.000000000000000e+00	4
847	1.000000000000000e+00	20
848	1.000000000000000e+00	6
849	1.000000000000000e+00	20
850	1.000000000000000e+00	4
851	1.000000000000000e+00	40
852	1.000000000000000e+00	26
853	1.000000000000000e+00	4
854	1.000000000000000e+00	8
855	1.000000000000000e+00	8
856	1.000000000000000e+00	34
857	1.000000000000000e+00	14
858	1.000000000000000e+00	24
859	1.000000000000000e+00	4
860	1.000000000000000e+00	8
861	1.000000000000000e+00	14
862	1.000000000000000e+00	26
863	1.000000000000000e+00	32
864	1.000000000000000e+00	16
865	1.000000000000000e+00	46
866	1.000000000000000e+00	20
867	1.000000000000000e+00	8
868	1.000000000000000e+00	2
869	1.000000000000000e+00	18
870	1.000000000000000e+00	4
871	1.000000000000000e+00	8
872	1.000000000000000e+00	4
873	1.000000000000000e+00	4
874	1.000000000000000e+00	2
875	1.000000000000000e+00	14
876	1.000000000000000e+00	8
877	1.000000000000000e+00	4
878	1.000000000000000e+00	14
879	1.000000000000000e+00	18
880	1.000000000000000e+00	10
881	1.000000000000000e+00	16
882	1.000000000000000e+00	26
883	1.000000000000000e+00	4
884	1.000000000000000e+00	30
885	1.000000000000000e+00	2
886	1.000000000000000e+00	4
887	1.000000000000000e+00	10
888	1.000000000000000e+00	4
889	1.000000000000000e+00	2
890	1.000000000000000e+00	2
891	1.000000000000000e+00	2
892	1.000000000000000e+00	8
893	1.000000000000000e+00	16
894	1.000000000000000e+00	12
895	1.000000000000000e+00	20
896	1.000000000000000e+00	20
897	1.000000000000000e+00	24
898	1.000000000000000e+00	24
899	1.000000000000000e+00	6
900	1.000000000000000e+00	4
901	1.000000000000000e+00	4
902	1.000000000000000e+00	10
903	1.000000000000000e+00	20
904	1.000000000000000e+00	12
905	1.000000000000000e+00	2
906	1.000000000000000e+00	12
907	1.000000000000000e+00	30
908	1.000000000000000e+00	6
909	1.000000000000000e+00	20
910	1.000000000000000e+00	10
911	1.000000000000000e+00	16
912	1.000000000000000e+00	12
913	1.000000000000000e+00	4
914	1.000000000000000e+00	2
915	1.000000000000000e+00	2
916	1.000000000000000e+00	10
917	1.000000000000000e+00	12
918	1.000000000000000e+00	4
919	1.000000000000000e+00	4
920	1.000000000000000e+00	16
921	1.000000000000000e+00	24
922	1.000000000000000e+00	18
923	1.000000000000000e+00	14
924	1.000000000000000e+00	10
925	1.000000000000000e+00	12
926	1.000000000000000e+00	18
927	1.000000000000000e+00	6
928	1.000000000000000e+00	14
929	1.000000000000000e+00	22
930	1.000000000000000e+00	6
931	1.000000000000000e+00	10
932	1.000000000000000e+00	6
933	1.000000000000000e+00	28
934	1.000000000000000e+00	14
935	1.000000000000000e+00	20
936	1.000000000000000e+00	16
937	1.000000000000000e+00	6
938	1.000000000000000e+00	12
939	1.000000000000000e+00	26
940	1.000000000000000e+00	2
941	1.000000000000000e+00	2
942	1.000000000000000e+00	16
943	1.000000000000000e+00	2
944	1.000000000000000e+00	8
945	1.000000000000000e+00	10
946	1.000000000000000e+00	16
947	1.000000000000000e+00	12
948	1.000000000000000e+00	10
949	1.000000000000000e+00	2
950	1.000000000000000e+00	8
951	1.000000000000000e+00	10
952	1.000000000000000e+00	10
953	1.000000000000000e+00	4
954	1.000000000000000e+00	6
955	1.000000000000000e+00	8
956	1.000000000000000e+00	4
957	1.000000000000000e+00	8
958	1.000000000000000e+00	28
959	1.000000000000000e+00	2
960	1.000000000000000e+00	10
961	1.000000000000000e+00	28
962	1.000000000000000e+00	6
963	1.000000000000000e+00	12
964	1.000000000000000e+00	14
965	1.000000000000000e+00	6
966	1.000000000000000e+00	16
967	1.000000000000000e+00	8
968	1.000000000000000e+00	24
969	1.000000000000000e+00	4
970	1.000000000000000e+00	4
971	1.000000000000000e+00	8
972	1.000000000000000e+00	6
973	1.000000000000000e+00	4
974	1.000000000000000e+00	4
975	1.000000000000000e+00	6
976	1.000000000000000e+00	22
977	1.000000000000000e+00	32
978	1.000000000000000e+00	6
979	1.000000000000000e+00	8
980	1.000000000000000e+00	16
981	1.000000000000000e+00	30
982	1.000000000000000e+00	12
983	1.000000000000000e+00	8
984	1.000000000000000e+00	48
985	1.000000000000000e+00	4
986	1.000000000000000e+00	38
987	1.000000000000000e+00	4
988	1.000000000000000e+00	10
989	1.000000000000000e+00	10
990	1.000000000000000e+00	14
991	1.000000000000000e+00	2
992	1.000000000000000e+00	18
993	1.000000000000000e+00	18
994	1.000000000000000e+00	14
995	1.000000000000000e+00	16
996	1.000000000000000e+00	4
997	1.000000000000000e+00	20
998	1.000000000000000e+00	66
999	1.000000000000000e+00	12
1000	1.000000000000000e+00	18


Tempo gasto: 6.981519
