Método usado: LUUS JAAKOLA

POSIÇÃO	ÁREA(mm²)	CUSTO

1	1.000000000000000e+00	30
2	1.000000000000000e+00	4
3	1.000000000000000e+00	16
4	1.000000000000000e+00	2
5	1.000000000000000e+00	10
6	1.000000000000000e+00	6
7	1.000000000000000e+00	16
8	1.000000000000000e+00	12
9	1.000000000000000e+00	22
10	1.000000000000000e+00	6
11	1.000000000000000e+00	32
12	1.000000000000000e+00	8
13	1.000000000000000e+00	12
14	1.000000000000000e+00	16
15	1.000000000000000e+00	14
16	1.000000000000000e+00	10
17	1.000000000000000e+00	2
18	1.000000000000000e+00	20
19	1.000000000000000e+00	16
20	1.000000000000000e+00	8
21	1.000000000000000e+00	10
22	1.000000000000000e+00	24
23	1.000000000000000e+00	20
24	1.000000000000000e+00	18
25	1.000000000000000e+00	8
26	1.000000000000000e+00	4
27	1.000000000000000e+00	14
28	1.000000000000000e+00	12
29	1.000000000000000e+00	10
30	1.000000000000000e+00	2
31	1.000000000000000e+00	16
32	1.000000000000000e+00	14
33	1.000000000000000e+00	22
34	1.000000000000000e+00	38
35	1.000000000000000e+00	2
36	1.000000000000000e+00	10
37	1.000000000000000e+00	8
38	1.000000000000000e+00	6
39	1.000000000000000e+00	6
40	1.000000000000000e+00	4
41	1.000000000000000e+00	2
42	1.000000000000000e+00	4
43	1.000000000000000e+00	2
44	1.000000000000000e+00	12
45	1.000000000000000e+00	4
46	1.000000000000000e+00	16
47	1.000000000000000e+00	26
48	1.000000000000000e+00	10
49	1.000000000000000e+00	8
50	1.000000000000000e+00	8
51	1.000000000000000e+00	6
52	1.000000000000000e+00	12
53	1.000000000000000e+00	6
54	1.000000000000000e+00	8
55	1.000000000000000e+00	22
56	1.000000000000000e+00	10
57	1.000000000000000e+00	16
58	1.000000000000000e+00	18
59	1.000000000000000e+00	4
60	1.000000000000000e+00	10
61	1.000000000000000e+00	4
62	1.000000000000000e+00	20
63	1.000000000000000e+00	2
64	1.000000000000000e+00	16
65	1.000000000000000e+00	16
66	1.000000000000000e+00	10
67	1.000000000000000e+00	8
68	1.000000000000000e+00	48
69	1.000000000000000e+00	2
70	1.000000000000000e+00	32
71	1.000000000000000e+00	16
72	1.000000000000000e+00	2
73	1.000000000000000e+00	4
74	1.000000000000000e+00	2
75	1.000000000000000e+00	12
76	1.000000000000000e+00	8
77	1.000000000000000e+00	4
78	1.000000000000000e+00	14
79	1.000000000000000e+00	2
80	1.000000000000000e+00	6
81	1.000000000000000e+00	32
82	1.000000000000000e+00	10
83	1.000000000000000e+00	20
84	1.000000000000000e+00	22
85	1.000000000000000e+00	16
86	1.000000000000000e+00	16
87	1.000000000000000e+00	8
88	1.000000000000000e+00	44
89	1.000000000000000e+00	8
90	1.000000000000000e+00	6
91	1.000000000000000e+00	22
92	1.000000000000000e+00	22
93	1.000000000000000e+00	18
94	1.000000000000000e+00	40
95	1.000000000000000e+00	2
96	1.000000000000000e+00	4
97	1.000000000000000e+00	22
98	1.000000000000000e+00	6
99	1.000000000000000e+00	14
100	1.000000000000000e+00	4
101	1.000000000000000e+00	4
102	1.000000000000000e+00	12
103	1.000000000000000e+00	6
104	1.000000000000000e+00	12
105	1.000000000000000e+00	20
106	1.000000000000000e+00	14
107	1.000000000000000e+00	4
108	1.000000000000000e+00	10
109	1.000000000000000e+00	26
110	1.000000000000000e+00	6
111	1.000000000000000e+00	12
112	1.000000000000000e+00	8
113	1.000000000000000e+00	8
114	1.000000000000000e+00	22
115	1.000000000000000e+00	6
116	1.000000000000000e+00	8
117	1.000000000000000e+00	16
118	1.000000000000000e+00	34
119	1.000000000000000e+00	10
120	1.000000000000000e+00	6
121	1.000000000000000e+00	28
122	1.000000000000000e+00	24
123	1.000000000000000e+00	6
124	1.000000000000000e+00	10
125	1.000000000000000e+00	26
126	1.000000000000000e+00	6
127	1.000000000000000e+00	16
128	1.000000000000000e+00	14
129	1.000000000000000e+00	24
130	1.000000000000000e+00	30
131	1.000000000000000e+00	8
132	1.000000000000000e+00	12
133	1.000000000000000e+00	4
134	1.000000000000000e+00	4
135	1.000000000000000e+00	10
136	1.000000000000000e+00	12
137	1.000000000000000e+00	42
138	1.000000000000000e+00	10
139	1.000000000000000e+00	8
140	1.000000000000000e+00	6
141	1.000000000000000e+00	8
142	1.000000000000000e+00	4
143	1.000000000000000e+00	2
144	1.000000000000000e+00	14
145	1.000000000000000e+00	12
146	1.000000000000000e+00	8
147	1.000000000000000e+00	6
148	1.000000000000000e+00	18
149	1.000000000000000e+00	22
150	1.000000000000000e+00	8
151	1.000000000000000e+00	8
152	1.000000000000000e+00	4
153	1.000000000000000e+00	2
154	1.000000000000000e+00	2
155	1.000000000000000e+00	4
156	1.000000000000000e+00	4
157	1.000000000000000e+00	48
158	1.000000000000000e+00	10
159	1.000000000000000e+00	16
160	1.000000000000000e+00	10
161	1.000000000000000e+00	8
162	1.000000000000000e+00	12
163	1.000000000000000e+00	18
164	1.000000000000000e+00	2
165	1.000000000000000e+00	20
166	1.000000000000000e+00	28
167	1.000000000000000e+00	24
168	1.000000000000000e+00	6
169	1.000000000000000e+00	8
170	1.000000000000000e+00	4
171	1.000000000000000e+00	12
172	1.000000000000000e+00	2
173	1.000000000000000e+00	10
174	1.000000000000000e+00	10
175	1.000000000000000e+00	2
176	1.000000000000000e+00	6
177	1.000000000000000e+00	2
178	1.000000000000000e+00	4
179	1.000000000000000e+00	10
180	1.000000000000000e+00	20
181	1.000000000000000e+00	12
182	1.000000000000000e+00	8
183	1.000000000000000e+00	22
184	1.000000000000000e+00	12
185	1.000000000000000e+00	2
186	1.000000000000000e+00	18
187	1.000000000000000e+00	4
188	1.000000000000000e+00	2
189	1.000000000000000e+00	2
190	1.000000000000000e+00	6
191	1.000000000000000e+00	16
192	1.000000000000000e+00	4
193	1.000000000000000e+00	16
194	1.000000000000000e+00	2
195	1.000000000000000e+00	6
196	1.000000000000000e+00	6
197	1.000000000000000e+00	8
198	1.000000000000000e+00	14
199	1.000000000000000e+00	22
200	1.000000000000000e+00	2
201	1.000000000000000e+00	2
202	1.000000000000000e+00	2
203	1.000000000000000e+00	4
204	1.000000000000000e+00	6
205	1.000000000000000e+00	32
206	1.000000000000000e+00	2
207	1.000000000000000e+00	2
208	1.000000000000000e+00	10
209	1.000000000000000e+00	4
210	1.000000000000000e+00	10
211	1.000000000000000e+00	14
212	1.000000000000000e+00	12
213	1.000000000000000e+00	18
214	1.000000000000000e+00	44
215	1.000000000000000e+00	10
216	1.000000000000000e+00	34
217	1.000000000000000e+00	20
218	1.000000000000000e+00	10
219	1.000000000000000e+00	30
220	1.000000000000000e+00	24
221	1.000000000000000e+00	4
222	1.000000000000000e+00	16
223	1.000000000000000e+00	4
224	1.000000000000000e+00	2
225	1.000000000000000e+00	6
226	1.000000000000000e+00	26
227	1.000000000000000e+00	34
228	1.000000000000000e+00	18
229	1.000000000000000e+00	2
230	1.000000000000000e+00	12
231	1.000000000000000e+00	14
232	1.000000000000000e+00	34
233	1.000000000000000e+00	12
234	1.000000000000000e+00	8
235	1.000000000000000e+00	40
236	1.000000000000000e+00	18
237	1.000000000000000e+00	14
238	1.000000000000000e+00	24
239	1.000000000000000e+00	6
240	1.000000000000000e+00	20
241	1.000000000000000e+00	8
242	1.000000000000000e+00	36
243	1.000000000000000e+00	4
244	1.000000000000000e+00	12
245	1.000000000000000e+00	4
246	1.000000000000000e+00	6
247	1.000000000000000e+00	54
248	1.000000000000000e+00	2
249	1.000000000000000e+00	6
250	1.000000000000000e+00	22
251	1.000000000000000e+00	6
252	1.000000000000000e+00	28
253	1.000000000000000e+00	10
254	1.000000000000000e+00	8
255	1.000000000000000e+00	16
256	1.000000000000000e+00	10
257	1.000000000000000e+00	4
258	1.000000000000000e+00	18
259	1.000000000000000e+00	8
260	1.000000000000000e+00	4
261	1.000000000000000e+00	28
262	1.000000000000000e+00	26
263	1.000000000000000e+00	26
264	1.000000000000000e+00	2
265	1.000000000000000e+00	2
266	1.000000000000000e+00	20
267	1.000000000000000e+00	2
268	1.000000000000000e+00	6
269	1.000000000000000e+00	8
270	1.000000000000000e+00	28
271	1.000000000000000e+00	18
272	1.000000000000000e+00	2
273	1.000000000000000e+00	4
274	1.000000000000000e+00	18
275	1.000000000000000e+00	4
276	1.000000000000000e+00	36
277	1.000000000000000e+00	10
278	1.000000000000000e+00	4
279	1.000000000000000e+00	4
280	1.000000000000000e+00	16
281	1.000000000000000e+00	18
282	1.000000000000000e+00	16
283	1.000000000000000e+00	4
284	1.000000000000000e+00	8
285	1.000000000000000e+00	8
286	1.000000000000000e+00	34
287	1.000000000000000e+00	20
288	1.000000000000000e+00	2
289	1.000000000000000e+00	16
290	1.000000000000000e+00	42
291	1.000000000000000e+00	18
292	1.000000000000000e+00	16
293	1.000000000000000e+00	18
294	1.000000000000000e+00	6
295	1.000000000000000e+00	12
296	1.000000000000000e+00	32
297	1.000000000000000e+00	16
298	1.000000000000000e+00	30
299	1.000000000000000e+00	14
300	1.000000000000000e+00	10
301	1.000000000000000e+00	8
302	1.000000000000000e+00	4
303	1.000000000000000e+00	8
304	1.000000000000000e+00	2
305	1.000000000000000e+00	6
306	1.000000000000000e+00	16
307	1.000000000000000e+00	12
308	1.000000000000000e+00	22
309	1.000000000000000e+00	16
310	1.000000000000000e+00	6
311	1.000000000000000e+00	4
312	1.000000000000000e+00	14
313	1.000000000000000e+00	2
314	1.000000000000000e+00	6
315	1.000000000000000e+00	2
316	1.000000000000000e+00	10
317	1.000000000000000e+00	32
318	1.000000000000000e+00	18
319	1.000000000000000e+00	16
320	1.000000000000000e+00	18
321	1.000000000000000e+00	10
322	1.000000000000000e+00	16
323	1.000000000000000e+00	44
324	1.000000000000000e+00	10
325	1.000000000000000e+00	8
326	1.000000000000000e+00	36
327	1.000000000000000e+00	20
328	1.000000000000000e+00	4
329	1.000000000000000e+00	12
330	1.000000000000000e+00	4
331	1.000000000000000e+00	10
332	1.000000000000000e+00	14
333	1.000000000000000e+00	6
334	1.000000000000000e+00	18
335	1.000000000000000e+00	10
336	1.000000000000000e+00	14
337	1.000000000000000e+00	16
338	1.000000000000000e+00	4
339	1.000000000000000e+00	8
340	1.000000000000000e+00	12
341	1.000000000000000e+00	4
342	1.000000000000000e+00	4
343	1.000000000000000e+00	18
344	1.000000000000000e+00	4
345	1.000000000000000e+00	4
346	1.000000000000000e+00	72
347	1.000000000000000e+00	2
348	1.000000000000000e+00	32
349	1.000000000000000e+00	16
350	1.000000000000000e+00	12
351	1.000000000000000e+00	14
352	1.000000000000000e+00	10
353	1.000000000000000e+00	22
354	1.000000000000000e+00	6
355	1.000000000000000e+00	8
356	1.000000000000000e+00	10
357	1.000000000000000e+00	6
358	1.000000000000000e+00	20
359	1.000000000000000e+00	18
360	1.000000000000000e+00	18
361	1.000000000000000e+00	8
362	1.000000000000000e+00	6
363	1.000000000000000e+00	18
364	1.000000000000000e+00	14
365	1.000000000000000e+00	46
366	1.000000000000000e+00	4
367	1.000000000000000e+00	8
368	1.000000000000000e+00	2
369	1.000000000000000e+00	4
370	1.000000000000000e+00	24
371	1.000000000000000e+00	42
372	1.000000000000000e+00	64
373	1.000000000000000e+00	6
374	1.000000000000000e+00	8
375	1.000000000000000e+00	14
376	1.000000000000000e+00	20
377	1.000000000000000e+00	16
378	1.000000000000000e+00	6
379	1.000000000000000e+00	4
380	1.000000000000000e+00	6
381	1.000000000000000e+00	18
382	1.000000000000000e+00	2
383	1.000000000000000e+00	34
384	1.000000000000000e+00	8
385	1.000000000000000e+00	22
386	1.000000000000000e+00	16
387	1.000000000000000e+00	12
388	1.000000000000000e+00	4
389	1.000000000000000e+00	18
390	1.000000000000000e+00	14
391	1.000000000000000e+00	24
392	1.000000000000000e+00	4
393	1.000000000000000e+00	22
394	1.000000000000000e+00	4
395	1.000000000000000e+00	2
396	1.000000000000000e+00	24
397	1.000000000000000e+00	12
398	1.000000000000000e+00	24
399	1.000000000000000e+00	6
400	1.000000000000000e+00	4
401	1.000000000000000e+00	8
402	1.000000000000000e+00	8
403	1.000000000000000e+00	10
404	1.000000000000000e+00	18
405	1.000000000000000e+00	36
406	1.000000000000000e+00	18
407	1.000000000000000e+00	10
408	1.000000000000000e+00	10
409	1.000000000000000e+00	14
410	1.000000000000000e+00	12
411	1.000000000000000e+00	4
412	1.000000000000000e+00	6
413	1.000000000000000e+00	6
414	1.000000000000000e+00	4
415	1.000000000000000e+00	14
416	1.000000000000000e+00	2
417	1.000000000000000e+00	18
418	1.000000000000000e+00	2
419	1.000000000000000e+00	30
420	1.000000000000000e+00	22
421	1.000000000000000e+00	20
422	1.000000000000000e+00	14
423	1.000000000000000e+00	30
424	1.000000000000000e+00	10
425	1.000000000000000e+00	24
426	1.000000000000000e+00	4
427	1.000000000000000e+00	14
428	1.000000000000000e+00	16
429	1.000000000000000e+00	34
430	1.000000000000000e+00	8
431	1.000000000000000e+00	12
432	1.000000000000000e+00	32
433	1.000000000000000e+00	10
434	1.000000000000000e+00	2
435	1.000000000000000e+00	24
436	1.000000000000000e+00	20
437	1.000000000000000e+00	2
438	1.000000000000000e+00	6
439	1.000000000000000e+00	16
440	1.000000000000000e+00	8
441	1.000000000000000e+00	24
442	1.000000000000000e+00	2
443	1.000000000000000e+00	8
444	1.000000000000000e+00	6
445	1.000000000000000e+00	6
446	1.000000000000000e+00	2
447	1.000000000000000e+00	16
448	1.000000000000000e+00	10
449	1.000000000000000e+00	2
450	1.000000000000000e+00	12
451	1.000000000000000e+00	36
452	1.000000000000000e+00	14
453	1.000000000000000e+00	20
454	1.000000000000000e+00	2
455	1.000000000000000e+00	10
456	1.000000000000000e+00	12
457	1.000000000000000e+00	8
458	1.000000000000000e+00	6
459	1.000000000000000e+00	16
460	1.000000000000000e+00	34
461	1.000000000000000e+00	24
462	1.000000000000000e+00	2
463	1.000000000000000e+00	6
464	1.000000000000000e+00	10
465	1.000000000000000e+00	8
466	1.000000000000000e+00	14
467	1.000000000000000e+00	16
468	1.000000000000000e+00	4
469	1.000000000000000e+00	8
470	1.000000000000000e+00	26
471	1.000000000000000e+00	6
472	1.000000000000000e+00	16
473	1.000000000000000e+00	8
474	1.000000000000000e+00	2
475	1.000000000000000e+00	6
476	1.000000000000000e+00	2
477	1.000000000000000e+00	6
478	1.000000000000000e+00	6
479	1.000000000000000e+00	2
480	1.000000000000000e+00	14
481	1.000000000000000e+00	16
482	1.000000000000000e+00	18
483	1.000000000000000e+00	34
484	1.000000000000000e+00	20
485	1.000000000000000e+00	16
486	1.000000000000000e+00	2
487	1.000000000000000e+00	12
488	1.000000000000000e+00	6
489	1.000000000000000e+00	16
490	1.000000000000000e+00	4
491	9.500018254299673e-01	292
492	8.999974134966128e-01	310
493	8.500010386005291e-01	318
494	8.000100847933659e-01	244
495	7.499998774574472e-01	258
496	7.000058201502924e-01	248
497	6.499990957300623e-01	260
498	5.999992787909439e-01	258
499	5.500010066737313e-01	268
500	5.000104794863004e-01	294
501	5.500223447583616e-01	266
502	6.000226132649906e-01	228
503	6.500366386460076e-01	240
504	7.000486758298234e-01	306
505	7.500481170888571e-01	228
506	8.000357456475563e-01	244
507	8.500465724716832e-01	290
508	9.000410380993973e-01	290
509	9.500436200588891e-01	324
510	9.000251067103400e-01	294
511	8.500131717276651e-01	278
512	8.000226328833072e-01	292
513	7.500214571054042e-01	266
514	8.000325761528422e-01	252
515	8.500213603243905e-01	268
516	9.000280644863835e-01	162
517	9.500453793428769e-01	282
518	1.000000000000000e+00	1000
519	1.000000000000000e+00	40
520	1.000000000000000e+00	44
521	1.000000000000000e+00	8
522	1.000000000000000e+00	8
523	1.000000000000000e+00	10
524	1.000000000000000e+00	6
525	1.000000000000000e+00	8
526	1.000000000000000e+00	16
527	1.000000000000000e+00	12
528	1.000000000000000e+00	22
529	1.000000000000000e+00	14
530	1.000000000000000e+00	12
531	1.000000000000000e+00	4
532	1.000000000000000e+00	14
533	1.000000000000000e+00	12
534	1.000000000000000e+00	4
535	1.000000000000000e+00	12
536	1.000000000000000e+00	4
537	1.000000000000000e+00	10
538	1.000000000000000e+00	6
539	1.000000000000000e+00	22
540	1.000000000000000e+00	8
541	1.000000000000000e+00	20
542	1.000000000000000e+00	2
543	1.000000000000000e+00	4
544	1.000000000000000e+00	8
545	1.000000000000000e+00	12
546	1.000000000000000e+00	2
547	1.000000000000000e+00	4
548	1.000000000000000e+00	10
549	1.000000000000000e+00	14
550	1.000000000000000e+00	2
551	1.000000000000000e+00	30
552	1.000000000000000e+00	28
553	1.000000000000000e+00	16
554	1.000000000000000e+00	12
555	1.000000000000000e+00	10
556	1.000000000000000e+00	12
557	1.000000000000000e+00	14
558	1.000000000000000e+00	22
559	1.000000000000000e+00	6
560	1.000000000000000e+00	18
561	1.000000000000000e+00	4
562	1.000000000000000e+00	6
563	1.000000000000000e+00	14
564	1.000000000000000e+00	18
565	1.000000000000000e+00	14
566	1.000000000000000e+00	6
567	1.000000000000000e+00	16
568	1.000000000000000e+00	10
569	1.000000000000000e+00	6
570	1.000000000000000e+00	2
571	1.000000000000000e+00	10
572	1.000000000000000e+00	22
573	1.000000000000000e+00	2
574	1.000000000000000e+00	36
575	1.000000000000000e+00	8
576	1.000000000000000e+00	6
577	1.000000000000000e+00	10
578	1.000000000000000e+00	20
579	1.000000000000000e+00	12
580	1.000000000000000e+00	8
581	1.000000000000000e+00	6
582	1.000000000000000e+00	10
583	1.000000000000000e+00	10
584	1.000000000000000e+00	10
585	1.000000000000000e+00	10
586	1.000000000000000e+00	22
587	1.000000000000000e+00	2
588	1.000000000000000e+00	18
589	1.000000000000000e+00	12
590	1.000000000000000e+00	2
591	1.000000000000000e+00	46
592	1.000000000000000e+00	8
593	1.000000000000000e+00	2
594	1.000000000000000e+00	12
595	1.000000000000000e+00	20
596	1.000000000000000e+00	6
597	1.000000000000000e+00	18
598	1.000000000000000e+00	4
599	1.000000000000000e+00	14
600	1.000000000000000e+00	6
601	1.000000000000000e+00	16
602	1.000000000000000e+00	14
603	1.000000000000000e+00	4
604	1.000000000000000e+00	6
605	1.000000000000000e+00	14
606	1.000000000000000e+00	2
607	1.000000000000000e+00	18
608	1.000000000000000e+00	8
609	1.000000000000000e+00	2
610	1.000000000000000e+00	20
611	1.000000000000000e+00	10
612	1.000000000000000e+00	4
613	1.000000000000000e+00	10
614	1.000000000000000e+00	2
615	1.000000000000000e+00	2
616	1.000000000000000e+00	12
617	1.000000000000000e+00	26
618	1.000000000000000e+00	10
619	1.000000000000000e+00	12
620	1.000000000000000e+00	10
621	1.000000000000000e+00	14
622	1.000000000000000e+00	2
623	1.000000000000000e+00	2
624	1.000000000000000e+00	12
625	1.000000000000000e+00	24
626	1.000000000000000e+00	4
627	1.000000000000000e+00	6
628	1.000000000000000e+00	8
629	1.000000000000000e+00	18
630	1.000000000000000e+00	10
631	1.000000000000000e+00	2
632	1.000000000000000e+00	20
633	1.000000000000000e+00	24
634	1.000000000000000e+00	4
635	1.000000000000000e+00	2
636	1.000000000000000e+00	8
637	1.000000000000000e+00	8
638	1.000000000000000e+00	6
639	1.000000000000000e+00	6
640	1.000000000000000e+00	10
641	1.000000000000000e+00	6
642	1.000000000000000e+00	12
643	1.000000000000000e+00	18
644	1.000000000000000e+00	2
645	1.000000000000000e+00	2
646	1.000000000000000e+00	2
647	1.000000000000000e+00	8
648	1.000000000000000e+00	2
649	1.000000000000000e+00	10
650	1.000000000000000e+00	2
651	1.000000000000000e+00	16
652	1.000000000000000e+00	4
653	1.000000000000000e+00	8
654	1.000000000000000e+00	20
655	1.000000000000000e+00	22
656	1.000000000000000e+00	36
657	1.000000000000000e+00	12
658	1.000000000000000e+00	6
659	1.000000000000000e+00	2
660	1.000000000000000e+00	14
661	1.000000000000000e+00	2
662	1.000000000000000e+00	22
663	1.000000000000000e+00	2
664	1.000000000000000e+00	48
665	1.000000000000000e+00	6
666	1.000000000000000e+00	32
667	1.000000000000000e+00	26
668	1.000000000000000e+00	2
669	1.000000000000000e+00	26
670	1.000000000000000e+00	2
671	1.000000000000000e+00	14
672	1.000000000000000e+00	12
673	1.000000000000000e+00	18
674	1.000000000000000e+00	42
675	1.000000000000000e+00	8
676	1.000000000000000e+00	18
677	1.000000000000000e+00	4
678	1.000000000000000e+00	36
679	1.000000000000000e+00	16
680	1.000000000000000e+00	8
681	1.000000000000000e+00	22
682	1.000000000000000e+00	32
683	1.000000000000000e+00	44
684	1.000000000000000e+00	8
685	1.000000000000000e+00	4
686	1.000000000000000e+00	6
687	1.000000000000000e+00	20
688	1.000000000000000e+00	14
689	1.000000000000000e+00	20
690	1.000000000000000e+00	10
691	1.000000000000000e+00	26
692	1.000000000000000e+00	14
693	1.000000000000000e+00	2
694	1.000000000000000e+00	4
695	1.000000000000000e+00	32
696	1.000000000000000e+00	14
697	1.000000000000000e+00	28
698	1.000000000000000e+00	6
699	1.000000000000000e+00	20
700	1.000000000000000e+00	14
701	1.000000000000000e+00	8
702	1.000000000000000e+00	2
703	1.000000000000000e+00	18
704	1.000000000000000e+00	6
705	1.000000000000000e+00	4
706	1.000000000000000e+00	4
707	1.000000000000000e+00	2
708	1.000000000000000e+00	22
709	1.000000000000000e+00	8
710	1.000000000000000e+00	2
711	1.000000000000000e+00	10
712	1.000000000000000e+00	22
713	1.000000000000000e+00	12
714	1.000000000000000e+00	2
715	1.000000000000000e+00	20
716	1.000000000000000e+00	30
717	1.000000000000000e+00	12
718	1.000000000000000e+00	4
719	1.000000000000000e+00	2
720	1.000000000000000e+00	4
721	1.000000000000000e+00	16
722	1.000000000000000e+00	10
723	1.000000000000000e+00	10
724	1.000000000000000e+00	28
725	1.000000000000000e+00	8
726	1.000000000000000e+00	10
727	1.000000000000000e+00	14
728	1.000000000000000e+00	8
729	1.000000000000000e+00	24
730	1.000000000000000e+00	6
731	1.000000000000000e+00	14
732	1.000000000000000e+00	16
733	1.000000000000000e+00	42
734	1.000000000000000e+00	6
735	1.000000000000000e+00	16
736	1.000000000000000e+00	18
737	1.000000000000000e+00	6
738	1.000000000000000e+00	8
739	1.000000000000000e+00	6
740	1.000000000000000e+00	2
741	1.000000000000000e+00	20
742	1.000000000000000e+00	18
743	1.000000000000000e+00	48
744	1.000000000000000e+00	6
745	1.000000000000000e+00	2
746	1.000000000000000e+00	28
747	1.000000000000000e+00	8
748	1.000000000000000e+00	14
749	1.000000000000000e+00	10
750	1.000000000000000e+00	16
751	1.000000000000000e+00	16
752	1.000000000000000e+00	2
753	1.000000000000000e+00	4
754	1.000000000000000e+00	20
755	1.000000000000000e+00	16
756	1.000000000000000e+00	6
757	1.000000000000000e+00	4
758	1.000000000000000e+00	12
759	1.000000000000000e+00	14
760	1.000000000000000e+00	12
761	1.000000000000000e+00	14
762	1.000000000000000e+00	16
763	1.000000000000000e+00	6
764	1.000000000000000e+00	4
765	1.000000000000000e+00	4
766	1.000000000000000e+00	8
767	1.000000000000000e+00	2
768	1.000000000000000e+00	6
769	1.000000000000000e+00	22
770	1.000000000000000e+00	10
771	1.000000000000000e+00	36
772	1.000000000000000e+00	4
773	1.000000000000000e+00	2
774	1.000000000000000e+00	12
775	1.000000000000000e+00	10
776	1.000000000000000e+00	6
777	1.000000000000000e+00	14
778	1.000000000000000e+00	8
779	1.000000000000000e+00	6
780	1.000000000000000e+00	4
781	1.000000000000000e+00	2
782	1.000000000000000e+00	8
783	1.000000000000000e+00	36
784	1.000000000000000e+00	6
785	1.000000000000000e+00	36
786	1.000000000000000e+00	26
787	1.000000000000000e+00	2
788	1.000000000000000e+00	8
789	1.000000000000000e+00	2
790	1.000000000000000e+00	4
791	1.000000000000000e+00	10
792	1.000000000000000e+00	24
793	1.000000000000000e+00	4
794	1.000000000000000e+00	8
795	1.000000000000000e+00	2
796	1.000000000000000e+00	18
797	1.000000000000000e+00	8
798	1.000000000000000e+00	4
799	1.000000000000000e+00	4
800	1.000000000000000e+00	22
801	1.000000000000000e+00	18
802	1.000000000000000e+00	12
803	1.000000000000000e+00	8
804	1.000000000000000e+00	4
805	1.000000000000000e+00	2
806	1.000000000000000e+00	4
807	1.000000000000000e+00	4
808	1.000000000000000e+00	24
809	1.000000000000000e+00	2
810	1.000000000000000e+00	12
811	1.000000000000000e+00	16
812	1.000000000000000e+00	24
813	1.000000000000000e+00	6
814	1.000000000000000e+00	14
815	1.000000000000000e+00	4
816	1.000000000000000e+00	6
817	1.000000000000000e+00	24
818	1.000000000000000e+00	14
819	1.000000000000000e+00	16
820	1.000000000000000e+00	8
821	1.000000000000000e+00	22
822	1.000000000000000e+00	44
823	1.000000000000000e+00	8
824	1.000000000000000e+00	26
825	1.000000000000000e+00	2
826	1.000000000000000e+00	28
827	1.000000000000000e+00	8
828	1.000000000000000e+00	6
829	1.000000000000000e+00	6
830	1.000000000000000e+00	28
831	1.000000000000000e+00	6
832	1.000000000000000e+00	10
833	1.000000000000000e+00	16
834	1.000000000000000e+00	18
835	1.000000000000000e+00	12
836	1.000000000000000e+00	14
837	1.000000000000000e+00	30
838	1.000000000000000e+00	24
839	1.000000000000000e+00	20
840	1.000000000000000e+00	12
841	1.000000000000000e+00	2
842	1.000000000000000e+00	32
843	1.000000000000000e+00	4
844	1.000000000000000e+00	8
845	1.000000000000000e+00	10
846	1.000000000000000e+00	24
847	1.000000000000000e+00	22
848	1.000000000000000e+00	4
849	1.000000000000000e+00	22
850	1.000000000000000e+00	6
851	1.000000000000000e+00	14
852	1.000000000000000e+00	18
853	1.000000000000000e+00	2
854	1.000000000000000e+00	24
855	1.000000000000000e+00	36
856	1.000000000000000e+00	18
857	1.000000000000000e+00	8
858	1.000000000000000e+00	8
859	1.000000000000000e+00	18
860	1.000000000000000e+00	34
861	1.000000000000000e+00	4
862	1.000000000000000e+00	4
863	1.000000000000000e+00	12
864	1.000000000000000e+00	2
865	1.000000000000000e+00	12
866	1.000000000000000e+00	4
867	1.000000000000000e+00	10
868	1.000000000000000e+00	6
869	1.000000000000000e+00	4
870	1.000000000000000e+00	12
871	1.000000000000000e+00	24
872	1.000000000000000e+00	10
873	1.000000000000000e+00	4
874	1.000000000000000e+00	10
875	1.000000000000000e+00	14
876	1.000000000000000e+00	18
877	1.000000000000000e+00	8
878	1.000000000000000e+00	12
879	1.000000000000000e+00	4
880	1.000000000000000e+00	36
881	1.000000000000000e+00	8
882	1.000000000000000e+00	8
883	1.000000000000000e+00	12
884	1.000000000000000e+00	22
885	1.000000000000000e+00	4
886	1.000000000000000e+00	4
887	1.000000000000000e+00	10
888	1.000000000000000e+00	2
889	1.000000000000000e+00	32
890	1.000000000000000e+00	26
891	1.000000000000000e+00	2
892	1.000000000000000e+00	18
893	1.000000000000000e+00	2
894	1.000000000000000e+00	12
895	1.000000000000000e+00	34
896	1.000000000000000e+00	8
897	1.000000000000000e+00	2
898	1.000000000000000e+00	14
899	1.000000000000000e+00	2
900	1.000000000000000e+00	22
901	1.000000000000000e+00	12
902	1.000000000000000e+00	12
903	1.000000000000000e+00	34
904	1.000000000000000e+00	22
905	1.000000000000000e+00	40
906	1.000000000000000e+00	26
907	1.000000000000000e+00	26
908	1.000000000000000e+00	2
909	1.000000000000000e+00	10
910	1.000000000000000e+00	6
911	1.000000000000000e+00	6
912	1.000000000000000e+00	10
913	1.000000000000000e+00	6
914	1.000000000000000e+00	12
915	1.000000000000000e+00	6
916	1.000000000000000e+00	20
917	1.000000000000000e+00	20
918	1.000000000000000e+00	8
919	1.000000000000000e+00	20
920	1.000000000000000e+00	30
921	1.000000000000000e+00	20
922	1.000000000000000e+00	4
923	1.000000000000000e+00	4
924	1.000000000000000e+00	12
925	1.000000000000000e+00	24
926	1.000000000000000e+00	12
927	1.000000000000000e+00	14
928	1.000000000000000e+00	8
929	1.000000000000000e+00	10
930	1.000000000000000e+00	12
931	1.000000000000000e+00	10
932	1.000000000000000e+00	2
933	1.000000000000000e+00	14
934	1.000000000000000e+00	4
935	1.000000000000000e+00	4
936	1.000000000000000e+00	12
937	1.000000000000000e+00	2
938	1.000000000000000e+00	34
939	1.000000000000000e+00	28
940	1.000000000000000e+00	10
941	1.000000000000000e+00	8
942	1.000000000000000e+00	6
943	1.000000000000000e+00	8
944	1.000000000000000e+00	8
945	1.000000000000000e+00	14
946	1.000000000000000e+00	6
947	1.000000000000000e+00	18
948	1.000000000000000e+00	2
949	1.000000000000000e+00	16
950	1.000000000000000e+00	8
951	1.000000000000000e+00	12
952	1.000000000000000e+00	16
953	1.000000000000000e+00	8
954	1.000000000000000e+00	8
955	1.000000000000000e+00	4
956	1.000000000000000e+00	10
957	1.000000000000000e+00	10
958	1.000000000000000e+00	14
959	1.000000000000000e+00	30
960	1.000000000000000e+00	4
961	1.000000000000000e+00	12
962	1.000000000000000e+00	6
963	1.000000000000000e+00	10
964	1.000000000000000e+00	12
965	1.000000000000000e+00	2
966	1.000000000000000e+00	8
967	1.000000000000000e+00	12
968	1.000000000000000e+00	14
969	1.000000000000000e+00	14
970	1.000000000000000e+00	2
971	1.000000000000000e+00	22
972	1.000000000000000e+00	6
973	1.000000000000000e+00	16
974	1.000000000000000e+00	2
975	1.000000000000000e+00	4
976	1.000000000000000e+00	26
977	1.000000000000000e+00	6
978	1.000000000000000e+00	4
979	1.000000000000000e+00	12
980	1.000000000000000e+00	14
981	1.000000000000000e+00	12
982	1.000000000000000e+00	42
983	1.000000000000000e+00	2
984	1.000000000000000e+00	22
985	1.000000000000000e+00	16
986	1.000000000000000e+00	10
987	1.000000000000000e+00	12
988	1.000000000000000e+00	26
989	1.000000000000000e+00	22
990	1.000000000000000e+00	14
991	1.000000000000000e+00	8
992	1.000000000000000e+00	4
993	1.000000000000000e+00	4
994	1.000000000000000e+00	50
995	1.000000000000000e+00	28
996	1.000000000000000e+00	10
997	1.000000000000000e+00	6
998	1.000000000000000e+00	2
999	1.000000000000000e+00	34
1000	1.000000000000000e+00	12


Tempo gasto: 7.019969
